obj0,obj1,obj2,obj3,obj4,cpu
21047,12512,9021,15733,15880,0
19931,12183,8271,14039,16084,0
17574,10432,10552,16887,13507,0
16458,10103,9802,15193,13711,0
16824,13902,10019,15016,15728,0
24186,19946,12512,11732,14048,0
18457,16203,13193,13038,10905,0
18189,10031,11585,15463,13915,0
17073,9702,10835,13769,14119,0
17812,9859,12072,17913,13630,0
16696,9530,11322,16219,13834,0
18535,16974,13481,11840,13625,0
20452,17659,15948,11842,12961,0
17008,15950,10681,13378,12172,0
17246,15377,12201,14404,12295,0
20444,11572,10873,13015,13611,0
18990,10387,13302,13771,13455,0
15396,11434,15594,19359,13228,0
17907,10356,12314,14853,12444,0
18613,10215,13789,16221,13170,0
14646,14904,15061,17488,15449,0
18684,15242,13237,12147,15646,0
24335,18214,12268,12039,16069,0
20601,15927,15704,12149,14982,0
14830,16952,15723,15850,11893,0
21560,11901,11623,14709,13407,0
18167,13336,11809,12794,11993,0
20084,14021,14276,12796,11329,0
21174,14085,9001,13371,15979,0
21687,13474,11603,12347,13506,0
18316,11604,11565,13101,14014,0
20233,12289,14032,13103,13350,0
19023,10685,13064,16547,12240,0
17790,13164,12296,15244,11708,0
17701,12005,10532,14525,13606,0
19150,12258,13044,14185,12339,0
17157,14218,10437,13685,14193,0
14979,15220,15479,16157,13914,0
17666,17281,16886,15472,11291,0
21025,15817,9245,13064,13958,0
21538,15206,11847,12040,11485,0
16646,14374,16212,15248,12029,0
15552,10740,15238,16223,14155,0
17552,13737,10776,14218,11585,0
19001,13990,13288,13878,10318,0
15374,14739,15818,16690,11306,0
18210,15068,16981,16312,10704,0
16291,10897,16475,20367,13666,0
16269,14202,16699,17698,11744,0
14280,11105,14844,17665,13432,0
15523,13007,15574,16997,13327,0
17116,11434,16007,17287,12830,0
15175,10568,15725,18673,13870,0
15449,14948,14280,17466,15834,0
15522,14952,14209,17464,15869,0
16655,17052,13948,15800,12768,0
16728,17056,13877,15798,12803,0
18665,16395,13173,13190,11173,0
18717,16443,13168,13228,11240,0
19543,14184,11345,13370,12921,0
19715,14290,11287,13442,13037,0
22363,14098,11538,12841,14377,0
22415,14146,11533,12879,14444,0
18621,10656,10313,14417,15163,0
18793,10762,10255,14489,15279,0
19127,10781,13054,16623,12374,0
19179,10829,13049,16661,12441,0
19677,14614,13223,14372,11189,0
19729,14662,13218,14410,11256,0
15520,14747,15676,16686,11376,0
15593,14751,15605,16684,11411,0
18794,15100,16413,16296,10984,0
18867,15104,16342,16294,11019,0
18134,13376,12180,15388,11940,0
16178,11209,12998,17613,14342,0
16251,11213,12927,17611,14377,0
18115,10548,12294,15005,12712,0
18167,10596,12289,15043,12779,0
17627,11462,15510,17273,13075,0
17700,11466,15439,17271,13110,0
19410,12498,13019,14375,12674,0
19462,12546,13014,14413,12741,0
18665,10263,13784,16259,13237,0
15376,14944,14351,17468,15799,0
16325,14996,13428,17442,16254,0
16398,15000,13357,17440,16289,0
16582,17048,14019,15802,12733,0
15636,15256,14840,16139,14229,0
15709,15260,14769,16137,14264,0
18561,16299,13183,13114,11039,0
18613,16347,13178,13152,11106,0
19185,16875,13123,13570,11843,0
19237,16923,13118,13608,11910,0
21798,15446,11822,12230,11820,0
21850,15494,11817,12268,11887,0
18511,13548,11693,12938,12225,0
18683,13654,11635,13010,12341,0
20188,14117,14266,12872,11463,0
21843,13618,11588,12461,13707,0
21895,13666,11583,12499,13774,0
17933,10232,10545,14129,14699,0
18105,10338,10487,14201,14815,0
20685,11928,9617,15281,16555,0
20857,12034,9559,15353,16671,0
16136,10772,14670,16207,14435,0
16209,10776,14599,16205,14470,0
19075,10733,13059,16585,12307,0
19365,14326,13253,14144,10787,0
19417,14374,13248,14182,10854,0
19885,14806,13203,14524,11457,0
19937,14854,13198,14562,11524,0
15447,14743,15747,16688,11341,0
16469,14799,14753,16660,11831,0
16542,14803,14682,16658,11866,0
18283,15072,16910,16310,10739,0
18356,15076,16839,16308,10774,0
17962,13270,12238,15316,11824,0
16707,14226,16273,17686,11954,0
16780,14230,16202,17684,11989,0
15594,11177,13566,17629,14062,0
15667,11181,13495,17627,14097,0
15596,13011,15503,16995,13362,0
15669,13015,15432,16993,13397,0
18063,10500,12299,14967,12645,0
18583,10980,12249,15347,13315,0
18635,11028,12244,15385,13382,0
17189,11438,15936,17285,12865,0
17262,11442,15865,17283,12900,0
19202,12306,13039,14223,12406,0
19254,12354,13034,14261,12473,0
16868,9636,11264,16291,13950,0
15613,10592,15299,18661,14080,0
15686,10596,15228,18659,14115,0
14865,14916,14848,17482,15554,0
14938,14920,14777,17480,15589,0
16106,14984,13641,17448,16149,0
16179,14988,13570,17446,16184,0
18879,17186,13365,11984,13857,0
19051,17292,13307,12056,13973,0
18856,15348,13179,12219,15762,0
19028,15454,13121,12291,15878,0
16363,17036,14232,15808,12628,0
16436,17040,14161,15806,12663,0
16874,17064,13735,15794,12873,0
16947,17068,13664,15792,12908,0
15417,15244,15053,16145,14124,0
15490,15248,14982,16143,14159,0
16147,15284,14343,16125,14474,0
16220,15288,14272,16123,14509,0
18509,16251,13188,13076,10972,0
18873,16587,13153,13342,11441,0
18925,16635,13148,13380,11508,0
21590,15254,11842,12078,11552,0
21642,15302,11837,12116,11619,0
22578,16166,11747,12800,12825,0
22630,16214,11742,12838,12892,0
18339,13442,11751,12866,12109,0
19371,14078,11403,13298,12805,0
20136,14069,14271,12834,11396,0
20652,11764,10853,13167,13879,0
20704,11812,10848,13205,13946,0
21739,13522,11598,12385,13573,0
21791,13570,11593,12423,13640,0
22311,14050,11543,12803,14310,0
17417,9914,10719,13913,14351,0
17589,10020,10661,13985,14467,0
18277,10444,10429,14273,14931,0
18449,10550,10371,14345,15047,0
20169,11610,9791,15065,16207,0
20341,11716,9733,15137,16323,0
16063,10768,14741,16209,14400,0
18660,11816,11449,13245,14246,0
18832,11922,11391,13317,14362,0
19105,14086,13278,13954,10452,0
19157,14134,13273,13992,10519,0
19573,14518,13233,14296,11055,0
19625,14566,13228,14334,11122,0
19781,14710,13213,14448,11323,0
16396,14795,14824,16662,11796,0
16761,14815,14469,16652,11971,0
16834,14819,14398,16650,12006,0
18721,15096,16484,16298,10949,0
17984,9965,12014,17985,13746,0
16634,14222,16344,17688,11919,0
14937,11141,14205,17647,13747,0
15010,11145,14134,17645,13782,0
15959,11197,13211,17619,14237,0
16032,11201,13140,17617,14272,0
16253,13047,14864,16977,13677,0
16326,13051,14793,16975,13712,0
17959,10404,12309,14891,12511,0
18011,10452,12304,14929,12578,0
18375,10788,12269,15195,13047,0
18427,10836,12264,15233,13114,0
18791,11172,12229,15499,13583,0
18843,11220,12224,15537,13650,0
17554,11458,15581,17275,13040,0
17773,11470,15368,17269,13145,0
17846,11474,15297,17267,13180,0
19306,12402,13029,14299,12540,0
19514,12594,13009,14451,12808,0
15321,10576,15583,18669,13940,0
15394,10580,15512,18667,13975,0
15978,10612,14944,18651,14255,0
16051,10616,14873,18649,14290,0
14792,14912,14919,17484,15519,0
15084,14928,14635,17476,15659,0
15157,14932,14564,17474,15694,0
15814,14968,13925,17456,16009,0
15887,14972,13854,17454,16044,0
16252,14992,13499,17444,16219,0
18707,17080,13423,11912,13741,0
19911,17822,13017,12416,14553,0
20083,17928,12959,12488,14669,0
15852,17008,14729,15822,12383,0
15925,17012,14658,15820,12418,0
16509,17044,14090,15804,12698,0
16801,17060,13806,15796,12838,0
15344,15240,15124,16147,14089,0
15563,15252,14911,16141,14194,0
15855,15268,14627,16133,14334,0
15928,15272,14556,16131,14369,0
16293,15292,14201,16121,14544,0
17418,15483,12143,14476,12411,0
18821,16539,13158,13304,11374,0
19133,16827,13128,13532,11776,0
18177,17309,16389,15458,11536,0
18250,17313,16318,15456,11571,0
21746,15398,11827,12192,11753,0
22370,15974,11767,12648,12557,0
22422,16022,11762,12686,12624,0
22734,16310,11732,12914,13026,0
19199,13972,11461,13226,12689,0
19887,14396,11229,13514,13153,0
20496,11620,10868,13053,13678,0
20548,11668,10863,13091,13745,0
22259,14002,11548,12765,14243,0
22467,14194,11528,12917,14511,0
22519,14242,11523,12955,14578,0
17245,9808,10777,13841,14235,0
17761,10126,10603,14057,14583,0
19137,10974,10139,14633,15511,0
19309,11080,10081,14705,15627,0
20513,11822,9675,15209,16439,0
21029,12140,9501,15425,16787,0
15625,10744,15167,16221,14190,0
15698,10748,15096,16219,14225,0
18488,11710,11507,13173,14130,0
19176,12134,11275,13461,14594,0
19348,12240,11217,13533,14710,0
19094,10483,13292,13847,13589,0
19053,14038,13283,13916,10385,0
19313,14278,13258,14106,10720,0
19469,14422,13243,14220,10921,0
19521,14470,13238,14258,10988,0
19833,14758,13208,14486,11390,0
15542,11442,15452,19355,13298,0
15615,11446,15381,19353,13333,0
16323,14791,14895,16664,11761,0
16615,14807,14611,16656,11901,0
18429,15080,16768,16306,10809,0
18940,15108,16271,16292,11054,0
16415,14210,16557,17694,11814,0
16488,14214,16486,17692,11849,0
14864,11137,14276,17649,13712,0
15521,11173,13637,17631,14027,0
15740,11185,13424,17625,14132,0
16105,11205,13069,17615,14307,0
16397,11221,12785,17607,14447,0
15961,13031,15148,16985,13537,0
16034,13035,15077,16983,13572,0
18219,10644,12284,15081,12846,0
18479,10884,12259,15271,13181,0
18687,11076,12239,15423,13449,0
18739,11124,12234,15461,13516,0
17335,11446,15794,17281,12935,0
19358,12450,13024,14337,12607,0
17040,9742,11206,16363,14066,0
15248,10572,15654,18671,13905,0
15540,10588,15370,18663,14045,0
15905,10608,15015,18653,14220,0
16197,10624,14731,18645,14360,0
16270,10628,14660,18643,14395,0
14719,14908,14990,17486,15484,0
15011,14924,14706,17478,15624,0
15303,14940,14422,17470,15764,0
15595,14956,14138,17462,15904,0
15668,14960,14067,17460,15939,0
15960,14976,13783,17452,16079,0
16033,14980,13712,17450,16114,0
19223,17398,13249,12128,14089,0
19395,17504,13191,12200,14205,0
20599,18246,12785,12704,15017,0
20771,18352,12727,12776,15133,0
20060,16090,12773,12723,16574,0
24342,20090,12497,11846,14249,0
24394,20138,12492,11884,14316,0
20653,15975,15699,12187,15049,0
15049,16964,15510,15844,11998,0
15122,16968,15439,15842,12033,0
16071,17020,14516,15816,12488,0
16144,17024,14445,15814,12523,0
15125,15228,15337,16153,13984,0
15198,15232,15266,16151,14019,0
15782,15264,14698,16135,14299,0
16074,15280,14414,16127,14439,0
18769,16491,13163,13266,11307,0
19029,16731,13138,13456,11642,0
19081,16779,13133,13494,11709,0
19289,16971,13113,13646,11977,0
17739,17285,16815,15470,11326,0
21694,15350,11832,12154,11686,0
22110,15734,11792,12458,12222,0
22162,15782,11787,12496,12289,0
22474,16070,11757,12724,12691,0
22682,16262,11737,12876,12959,0
18855,13760,11577,13082,12457,0
20403,14714,11055,13730,13501,0
16719,14378,16141,15246,12064,0
20736,14359,14006,13004,11641,0
20856,14417,13953,13038,11690,0
20600,11716,10858,13129,13812,0
20912,12004,10828,13357,14214,0
20964,12052,10823,13395,14281,0
22207,13954,11553,12727,14176,0
18965,10868,10197,14561,15395,0
19997,11504,9849,14993,16091,0
15917,10760,14883,16213,14330,0
15990,10764,14812,16211,14365,0
19004,12028,11333,13389,14478,0
19864,12558,11043,13749,15058,0
19042,10435,13297,13809,13522,0
19209,14182,13268,14030,10586,0
19261,14230,13263,14068,10653,0
15469,11438,15523,19357,13263,0
15688,11450,15310,19351,13368,0
15761,11454,15239,19349,13403,0
16250,14787,14966,16666,11726,0
16688,14811,14540,16654,11936,0
18042,15420,17509,16632,10960,0
18021,15464,17575,16672,10992,0
18575,15088,16626,16302,10879,0
18648,15092,16555,16300,10914,0
18773,15144,16479,16336,11016,0
16342,14206,16628,17696,11779,0
16561,14218,16415,17690,11884,0
14572,11121,14560,17657,13572,0
14645,11125,14489,17655,13607,0
15448,11169,13708,17633,13992,0
15886,11193,13282,17621,14202,0
16324,11217,12856,17609,14412,0
15888,13027,15219,16987,13502,0
16107,13039,15006,16981,13607,0
16180,13043,14935,16979,13642,0
16399,13055,14722,16973,13747,0
18323,10740,12274,15157,12980,0
18531,10932,12254,15309,13248,0
16906,11874,16667,17687,13150,0
16885,11918,16733,17727,13182,0
17168,11482,16002,17325,12897,0
17408,11450,15723,17279,12970,0
17752,11514,15434,17309,13177,0
19566,12642,13004,14489,12875,0
15467,10584,15441,18665,14010,0
15832,10604,15086,18655,14185,0
16124,10620,14802,18647,14325,0
16416,10636,14518,18639,14465,0
18853,10331,13683,16289,13268,0
15230,14936,14493,17472,15729,0
15741,14964,13996,17458,15974,0
19567,17610,13133,12272,14321,0
19739,17716,13075,12344,14437,0
20255,18034,12901,12560,14785,0
20427,18140,12843,12632,14901,0
19544,15772,12947,12507,16226,0
19716,15878,12889,12579,16342,0
24238,19994,12507,11770,14115,0
20556,17755,15938,11918,13095,0
20705,16023,15694,12225,15116,0
14976,16960,15581,15846,11963,0
15414,16984,15155,15834,12173,0
15487,16988,15084,15832,12208,0
15998,17016,14587,15818,12453,0
16217,17028,14374,15812,12558,0
15052,15224,15408,16155,13949,0
15271,15236,15195,16149,14054,0
16001,15276,14485,16129,14404,0
18977,16683,13143,13418,11575,0
18104,17305,16460,15460,11501,0
21664,11997,11613,14785,13541,0
21954,15590,11807,12344,12021,0
22006,15638,11802,12382,12088,0
22214,15830,11782,12534,12356,0
22526,16118,11752,12762,12758,0
19027,13866,11519,13154,12573,0
20059,14502,11171,13586,13269,0
17376,14414,15502,15228,12379,0
17449,14418,15431,15226,12414,0
20496,14243,14112,12936,11543,0
20616,14301,14059,12970,11592,0
20756,11860,10843,13243,14013,0
21380,12436,10783,13699,14817,0
21432,12484,10778,13737,14884,0
22051,13810,11568,12613,13975,0
22103,13858,11563,12651,14042,0
22571,14290,11518,12993,14645,0
19481,11186,10023,14777,15743,0
19653,11292,9965,14849,15859,0
15771,10752,15025,16217,14260,0
16355,10784,14457,16201,14540,0
16428,10788,14386,16199,14575,0
19520,12346,11159,13605,14826,0
19692,12452,11101,13677,14942,0
15812,14763,15392,16678,11516,0
15885,14767,15321,16676,11551,0
18063,15376,17443,16592,10928,0
17853,15816,18103,16992,11248,0
17832,15860,18169,17032,11280,0
18262,15116,16976,16350,10771,0
18502,15084,16697,16304,10844,0
14426,11113,14702,17661,13502,0
14499,11117,14631,17659,13537,0
14791,11133,14347,17651,13677,0
15375,11165,13779,17635,13957,0
15813,11189,13353,17623,14167,0
15742,13019,15361,16991,13432,0
15815,13023,15290,16989,13467,0
18271,10692,12279,15119,12913,0
17011,11654,16337,17487,12990,0
16990,11698,16403,17527,13022,0
16801,12094,16997,17887,13310,0
16780,12138,17063,17927,13342,0
17481,11454,15652,17277,13005,0
17606,11506,15576,17313,13107,0
16936,9905,11787,16189,14109,0
16984,9980,11880,16183,14164,0
15759,10600,15157,18657,14150,0
16343,10632,14589,18641,14430,0
18733,10273,13736,16255,13219,0
19372,15666,13005,12435,16110,0
19888,15984,12831,12651,16458,0
24290,20042,12502,11808,14182,0
20504,17707,15943,11880,13028,0
14903,16956,15652,15848,11928,0
15268,16976,15297,15838,12103,0
15341,16980,15226,15836,12138,0
15706,17000,14871,15826,12313,0
15779,17004,14800,15824,12348,0
16290,17032,14303,15810,12593,0
17645,17325,16952,15512,11323,0
17624,17369,17018,15552,11355,0
17812,17289,16744,15468,11361,0
21612,11949,11618,14747,13474,0
21902,15542,11812,12306,11954,0
22058,15686,11797,12420,12155,0
22266,15878,11777,12572,12423,0
20231,14608,11113,13658,13385,0
16792,14382,16070,15244,12099,0
16865,14386,15999,15242,12134,0
20684,14311,14011,12966,11574,0
20804,14369,13958,13000,11623,0
20376,14185,14165,12902,11494,0
20908,14465,13948,13076,11757,0
21028,14523,13895,13110,11806,0
21229,14024,9023,13458,16058,0
20808,11908,10838,13281,14080,0
21172,12244,10803,13547,14549,0
21224,12292,10798,13585,14616,0
21484,12532,10773,13775,14951,0
21536,12580,10768,13813,15018,0
21947,13714,11578,12537,13841,0
21999,13762,11573,12575,13908,0
22155,13906,11558,12689,14109,0
19825,11398,9907,14921,15975,0
15844,10756,14954,16215,14295,0
16282,10780,14528,16203,14505,0
19454,10657,13133,13949,13736,0
19574,10715,13080,13983,13785,0
20337,12385,14022,13179,13484,0
15739,14759,15463,16680,11481,0
15958,14771,15250,16674,11586,0
16031,14775,15179,16672,11621,0
17199,14839,14043,16640,12181,0
17272,14843,13972,16638,12216,0
18189,15112,17047,16352,10736,0
17874,15772,18037,16952,11216,0
18408,15124,16834,16346,10841,0
18627,15136,16621,16340,10946,0
18846,15148,16408,16334,11051,0
16437,10905,16333,20363,13736,0
14353,11109,14773,17663,13467,0
14718,11129,14418,17653,13642,0
15156,11153,13992,17641,13852,0
15229,11157,13921,17639,13887,0
17053,11566,16205,17407,12926,0
17032,11610,16271,17447,12958,0
16948,11786,16535,17607,13086,0
16927,11830,16601,17647,13118,0
16864,11962,16799,17767,13214,0
16843,12006,16865,17807,13246,0
16738,12226,17195,18007,13406,0
16792,9680,11508,16207,13944,0
16840,9755,11601,16201,13999,0
18717,10311,13779,16297,13304,0
19200,15560,13063,12363,15994,0
15195,16972,15368,15840,12068,0
15633,16996,14942,15828,12278,0
16366,15296,14130,16119,14579,0
17603,17413,17084,15592,11387,0
17582,17457,17150,15632,11419,0
18031,17301,16531,15462,11466,0
21960,14780,9619,14543,15301,0
22015,14719,9641,14630,15380,0
22318,15926,11772,12610,12490,0
17230,14406,15644,15232,12309,0
17303,14410,15573,15230,12344,0
20324,14137,14170,12864,11427,0
20444,14195,14117,12898,11476,0
20256,14127,14218,12868,11445,0
20428,14233,14160,12940,11561,0
20548,14291,14107,12974,11610,0
20860,11956,10833,13319,14147,0
21120,12196,10808,13509,14482,0
21328,12388,10788,13661,14750,0
21588,12628,10763,13851,15085,0
19950,10851,12878,14043,13847,0
20070,10909,12825,14077,13896,0
20002,10899,12873,14081,13914,0
20122,10957,12820,14115,13963,0
19334,10599,13186,13915,13687,0
20285,12337,14027,13141,13417,0
17717,13554,10842,14479,11822,0
17772,13493,10864,14566,11901,0
15666,14755,15534,16682,11446,0
16104,14779,15108,16670,11656,0
17053,14831,14185,16644,12111,0
17126,14835,14114,16642,12146,0
17345,14847,13901,16636,12251,0
18168,15156,17113,16392,10768,0
18000,15508,17641,16712,11024,0
17979,15552,17707,16752,11056,0
18481,15128,16763,16344,10876,0
18992,15156,16266,16330,11121,0
16364,10901,16404,20365,13701,0
15083,11149,14063,17643,13817,0
15302,11161,13850,17637,13922,0
17756,11944,10554,14612,13685,0
17811,11883,10576,14699,13764,0
17074,11522,16139,17367,12894,0
16969,11742,16469,17567,13054,0
16822,12050,16931,17847,13278,0
16759,12182,17129,17967,13374,0
17241,11486,15931,17323,12932,0
17314,11490,15860,17321,12967,0
17460,11498,15718,17317,13037,0
16744,9605,11415,16213,13889,0
16888,9830,11694,16195,14054,0
17032,10055,11973,16177,14219,0
24446,20186,12487,11922,14383,0
18549,15706,11205,13493,13281,0
18636,15799,11253,13481,13224,0
15560,16992,15013,15830,12243,0
16439,15300,14059,16117,14614,0
17540,17545,17282,15712,11483,0
17519,17589,17348,15752,11515,0
17718,17329,16881,15510,11358,0
17958,17297,16602,15464,11431,0
18156,17353,16455,15498,11568,0
21190,15634,9311,13325,14195,0
21245,15573,9333,13412,14274,0
19336,12633,12023,14243,13410,0
17011,14394,15857,15238,12204,0
17084,14398,15786,15236,12239,0
20204,14079,14223,12830,11378,0
20564,14253,14064,12932,11525,0
21284,14601,13746,13136,11819,0
21404,14659,13693,13170,11868,0
20308,14175,14213,12906,11512,0
20788,14407,14001,13042,11708,0
21068,12148,10813,13471,14415,0
21276,12340,10793,13623,14683,0
21640,12676,10758,13889,15152,0
19830,10793,12931,14009,13798,0
19162,10493,13244,13843,13571,0
19282,10551,13191,13877,13620,0
20242,11015,12767,14149,14012,0
20362,11073,12714,14183,14061,0
19214,10541,13239,13881,13638,0
19694,10773,13027,14017,13834,0
19814,10831,12974,14051,13883,0
17607,13676,10798,14305,11664,0
17992,13249,10952,14914,12217,0
18047,13188,10974,15001,12296,0
15905,14320,15830,17295,11929,0
15960,14259,15852,17382,12008,0
16177,14783,15037,16668,11691,0
16907,14823,14327,16648,12041,0
17418,14851,13830,16634,12286,0
18084,15332,17377,16552,10896,0
17958,15596,17773,16792,11088,0
18335,15120,16905,16348,10806,0
18700,15140,16550,16338,10981,0
18919,15152,16337,16332,11086,0
17934,13389,12575,15226,11873,0
17982,13464,12668,15220,11928,0
17866,11822,10598,14786,13843,0
17095,11478,16073,17327,12862,0
15511,11093,16376,18631,14255,0
15661,10667,15392,18655,14135,0
16026,10687,15037,18645,14310,0
16099,10691,14966,18643,14345,0
24550,20282,12477,11998,14517,0
24602,20330,12472,12036,14584,0
20721,15985,15651,12183,15031,0
20841,16043,15598,12217,15080,0
17418,14497,10581,13649,14022,0
17505,14590,10629,13637,13965,0
17342,15527,12387,14392,12405,0
17390,15602,12480,14386,12460,0
17561,17501,17216,15672,11451,0
17372,17897,17810,16032,11739,0
17351,17941,17876,16072,11771,0
17885,17293,16673,15466,11396,0
18083,17349,16526,15500,11533,0
21080,15756,9267,13151,14037,0
21520,15268,9443,13847,14669,0
21575,15207,9465,13934,14748,0
21700,15132,11886,12252,11710,0
21755,15071,11908,12339,11789,0
18621,13426,11737,13112,12383,0
18676,13365,11759,13199,12462,0
19536,13895,11469,13559,13042,0
19591,13834,11491,13646,13121,0
16938,14390,15928,15240,12169,0
17157,14402,15715,15234,12274,0
17522,14422,15360,15224,12449,0
21164,14543,13799,13102,11770,0
21644,14775,13587,13238,11966,0
20668,14349,14054,13008,11659,0
21268,14639,13789,13178,11904,0
21388,14697,13736,13212,11953,0
22305,15294,9625,13215,15238,0
22392,15387,9673,13203,15181,0
21284,13963,9045,13545,16137,0
21339,13902,9067,13632,16216,0
21016,12100,10818,13433,14348,0
19350,10561,13143,13873,13602,0
19470,10619,13090,13907,13651,0
20190,10967,12772,14111,13945,0
20310,11025,12719,14145,13994,0
19402,10609,13138,13911,13669,0
17662,13615,10820,14392,11743,0
17827,13432,10886,14653,11980,0
15612,14560,15813,16949,11578,0
15667,14499,15835,17036,11657,0
15685,14564,15742,16947,11613,0
15740,14503,15764,17034,11692,0
16980,14827,14256,16646,12076,0
17491,14855,13759,16632,12321,0
18105,15288,17311,16512,10864,0
17937,15640,17839,16832,11120,0
17916,15684,17905,16872,11152,0
17838,13239,12389,15238,11763,0
17886,13314,12482,15232,11818,0
16463,14285,16650,17688,11869,0
16536,14289,16579,17686,11904,0
15651,12950,15525,17082,13441,0
15706,12889,15547,17169,13520,0
17387,11494,15789,17319,13002,0
17679,11510,15505,17311,13142,0
17825,11518,15363,17307,13212,0
17898,11522,15292,17305,13247,0
19532,11940,13171,14745,12880,0
19587,11879,13193,14832,12959,0
15223,10643,15818,18667,13925,0
15271,10718,15911,18661,13980,0
15392,10797,15933,18653,14070,0
15440,10872,16026,18647,14125,0
15588,10663,15463,18657,14100,0
15636,10738,15556,18651,14155,0
16318,10703,14753,18637,14450,0
24498,20234,12482,11960,14450,0
17244,14311,10485,13673,14136,0
17766,14869,10773,13601,13794,0
17853,14962,10821,13589,13737,0
17294,15452,12294,14398,12350,0
17498,17633,17414,15792,11547,0
17288,18073,18074,16192,11867,0
21135,15695,9289,13238,14116,0
21410,15390,9399,13673,14511,0
21465,15329,9421,13760,14590,0
21795,14963,9553,14282,15064,0
21850,14902,9575,14369,15143,0
22235,14475,9729,14978,15696,0
22290,14414,9751,15065,15775,0
21645,15193,11864,12165,11631,0
19047,12360,12161,14186,13257,0
19102,12299,12183,14273,13336,0
18566,13487,11715,13025,12304,0
19061,12938,11913,13808,13015,0
19116,12877,11935,13895,13094,0
19398,12861,11921,14141,13368,0
19453,12800,11943,14228,13447,0
19481,13956,11447,13472,12963,0
20093,13574,11565,14240,13711,0
20148,13513,11587,14327,13790,0
20924,14427,13905,13034,11672,0
21044,14485,13852,13068,11721,0
21524,14717,13640,13204,11917,0
21576,14765,13635,13242,11984,0
21148,14581,13842,13144,11855,0
21261,14178,9049,13359,15922,0
21348,14271,9097,13347,15865,0
21449,13780,9111,13806,16374,0
21504,13719,9133,13893,16453,0
21794,13461,11620,12472,13652,0
18715,11755,11471,13332,14325,0
18770,11694,11493,13419,14404,0
19231,12073,11297,13548,14673,0
19286,12012,11319,13635,14752,0
19110,10445,13249,13805,13504,0
19590,10677,13037,13941,13700,0
19710,10735,12984,13975,13749,0
20430,11083,12666,14179,14043,0
19522,10667,13085,13945,13718,0
19642,10725,13032,13979,13767,0
20294,11063,12762,14187,14079,0
20473,12405,13926,13171,13448,0
20593,12463,13873,13205,13497,0
17937,13310,10930,14827,12138,0
15502,14682,15769,16775,11420,0
15557,14621,15791,16862,11499,0
16272,13828,16077,17993,12526,0
16327,13767,16099,18080,12605,0
15575,14686,15698,16773,11455,0
15630,14625,15720,16860,11534,0
15795,14442,15786,17121,11771,0
16070,14137,15896,17556,12166,0
16125,14076,15918,17643,12245,0
17221,13880,15154,17967,12981,0
17276,13819,15176,18054,13060,0
18147,15200,17179,16432,10800,0
18126,15244,17245,16472,10832,0
17895,15728,17971,16912,11184,0
17908,10009,12258,17901,13740,0
17956,10084,12351,17895,13795,0
16317,14277,16792,17692,11799,0
18223,12563,10820,14453,13264,0
18310,12656,10868,14441,13207,0
18086,11578,10686,15134,14159,0
15926,12645,15635,17517,13836,0
15981,12584,15657,17604,13915,0
19370,12014,13132,14533,12655,0
19425,11953,13154,14620,12734,0
19477,12001,13149,14658,12801,0
15367,10868,16097,18649,14090,0
15415,10943,16190,18643,14145,0
15296,10647,15747,18665,13960,0
15515,10659,15534,18659,14065,0
15563,10734,15627,18653,14120,0
21172,18007,15630,12046,13255,0
21292,18065,15577,12080,13304,0
20624,17765,15890,11914,13077,0
20744,17823,15837,11948,13126,0
17331,14404,10533,13661,14079,0
17592,14683,10677,13625,13908,0
18201,15334,11013,13541,13509,0
18288,15427,11061,13529,13452,0
16374,16267,15581,16013,13497,0
16461,16360,15629,16001,13440,0
16158,15814,15128,16067,13887,0
16245,15907,15176,16055,13830,0
17456,17721,17546,15872,11611,0
17435,17765,17612,15912,11643,0
17309,18029,18008,16152,11835,0
17791,17333,16810,15508,11393,0
18010,17345,16597,15502,11498,0
21300,15512,9355,13499,14353,0
21355,15451,9377,13586,14432,0
21740,15024,9531,14195,14985,0
21905,14841,9597,14456,15222,0
22180,14536,9707,14891,15617,0
22345,14353,9773,15152,15854,0
18332,13153,11875,13055,12230,0
18387,13092,11897,13142,12309,0
19006,12999,11891,13721,12936,0
19171,12816,11957,13982,13173,0
19226,12755,11979,14069,13252,0
19013,13288,11767,13532,12815,0
19068,13227,11789,13619,12894,0
19426,14017,11425,13385,12884,0
19983,13696,11521,14066,13553,0
20038,13635,11543,14153,13632,0
19880,14107,11353,13703,13274,0
19935,14046,11375,13790,13353,0
19942,14335,11251,13601,13232,0
20771,13938,14222,13371,11938,0
21336,14649,13741,13174,11886,0
21456,14707,13688,13208,11935,0
22044,15015,9481,13251,15409,0
22131,15108,9529,13239,15352,0
21394,13841,9089,13719,16295,0
21559,13658,9155,13980,16532,0
21852,13291,11669,12608,13743,0
21907,13230,11691,12695,13822,0
19224,11784,11421,13737,14794,0
19230,10503,13196,13839,13553,0
20550,11141,12613,14213,14092,0
19762,10783,12979,14013,13816,0
20482,11131,12661,14217,14110,0
20174,11005,12815,14153,14030,0
20353,12347,13979,13137,13399,0
20405,12395,13974,13175,13466,0
17882,13371,10908,14740,12059,0
18267,12944,11062,15349,12612,0
18322,12883,11084,15436,12691,0
19056,13929,13310,13965,10397,0
19111,13868,13332,14052,10476,0
19163,13916,13327,14090,10543,0
19218,13855,13349,14177,10622,0
16254,13763,16170,18082,12570,0
16309,13702,16192,18169,12649,0
15777,14377,15879,17210,11815,0
15832,14316,15901,17297,11894,0
15850,14381,15808,17208,11850,0
16015,14198,15874,17469,12087,0
16763,14303,15071,17360,12393,0
16818,14242,15093,17447,12472,0
16451,14734,14846,16749,11875,0
16524,14738,14775,16747,11910,0
16579,14677,14797,16834,11989,0
18554,15132,16692,16342,10911,0
17860,9934,12165,17907,13685,0
16390,14281,16721,17690,11834,0
17788,12098,10580,14513,13549,0
17875,12191,10628,14501,13492,0
17921,11761,10620,14873,13922,0
17976,11700,10642,14960,14001,0
15908,12580,15728,17606,13880,0
15871,12706,15613,17430,13757,0
16071,12909,15192,17159,13695,0
16126,12848,15214,17246,13774,0
19205,12197,13066,14272,12418,0
19422,12062,13127,14571,12722,0
15319,10793,16004,18655,14035,0
15463,11018,16283,18637,14200,0
15344,10722,15840,18659,14015,0
15369,10651,15676,18663,13995,0
15417,10726,15769,18657,14050,0
16245,10699,14824,18639,14415,0
18785,10321,13731,16293,13286,0
19119,15707,13477,12087,15361,0
19206,15800,13525,12075,15304,0
25031,18958,12652,11943,15613,0
25118,19051,12700,11931,15556,0
20692,17775,15842,11910,13059,0
20812,17833,15789,11944,13108,0
21344,18113,15572,12118,13371,0
21464,18171,15519,12152,13420,0
21156,18045,15673,12088,13340,0
21276,18103,15620,12122,13389,0
20773,16033,15646,12221,15098,0
17679,14776,10725,13613,13851,0
18114,15241,10965,13553,13566,0
18375,15520,11109,13517,13395,0
16026,15895,15389,16061,13725,0
16113,15988,15437,16049,13668,0
16621,16457,15606,15987,13418,0
16708,16550,15654,15975,13361,0
16520,16275,15439,16009,13567,0
16607,16368,15487,15997,13510,0
16071,15721,15080,16079,13944,0
16941,16651,15560,15959,13374,0
17477,17677,17480,15832,11579,0
17393,17853,17744,15992,11707,0
17330,17985,17942,16112,11803,0
21630,15146,9487,14021,14827,0
22125,14597,9685,14804,15538,0
21868,14840,11979,12562,11959,0
21923,14779,12001,12649,12038,0
21865,14949,11952,12513,11947,0
21920,14888,11974,12600,12026,0
18222,13275,11831,12881,12072,0
18937,12482,12117,14012,13099,0
18992,12421,12139,14099,13178,0
18951,13060,11869,13634,12857,0
19281,12694,12001,14156,13331,0
18738,13593,11657,13097,12420,0
19233,13044,11855,13880,13131,0
19288,12983,11877,13967,13210,0
19302,13561,11629,13589,12968,0
19357,13500,11651,13676,13047,0
19756,13651,11557,13907,13358,0
19811,13590,11579,13994,13437,0
19818,13879,11455,13805,13316,0
19873,13818,11477,13892,13395,0
19770,14229,11309,13529,13116,0
19825,14168,11331,13616,13195,0
20716,13999,14200,13284,11859,0
21216,14591,13794,13140,11837,0
21957,14922,9433,13263,15466,0
22218,15201,9577,13227,15295,0
22653,15666,9817,13167,15010,0
21797,13352,11647,12521,13664,0
22014,13217,11708,12820,13968,0
22069,13156,11730,12907,14047,0
18880,11572,11537,13593,14562,0
18935,11511,11559,13680,14641,0
18887,11861,11413,13404,14441,0
18942,11800,11435,13491,14520,0
19169,11845,11399,13650,14715,0
19341,11951,11341,13722,14831,0
19882,10841,12926,14047,13865,0
19934,10889,12921,14085,13932,0
20054,10947,12868,14119,13981,0
18212,13005,11040,15262,12533,0
18377,12822,11106,15523,12770,0
19716,13197,13574,15009,11345,0
19771,13136,13596,15096,11424,0
19108,13977,13305,14003,10464,0
16089,13946,16104,17821,12333,0
16144,13885,16126,17908,12412,0
16364,13641,16214,18256,12728,0
16419,13580,16236,18343,12807,0
15722,14438,15857,17123,11736,0
16052,14072,15989,17645,12210,0
16107,14011,16011,17732,12289,0
16657,13401,16231,18602,13079,0
16543,14547,14983,17012,12077,0
16598,14486,15005,17099,12156,0
17056,14063,15088,17706,12744,0
17111,14002,15110,17793,12823,0
16909,14311,14929,17356,12463,0
16964,14250,14951,17443,12542,0
16707,14620,14748,16919,12103,0
16762,14559,14770,17006,12182,0
16908,14567,14628,17002,12252,0
16963,14506,14650,17089,12331,0
16926,14632,14535,16913,12208,0
16981,14571,14557,17000,12287,0
18354,13132,12268,15736,12256,0
18409,13071,12290,15823,12335,0
16365,14352,16885,17686,11854,0
18136,12470,10772,14465,13321,0
18397,12749,10916,14429,13150,0
18031,11639,10664,15047,14080,0
15578,12946,15596,17084,13406,0
15816,12767,15591,17343,13678,0
16016,12970,15170,17072,13616,0
16181,12787,15236,17333,13853,0
16236,12726,15258,17420,13932,0
16254,12791,15165,17331,13888,0
16309,12730,15187,17418,13967,0
16272,12856,15072,17242,13844,0
16327,12795,15094,17329,13923,0
16400,12799,15023,17327,13958,0
16455,12738,15045,17414,14037,0
17533,11502,15647,17315,13072,0
19315,12075,13110,14446,12576,0
19535,11831,13198,14794,12892,0
19367,12123,13105,14484,12643,0
15536,11022,16212,18635,14235,0
15538,10805,15791,18649,14140,0
15807,10675,15250,18651,14205,0
18945,15521,13381,12111,15475,0
19032,15614,13429,12099,15418,0
19293,15893,13573,12063,15247,0
19380,15986,13621,12051,15190,0
18943,15441,13227,12207,15705,0
24857,18772,12556,11967,15727,0
24944,18865,12604,11955,15670,0
25466,19423,12892,11883,15328,0
25553,19516,12940,11871,15271,0
20572,17717,15895,11876,13010,0
20932,17891,15736,11978,13157,0
21052,17949,15683,12012,13206,0
20984,17939,15731,12016,13224,0
21104,17997,15678,12050,13273,0
20676,17813,15885,11952,13144,0
18027,15148,10917,13565,13623,0
18462,15613,11157,13505,13338,0
18723,15892,11301,13469,13167,0
16343,16530,16009,15985,13186,0
16430,16623,16057,15973,13129,0
15591,15430,15149,16121,14010,0
15678,15523,15197,16109,13953,0
16287,16174,15533,16025,13554,0
16548,16453,15677,15989,13383,0
16635,16546,15725,15977,13326,0
16360,16178,15462,16023,13589,0
16447,16271,15510,16011,13532,0
16795,16643,15702,15963,13304,0
16433,16182,15391,16021,13624,0
15984,15628,15032,16091,14001,0
16332,16000,15224,16043,13773,0
16419,16093,15272,16031,13716,0
16666,16283,15297,16005,13637,0
16753,16376,15345,15993,13580,0
16377,15826,14915,16061,13992,0
17486,15752,12666,14374,12570,0
17534,15827,12759,14368,12625,0
17414,17809,17678,15952,11675,0
17937,17341,16668,15504,11463,0
21685,15085,9509,14108,14906,0
22070,14658,9663,14717,15459,0
21813,14901,11957,12475,11880,0
21810,15010,11930,12426,11868,0
18277,13214,11853,12968,12151,0
18552,12909,11963,13403,12546,0
18607,12848,11985,13490,12625,0
18669,13076,11883,13388,12583,0
18724,13015,11905,13475,12662,0
18731,13304,11781,13286,12541,0
18786,13243,11803,13373,12620,0
18793,13532,11679,13184,12499,0
18848,13471,11701,13271,12578,0
19123,13166,11811,13706,12973,0
19343,12922,11899,14054,13289,0
19240,13333,11731,13691,13010,0
19295,13272,11753,13778,13089,0
19082,13805,11541,13241,12652,0
19137,13744,11563,13328,12731,0
19701,13712,11535,13820,13279,0
19866,13529,11601,14081,13516,0
19921,13468,11623,14168,13595,0
19598,14123,11367,13457,13000,0
19928,13757,11499,13979,13474,0
19990,13985,11397,13877,13432,0
20045,13924,11419,13964,13511,0
20107,14152,11317,13862,13469,0
20162,14091,11339,13949,13548,0
17471,13459,16542,16553,13214,0
17526,13398,16564,16640,13293,0
20661,14060,14178,13197,11780,0
21096,14533,13847,13106,11788,0
21609,14550,9241,13311,15694,0
21696,14643,9289,13299,15637,0
22479,15480,9721,13191,15124,0
22566,15573,9769,13179,15067,0
21742,13413,11625,12434,13585,0
22017,13108,11735,12869,13980,0
22072,13047,11757,12956,14059,0
21959,13278,11686,12733,13889,0
22124,13095,11752,12994,14126,0
18481,11421,11631,13362,14251,0
18536,11360,11653,13449,14330,0
18598,11588,11551,13347,14288,0
18653,11527,11573,13434,14367,0
18825,11633,11515,13506,14483,0
18990,11450,11581,13767,14720,0
19059,11967,11355,13476,14557,0
19747,12391,11123,13764,15021,0
18157,13066,11018,15175,12454,0
19496,13441,13486,14661,11029,0
19551,13380,13508,14748,11108,0
20211,12648,13772,15792,12056,0
20266,12587,13794,15879,12135,0
19603,13428,13503,14786,11175,0
19658,13367,13525,14873,11254,0
16034,14007,16082,17734,12254,0
16199,13824,16148,17995,12491,0
16474,13519,16258,18430,12886,0
15887,14255,15923,17384,11973,0
16162,13950,16033,17819,12368,0
16492,13584,16165,18341,12842,0
16547,13523,16187,18428,12921,0
16455,13710,16050,18165,12719,0
16510,13649,16072,18252,12798,0
15922,14641,15436,16852,11674,0
15977,14580,15458,16939,11753,0
16378,14730,14917,16751,11840,0
16653,14425,15027,17186,12235,0
16708,14364,15049,17273,12314,0
16928,14120,15137,17621,12630,0
16983,14059,15159,17708,12709,0
17001,14124,15066,17619,12665,0
17166,13941,15132,17880,12902,0
17441,13636,15242,18315,13297,0
16744,14494,14863,17095,12226,0
16799,14433,14885,17182,12305,0
16652,14681,14726,16832,12024,0
17257,14010,14968,17789,12893,0
17312,13949,14990,17876,12972,0
16853,14628,14606,16915,12173,0
16816,14754,14491,16739,12050,0
17531,13961,14777,17870,13077,0
18760,14458,17201,17182,11494,0
18815,14397,17223,17269,11573,0
18833,14462,17130,17180,11529,0
16339,10972,16568,20361,13721,0
18189,13315,12202,15475,12019,0
18244,13254,12224,15562,12098,0
16927,13982,16361,18034,12270,0
16982,13921,16383,18121,12349,0
18049,12377,10724,14477,13378,0
18658,13028,11060,14393,12979,0
18745,13121,11108,14381,12922,0
15688,12824,15640,17258,13564,0
15743,12763,15662,17345,13643,0
16727,14220,16127,16839,12621,0
16814,14313,16175,16827,12564,0
15761,12828,15569,17256,13599,0
15724,12954,15454,17080,13476,0
15797,12958,15383,17078,13511,0
16200,12596,15444,17598,14020,0
16199,12852,15143,17244,13809,0
16364,12669,15209,17505,14046,0
16419,12608,15231,17592,14125,0
16162,12978,15028,17068,13686,0
16382,12734,15116,17416,14002,0
16437,12673,15138,17503,14081,0
16235,12982,14957,17066,13721,0
16454,12994,14744,17060,13826,0
17213,13629,14726,16893,13545,0
17300,13722,14774,16881,13488,0
20107,13281,13572,14053,11712,0
20194,13374,13620,14041,11655,0
19260,12136,13088,14359,12497,0
19480,11892,13176,14707,12813,0
19257,12245,13061,14310,12485,0
19312,12184,13083,14397,12564,0
15488,10947,16119,18641,14180,0
15465,10801,15862,18651,14105,0
15490,10730,15698,18655,14085,0
15734,10671,15321,18653,14170,0
15880,10679,15179,18649,14240,0
15953,10683,15108,18647,14275,0
16172,10695,14895,18641,14380,0
18858,15428,13333,12123,15532,0
20319,16289,12763,12783,16633,0
24422,18307,12316,12027,16012,0
25205,19144,12748,11919,15499,0
25292,19237,12796,11907,15442,0
21412,18123,15524,12114,13353,0
20864,17881,15784,11982,13175,0
21224,18055,15625,12084,13322,0
20796,17871,15832,11986,13193,0
20916,17929,15779,12020,13242,0
21396,18161,15567,12156,13438,0
21516,18219,15514,12190,13487,0
17940,15055,10869,13577,13680,0
15400,15596,15600,16107,13721,0
15487,15689,15648,16095,13664,0
16256,16437,15961,15997,13243,0
16691,16902,16201,15937,12958,0
15445,15422,15291,16125,13940,0
15532,15515,15339,16113,13883,0
15504,15337,15101,16133,14067,0
15852,15709,15293,16085,13839,0
15939,15802,15341,16073,13782,0
16200,16081,15485,16037,13611,0
16722,16639,15773,15965,13269,0
15664,15434,15078,16119,14045,0
15751,15527,15126,16107,13988,0
16534,16364,15558,15999,13475,0
16346,16089,15343,16033,13681,0
15897,15535,14984,16103,14058,0
16593,16279,15368,16007,13602,0
16680,16372,15416,15995,13545,0
16579,16190,15249,16017,13694,0
16840,16469,15393,15981,13523,0
16304,15822,14986,16063,13957,0
16391,15915,15034,16051,13900,0
15942,15361,14675,16121,14277,0
16029,15454,14723,16109,14220,0
16986,16477,15251,15977,13593,0
16436,15741,14725,16069,14119,0
16408,15563,14487,16089,14303,0
17438,15677,12573,14380,12515,0
17864,17337,16739,15506,11428,0
21648,15084,11891,12214,11643,0
21703,15023,11913,12301,11722,0
21975,14827,11996,12687,12105,0
22030,14766,12018,12774,12184,0
18442,13031,11919,13229,12388,0
18497,12970,11941,13316,12467,0
18827,12604,12073,13838,12941,0
18882,12543,12095,13925,13020,0
18394,13381,11773,12953,12188,0
18449,13320,11795,13040,12267,0
19054,12649,12037,13997,13136,0
19109,12588,12059,14084,13215,0
18841,13182,11825,13460,12699,0
18958,13349,11745,13445,12736,0
19178,13105,11833,13793,13052,0
19130,13455,11687,13517,12852,0
19185,13394,11709,13604,12931,0
19460,13089,11819,14039,13326,0
19515,13028,11841,14126,13405,0
19192,13683,11585,13415,12810,0
19247,13622,11607,13502,12889,0
19694,13423,11659,14009,13400,0
19749,13362,11681,14096,13479,0
19646,13773,11513,13733,13200,0
19653,14062,11389,13544,13079,0
19708,14001,11411,13631,13158,0
20100,13863,11441,14051,13590,0
20155,13802,11463,14138,13669,0
20052,14213,11295,13775,13390,0
20217,14030,11361,14036,13627,0
16701,14313,16234,15335,12108,0
16756,14252,16256,15422,12187,0
17067,14077,16180,15679,12494,0
17122,14016,16202,15766,12573,0
20739,14250,14033,13053,11653,0
21339,14540,13768,13223,11898,0
21394,14479,13790,13310,11977,0
20606,14121,14156,13110,11701,0
20901,14176,14072,13265,11878,0
20956,14115,14094,13352,11957,0
20976,14475,13900,13072,11739,0
21435,14364,9145,13335,15808,0
21522,14457,9193,13323,15751,0
21870,14829,9385,13275,15523,0
21962,13169,11713,12782,13901,0
21849,13400,11642,12559,13731,0
21904,13339,11664,12646,13810,0
18371,11543,11587,13188,14093,0
18426,11482,11609,13275,14172,0
18543,11649,11529,13260,14209,0
18708,11466,11595,13521,14446,0
18747,11909,11497,13233,14189,0
19052,11678,11479,13665,14678,0
19107,11617,11501,13752,14757,0
19114,11906,11377,13563,14636,0
19403,12179,11239,13620,14789,0
18102,13127,10996,15088,12375,0
18542,12639,11172,15784,13007,0
18597,12578,11194,15871,13086,0
19331,13624,13420,14400,10792,0
19386,13563,13442,14487,10871,0
19661,13258,13552,14922,11266,0
19991,12892,13684,15444,11740,0
20046,12831,13706,15531,11819,0
19438,13611,13437,14525,10938,0
19493,13550,13459,14612,11017,0
19933,13062,13635,15308,11649,0
19988,13001,13657,15395,11728,0
15979,14068,16060,17647,12175,0
16639,13336,16324,18691,13123,0
16694,13275,16346,18778,13202,0
15942,14194,15945,17471,12052,0
16217,13889,16055,17906,12447,0
16437,13645,16143,18254,12763,0
16602,13462,16209,18515,13000,0
16400,13771,16028,18078,12640,0
16620,13527,16116,18426,12956,0
16675,13466,16138,18513,13035,0
15867,14702,15414,16765,11595,0
16582,13909,15700,17896,12622,0
16637,13848,15722,17983,12701,0
16453,14222,15448,17457,12297,0
16508,14161,15470,17544,12376,0
16488,14608,14961,16925,11998,0
16873,14181,15115,17534,12551,0
16726,14429,14956,17184,12270,0
16781,14368,14978,17271,12349,0
17386,13697,15220,18228,13218,0
16689,14555,14841,17008,12147,0
16854,14372,14907,17269,12384,0
17514,13640,15171,18313,13332,0
16597,14742,14704,16745,11945,0
16872,14437,14814,17180,12340,0
16927,14376,14836,17267,12419,0
17220,14136,14853,17613,12770,0
17275,14075,14875,17700,12849,0
16798,14689,14584,16828,12094,0
16871,14693,14513,16826,12129,0
17201,14327,14645,17348,12603,0
17256,14266,14667,17435,12682,0
18705,14519,17179,17095,11415,0
18393,14950,16954,16484,10897,0
18448,14889,16976,16571,10976,0
18777,14779,16807,16739,11239,0
18832,14718,16829,16826,11318,0
18938,14961,16545,16597,11253,0
18993,14900,16567,16684,11332,0
18299,13193,12246,15649,12177,0
16544,13897,16809,18133,12139,0
16599,13836,16831,18220,12218,0
16872,14043,16339,17947,12191,0
17962,12284,10676,14489,13435,0
18571,12935,11012,14405,13036,0
18832,13214,11156,14369,12865,0
16741,14309,16246,16829,12529,0
15633,12885,15618,17171,13485,0
15798,12702,15684,17432,13722,0
16031,13476,15743,16935,13077,0
16118,13569,15791,16923,13020,0
15779,12893,15476,17167,13555,0
16090,12718,15400,17424,13862,0
16145,12657,15422,17511,13941,0
16273,12600,15373,17596,14055,0
16089,12974,15099,17070,13651,0
16217,12917,15050,17155,13765,0
16345,12860,15001,17240,13879,0
16879,13346,14653,16931,13681,0
17039,13443,14630,16917,13659,0
17126,13536,14678,16905,13602,0
20020,13188,13524,14065,11769,0
20542,13746,13812,13993,11427,0
20629,13839,13860,13981,11370,0
15513,10876,15955,18645,14160,0
15442,10655,15605,18661,14030,0
18661,10290,13882,16215,13225,0
18771,15335,13285,12135,15589,0
20163,16823,14053,11943,14677,0
20250,16916,14101,11931,14620,0
24770,18679,12508,11979,15784,0
25379,19330,12844,11895,15385,0
25640,19609,12988,11859,15214,0
25727,19702,13036,11847,15157,0
21532,18181,15471,12148,13402,0
21036,17987,15726,12054,13291,0
20808,16078,15699,12171,14974,0
20961,16101,15545,12251,15129,0
15675,15964,15863,16061,13458,0
15762,16057,15911,16049,13401,0
15139,15317,15456,16143,13892,0
15226,15410,15504,16131,13835,0
15574,15782,15696,16083,13607,0
15661,15875,15744,16071,13550,0
15647,15786,15625,16081,13642,0
15734,15879,15673,16069,13585,0
16604,16809,16153,15949,13015,0
15633,15697,15506,16091,13734,0
15720,15790,15554,16079,13677,0
15358,15329,15243,16137,13997,0
15793,15794,15483,16077,13712,0
15880,15887,15531,16065,13655,0
16910,16914,15988,15931,13063,0
15765,15616,15245,16097,13896,0
15577,15341,15030,16131,14102,0
16273,16085,15414,16035,13646,0
16882,16736,15750,15951,13247,0
15998,15717,15151,16081,13909,0
16085,15810,15199,16069,13852,0
15723,15349,14888,16127,14172,0
15810,15442,14936,16115,14115,0
16506,16186,15320,16019,13659,0
16767,16465,15464,15983,13488,0
16854,16558,15512,15971,13431,0
15883,15446,14865,16113,14150,0
15970,15539,14913,16101,14093,0
15869,15357,14746,16123,14242,0
15956,15450,14794,16111,14185,0
16739,16287,15226,16003,13672,0
16116,15547,14771,16097,14163,0
16175,15462,14581,16105,14290,0
16262,15555,14629,16093,14233,0
16234,15377,14391,16113,14417,0
16307,15381,14320,16111,14452,0
16394,15474,14368,16099,14395,0
20085,16052,13765,13141,11957,0
21593,15145,11869,12127,11564,0
21758,14962,11935,12388,11801,0
21978,14718,12023,12736,12117,0
18772,12665,12051,13751,12862,0
19212,12177,12227,14447,13494,0
18559,13198,11839,13214,12425,0
18614,13137,11861,13301,12504,0
18779,12954,11927,13562,12741,0
18896,13121,11847,13547,12778,0
18903,13410,11723,13358,12657,0
18910,13699,11599,13169,12536,0
19350,13211,11775,13865,13168,0
19797,13012,11827,14372,13679,0
19254,13911,11483,13313,12768,0
19309,13850,11505,13400,12847,0
19914,13179,11747,14357,13716,0
19763,13940,11433,13718,13237,0
19997,14274,11273,13688,13311,0
17141,13825,16410,16031,12740,0
17196,13764,16432,16118,12819,0
17269,13768,16361,16116,12854,0
17324,13707,16383,16203,12933,0
17012,14138,16158,15592,12415,0
20589,13652,14377,13439,11931,0
20959,14006,14121,13401,11969,0
21274,14421,13843,13276,11928,0
20366,14005,14262,13042,11603,0
20421,13944,14284,13129,11682,0
20486,14063,14209,13076,11652,0
20541,14002,14231,13163,11731,0
20551,14182,14134,13023,11622,0
20671,14240,14081,13057,11671,0
20846,14237,14050,13178,11799,0
21783,14736,9337,13287,15580,0
18701,11177,11719,13710,14567,0
18763,11405,11617,13608,14525,0
18818,11344,11639,13695,14604,0
18997,11739,11457,13578,14599,0
19458,12118,11261,13707,14868,0
19575,12285,11181,13692,14905,0
18487,12700,11150,15697,12928,0
18652,12517,11216,15958,13165,0
19221,13746,13376,14226,10634,0
19276,13685,13398,14313,10713,0
19441,13502,13464,14574,10950,0
19606,13319,13530,14835,11187,0
19881,13014,13640,15270,11582,0
19936,12953,13662,15357,11661,0
20156,12709,13750,15705,11977,0
19328,13733,13393,14351,10780,0
19383,13672,13415,14438,10859,0
19548,13489,13481,14699,11096,0
19878,13123,13613,15221,11570,0
15924,14129,16038,17560,12096,0
16584,13397,16302,18604,13044,0
15997,14133,15967,17558,12131,0
16382,13706,16121,18167,12684,0
16345,13832,16006,17991,12561,0
16565,13588,16094,18339,12877,0
16473,13775,15957,18076,12675,0
16528,13714,15979,18163,12754,0
16601,13718,15908,18161,12789,0
16656,13657,15930,18248,12868,0
16014,14454,15573,17115,11876,0
16069,14393,15595,17202,11955,0
16032,14519,15480,17026,11832,0
16087,14458,15502,17113,11911,0
16820,13730,15695,18155,12894,0
16875,13669,15717,18242,12973,0
16123,14588,15316,16935,11823,0
16178,14527,15338,17022,11902,0
17295,13628,15384,18319,13227,0
16433,14669,14939,16838,11919,0
17038,13998,15181,17795,12788,0
17093,13937,15203,17882,12867,0
16561,14612,14890,16923,12033,0
16616,14551,14912,17010,12112,0
16891,14246,15022,17445,12507,0
16946,14185,15044,17532,12586,0
17331,13758,15198,18141,13139,0
16634,14616,14819,16921,12068,0
17239,13945,15061,17878,12937,0
17294,13884,15083,17965,13016,0
16817,14498,14792,17093,12261,0
16982,14315,14858,17354,12498,0
17037,14254,14880,17441,12577,0
17165,14197,14831,17526,12691,0
16743,14750,14562,16741,12015,0
17348,14079,14804,17698,12884,0
17403,14018,14826,17785,12963,0
17036,14510,14579,17087,12366,0
17366,14144,14711,17609,12840,0
17421,14083,14733,17696,12919,0
17549,14026,14684,17781,13033,0
17291,14652,14180,16903,12383,0
17346,14591,14202,16990,12462,0
17510,14664,13967,16897,12488,0
18375,14885,17047,16573,10941,0
18430,14824,17069,16660,11020,0
18739,14502,17267,17222,11526,0
18338,15011,16932,16397,10818,0
18668,14645,17064,16919,11292,0
18723,14584,17086,17006,11371,0
18390,15059,16927,16435,10885,0
18484,15019,16790,16393,10888,0
18539,14958,16812,16480,10967,0
18463,15063,16856,16433,10920,0
18722,14840,16785,16652,11160,0
18682,15075,16643,16427,11025,0
18737,15014,16665,16514,11104,0
18849,15039,16435,16383,11063,0
18904,14978,16457,16470,11142,0
18883,15022,16523,16510,11174,0
18977,14982,16386,16468,11177,0
16387,11047,16661,20355,13776,0
17845,13103,12318,15331,11787,0
17900,13042,12340,15418,11866,0
16489,13958,16787,18046,12060,0
17075,13478,16821,18738,12762,0
17093,13543,16728,18649,12718,0
17148,13482,16750,18736,12797,0
17056,13669,16613,18473,12595,0
17111,13608,16635,18560,12674,0
16854,13978,16432,18036,12235,0
16909,13917,16454,18123,12314,0
16762,14165,16295,17773,12033,0
18484,12842,10964,14417,13093,0
19180,13586,11348,14321,12637,0
16480,14030,16102,16865,12700,0
16567,14123,16150,16853,12643,0
15853,12641,15706,17519,13801,0
15857,13290,15647,16959,13191,0
15944,13383,15695,16947,13134,0
16379,13848,15935,16887,12849,0
16466,13941,15983,16875,12792,0
16191,13573,15720,16921,13055,0
16278,13666,15768,16909,12998,0
16438,13763,15745,16895,12976,0
16525,13856,15793,16883,12919,0
15962,12775,15449,17339,13748,0
16017,12714,15471,17426,13827,0
15870,12962,15312,17076,13546,0
15925,12901,15334,17163,13625,0
15943,12966,15241,17074,13581,0
15998,12905,15263,17161,13660,0
16291,12665,15280,17507,14011,0
16144,12913,15121,17157,13730,0
16290,12921,14979,17153,13800,0
16308,12986,14886,17064,13756,0
16436,12929,14837,17149,13870,0
16820,13431,14843,16923,13554,0
16907,13524,14891,16911,13497,0
17460,13819,14751,16867,13466,0
17547,13912,14799,16855,13409,0
19846,13002,13428,14089,11883,0
19933,13095,13476,14077,11826,0
20368,13560,13716,14017,11541,0
20455,13653,13764,14005,11484,0
18113,11618,12148,15527,13615,0
18200,11711,12196,15515,13558,0
19554,16172,13717,12027,15076,0
19641,16265,13765,12015,15019,0
19287,15653,13111,12351,15937,0
19631,15865,12995,12495,16169,0
24509,18400,12364,12015,15955,0
24596,18493,12412,12003,15898,0
25901,19888,13132,11823,15043,0
21297,16671,16088,12053,14526,0
21384,16764,16136,12041,14469,0
15588,15871,15815,16073,13515,0
15313,15503,15552,16119,13778,0
15922,16154,15888,16035,13379,0
16009,16247,15936,16023,13322,0
15299,15414,15433,16129,13870,0
15386,15507,15481,16117,13813,0
15821,15972,15721,16057,13528,0
16517,16716,16105,15961,13072,0
15285,15325,15314,16139,13962,0
15894,15976,15650,16055,13563,0
15981,16069,15698,16043,13506,0
15706,15701,15435,16089,13769,0
15518,15426,15220,16123,13975,0
15605,15519,15268,16111,13918,0
16809,16732,15821,15953,13212,0
16896,16825,15869,15941,13155,0
16186,15992,15366,16047,13703,0
16969,16829,15798,15939,13190,0
15650,15345,14959,16129,14137,0
15737,15438,15007,16117,14080,0
16172,15903,15247,16057,13795,0
16259,15996,15295,16045,13738,0
16781,16554,15583,15973,13396,0
16868,16647,15631,15961,13339,0
15796,15353,14817,16125,14207,0
16405,16004,15153,16041,13808,0
16043,15543,14842,16099,14128,0
16130,15636,14890,16087,14071,0
16913,16473,15322,15979,13558,0
17000,16566,15370,15967,13501,0
16290,15733,14867,16073,14049,0
16812,16291,15155,16001,13707,0
16899,16384,15203,15989,13650,0
16015,15365,14604,16119,14312,0
16102,15458,14652,16107,14255,0
16088,15369,14533,16117,14347,0
16349,15648,14677,16081,14176,0
16321,15470,14439,16101,14360,0
20172,16145,13813,13129,11900,0
18662,12787,12007,13577,12704,0
19157,12238,12205,14360,13415,0
18504,13259,11817,13127,12346,0
18999,12710,12015,13910,13057,0
19329,12344,12147,14432,13531,0
19508,12739,11965,14315,13526,0
18965,13638,11621,13256,12615,0
19020,13577,11643,13343,12694,0
19405,13150,11797,13952,13247,0
19570,12967,11863,14213,13484,0
19625,12906,11885,14300,13563,0
19632,13195,11761,14111,13442,0
19687,13134,11783,14198,13521,0
19474,13667,11571,13661,13084,0
19529,13606,11593,13748,13163,0
19859,13240,11725,14270,13637,0
20031,13346,11667,14342,13753,0
20279,14258,11259,13934,13585,0
20334,14197,11281,14021,13664,0
20396,14425,11179,13919,13622,0
20458,14653,11077,13817,13580,0
17086,13886,16388,15944,12661,0
17416,13520,16520,16466,13135,0
17636,13276,16608,16814,13451,0
17159,13890,16317,15942,12696,0
17214,13829,16339,16029,12775,0
16847,14321,16092,15331,12178,0
16902,14260,16114,15418,12257,0
17782,13284,16466,16810,13521,0
17176,14211,15923,15499,12441,0
17231,14150,15945,15586,12520,0
17504,14357,15453,15313,12493,0
20314,13957,14267,13004,11536,0
20369,13896,14289,13091,11615,0
20489,13954,14236,13125,11664,0
20544,13893,14258,13212,11743,0
20904,14067,14099,13314,11890,0
20979,14366,13927,13121,11751,0
21219,14482,13821,13189,11849,0
20246,13947,14315,13008,11554,0
20301,13886,14337,13095,11633,0
20311,14066,14240,12955,11524,0
20476,13883,14306,13216,11761,0
20431,14124,14187,12989,11573,0
20706,13819,14297,13424,11968,0
20726,14179,14103,13144,11750,0
20791,14298,14028,13091,11720,0
23166,15055,12419,12143,12537,0
18646,11238,11697,13623,14488,0
19091,12121,11381,13377,14421,0
19263,12227,11323,13449,14537,0
19779,12545,11149,13665,14885,0
17317,13200,16256,15483,13708,0
18432,12761,11128,15610,12849,0
18817,12334,11282,16219,13402,0
18872,12273,11304,16306,13481,0
19166,13807,13354,14139,10555,0
19826,13075,13618,15183,11503,0
20101,12770,13728,15618,11898,0
20321,12526,13816,15966,12214,0
19273,13794,13371,14264,10701,0
19823,13184,13591,15134,11491,0
20043,12940,13679,15482,11807,0
20098,12879,13701,15569,11886,0
15429,14678,15840,16777,11385,0
16529,13458,16280,18517,12965,0
16180,14015,15940,17730,12324,0
15813,14507,15693,17032,11727,0
15868,14446,15715,17119,11806,0
15721,14694,15556,16769,11525,0
16711,13596,15952,18335,12947,0
15904,14576,15529,16941,11718,0
15959,14515,15551,17028,11797,0
16142,14397,15524,17200,11990,0
16160,14462,15431,17111,11946,0
16215,14401,15453,17198,12025,0
16013,14710,15272,16761,11665,0
16068,14649,15294,16848,11744,0
16288,14405,15382,17196,12060,0
16343,14344,15404,17283,12139,0
16893,13734,15624,18153,12929,0
16948,13673,15646,18240,13008,0
16856,13860,15509,17977,12806,0
16911,13799,15531,18064,12885,0
16654,14169,15328,17540,12446,0
16709,14108,15350,17627,12525,0
17075,13872,15296,17971,12911,0
17130,13811,15318,18058,12990,0
16506,14673,14868,16836,11954,0
16671,14490,14934,17097,12191,0
16836,14307,15000,17358,12428,0
17184,14006,15039,17791,12858,0
17459,13701,15149,18226,13253,0
17092,14193,14902,17528,12656,0
17587,13644,15100,18311,13367,0
16670,14746,14633,16743,11980,0
17385,13953,14919,17874,13007,0
17440,13892,14941,17961,13086,0
17293,14140,14782,17611,12805,0
17146,14388,14623,17261,12524,0
17311,14205,14689,17522,12761,0
17476,14022,14755,17783,12998,0
17164,14453,14530,17172,12480,0
17219,14392,14552,17259,12559,0
17181,14774,14136,16729,12225,0
17236,14713,14158,16816,12304,0
17547,14538,14082,17073,12611,0
17400,14786,13923,16723,12330,0
17455,14725,13945,16810,12409,0
18265,15007,17003,16399,10783,0
18595,14641,17135,16921,11257,0
18650,14580,17157,17008,11336,0
18574,14685,17201,16961,11289,0
18629,14624,17223,17048,11368,0
18558,14767,17020,16745,11134,0
18613,14706,17042,16832,11213,0
18778,14523,17108,17093,11450,0
18814,14653,16922,16915,11362,0
18869,14592,16944,17002,11441,0
18667,14901,16763,16565,11081,0
18828,15083,16501,16423,11095,0
18922,15043,16364,16381,11098,0
17955,12981,12362,15505,11945,0
18292,12904,12370,15838,12298,0
18347,12843,12392,15925,12377,0
18464,13010,12312,15910,12414,0
16434,14019,16765,17959,11981,0
16965,13600,16777,18564,12604,0
17020,13539,16799,18651,12683,0
16818,13848,16618,18214,12323,0
16873,13787,16640,18301,12402,0
16946,13791,16569,18299,12437,0
17001,13730,16591,18386,12516,0
16799,14039,16410,17949,12156,0
16817,14104,16317,17860,12112,0
18919,13307,11204,14357,12808,0
16219,13751,15958,16901,12871,0
16306,13844,16006,16889,12814,0
16654,14216,16198,16841,12586,0
15683,13104,15551,16983,13305,0
16205,13662,15839,16911,12963,0
16292,13755,15887,16899,12906,0
16553,14034,16031,16863,12735,0
15930,13294,15576,16957,13226,0
16017,13387,15624,16945,13169,0
15834,12832,15498,17254,13634,0
15829,13112,15409,16979,13375,0
16786,14135,15937,16847,12748,0
16873,14228,15985,16835,12691,0
15852,12897,15405,17165,13590,0
15907,12836,15427,17252,13669,0
16072,12653,15493,17513,13906,0
16127,12592,15515,17600,13985,0
15980,12840,15356,17250,13704,0
16035,12779,15378,17337,13783,0
16108,12783,15307,17335,13818,0
16163,12722,15329,17422,13897,0
16309,13403,15340,16937,13309,0
16396,13496,15388,16925,13252,0
16556,13593,15365,16911,13230,0
16643,13686,15413,16899,13173,0
16629,13597,15294,16909,13265,0
16716,13690,15342,16897,13208,0
16381,12990,14815,17062,13791,0
16747,13427,14914,16925,13519,0
16834,13520,14962,16913,13462,0
16646,13245,14747,16947,13668,0
16733,13338,14795,16935,13611,0
17429,14082,15179,16839,13155,0
17516,14175,15227,16827,13098,0
17241,13807,14964,16873,13361,0
17328,13900,15012,16861,13304,0
19585,12723,13284,14125,12054,0
19672,12816,13332,14113,11997,0
20281,13467,13668,14029,11598,0
16391,10707,14682,18635,14485,0
18026,11525,12100,15539,13672,0
19467,16079,13669,12039,15133,0
20076,16730,14005,11955,14734,0
19459,15759,13053,12423,16053,0
19975,16077,12879,12639,16401,0
20147,16183,12821,12711,16517,0
24683,18586,12460,11991,15841,0
25814,19795,13084,11835,15100,0
20949,16299,15896,12101,14754,0
21036,16392,15944,12089,14697,0
15501,15778,15767,16085,13572,0
15835,16061,15840,16047,13436,0
15212,15321,15385,16141,13927,0
15560,15693,15577,16093,13699,0
16082,16251,15865,16021,13357,0
16169,16344,15913,16009,13300,0
15546,15604,15458,16103,13791,0
15807,15883,15602,16067,13620,0
16329,16441,15890,15995,13278,0
16416,16534,15938,15983,13221,0
15619,15608,15387,16101,13826,0
16750,16817,16011,15945,13085,0
16837,16910,16059,15933,13028,0
15431,15333,15172,16135,14032,0
16736,16728,15892,15955,13177,0
16823,16821,15940,15943,13120,0
16099,15899,15318,16059,13760,0
15911,15624,15103,16093,13966,0
16694,16461,15535,15985,13453,0
16955,16740,15679,15949,13282,0
16057,15632,14961,16089,14036,0
16144,15725,15009,16077,13979,0
16217,15729,14938,16075,14014,0
16826,16380,15274,15991,13615,0
16203,15640,14819,16085,14106,0
16335,15559,14558,16091,14268,0
16422,15652,14606,16079,14211,0
16453,15389,14178,16107,14522,0
18717,12726,12029,13664,12783,0
18944,12771,11993,13823,12978,0
19274,12405,12125,14345,13452,0
19075,13516,11665,13430,12773,0
19467,13378,11695,13850,13205,0
19522,13317,11717,13937,13284,0
19742,13073,11805,14285,13600,0
19419,13728,11549,13574,13005,0
19639,13484,11637,13922,13321,0
19804,13301,11703,14183,13558,0
19976,13407,11645,14255,13674,0
20114,14441,11193,13673,13348,0
20169,14380,11215,13760,13427,0
20341,14486,11157,13832,13543,0
16811,14191,16278,15509,12266,0
17361,13581,16498,16379,13056,0
17581,13337,16586,16727,13372,0
17104,13951,16295,15855,12617,0
17709,13280,16537,16812,13486,0
16957,14199,16136,15505,12336,0
17177,13955,16224,15853,12652,0
17305,13898,16175,15938,12766,0
17360,13837,16197,16025,12845,0
17066,14333,15879,15325,12283,0
17451,13906,16033,15934,12836,0
17506,13845,16055,16021,12915,0
17505,14101,15754,15667,12704,0
20414,13655,14408,13318,11803,0
20469,13594,14430,13405,11882,0
20259,14018,14245,12917,11457,0
20534,13713,14355,13352,11852,0
20379,14076,14192,12951,11506,0
20654,13771,14302,13386,11901,0
20709,13710,14324,13473,11980,0
20609,14012,14183,13159,11713,0
20664,13951,14205,13246,11792,0
20674,14131,14108,13106,11683,0
20729,14070,14130,13193,11762,0
20794,14189,14055,13140,11732,0
20849,14128,14077,13227,11811,0
21024,14125,14046,13348,11939,0
21089,14244,13971,13295,11909,0
21144,14183,13993,13382,11988,0
21099,14424,13874,13155,11800,0
21154,14363,13896,13242,11879,0
20191,14008,14293,12921,11475,0
20596,13941,14253,13250,11810,0
20891,13996,14169,13405,11987,0
21271,14530,13816,13227,11916,0
21774,13567,11651,12335,13449,0
21861,13660,11699,12323,13392,0
18591,11299,11675,13536,14409,0
17404,13293,16304,15471,13651,0
17491,13386,16352,15459,13594,0
17637,13394,16210,15455,13664,0
20343,12167,14076,13277,13508,0
20398,12106,14098,13364,13587,0
20408,12286,14001,13224,13478,0
18707,12456,11238,16045,13244,0
19768,13245,13569,15047,11412,0
15704,14373,15950,17212,11780,0
15759,14312,15972,17299,11859,0
16290,13893,15984,17904,12482,0
15648,14690,15627,16771,11490,0
16308,13958,15891,17815,12438,0
16363,13897,15913,17902,12517,0
16583,13653,16001,18250,12833,0
16638,13592,16023,18337,12912,0
16051,14328,15688,17291,11999,0
16106,14267,15710,17378,12078,0
15794,14698,15485,16767,11560,0
16564,13844,15793,17985,12666,0
16619,13783,15815,18072,12745,0
16472,14031,15656,17722,12464,0
16527,13970,15678,17809,12543,0
16105,14523,15409,17024,11867,0
16380,14218,15519,17459,12262,0
16435,14157,15541,17546,12341,0
16233,14466,15360,17109,11981,0
16398,14283,15426,17370,12218,0
16563,14100,15492,17631,12455,0
16618,14039,15514,17718,12534,0
16691,14043,15443,17716,12569,0
16746,13982,15465,17803,12648,0
17021,13677,15575,18238,13043,0
17076,13616,15597,18325,13122,0
16599,14230,15306,17453,12367,0
16305,14726,14988,16753,11805,0
17240,13689,15362,18232,13148,0
17313,13693,15291,18230,13183,0
17368,13632,15313,18317,13262,0
17019,14189,14973,17530,12621,0
17404,13762,15127,18139,13174,0
17147,14132,14924,17615,12735,0
17202,14071,14946,17702,12814,0
17477,13766,15056,18137,13209,0
17532,13705,15078,18224,13288,0
16725,14685,14655,16830,12059,0
16780,14624,14677,16917,12138,0
17330,14014,14897,17787,12928,0
17495,13831,14963,18048,13165,0
17238,14201,14760,17524,12726,0
17458,13957,14848,17872,13042,0
17091,14449,14601,17174,12445,0
16999,14636,14464,16911,12243,0
17054,14575,14486,16998,12322,0
17329,14270,14596,17433,12717,0
17384,14209,14618,17520,12796,0
17182,14518,14437,17083,12436,0
17237,14457,14459,17170,12515,0
17420,14339,14432,17342,12708,0
17475,14278,14454,17429,12787,0
17511,14408,14268,17251,12699,0
17382,14721,14016,16812,12374,0
17437,14660,14038,16899,12453,0
17546,14794,13781,16719,12400,0
18320,14946,17025,16486,10862,0
18540,14702,17113,16834,11178,0
18409,14868,17135,16700,11052,0
18464,14807,17157,16787,11131,0
18684,14563,17245,17135,11447,0
18503,14828,16998,16658,11055,0
18647,14689,17130,16959,11324,0
18702,14628,17152,17046,11403,0
18649,14836,16856,16654,11125,0
18704,14775,16878,16741,11204,0
18612,14962,16741,16478,11002,0
18887,14657,16851,16913,11397,0
18758,14970,16599,16474,11072,0
18813,14909,16621,16561,11151,0
18792,14953,16687,16601,11183,0
18847,14892,16709,16688,11262,0
18810,15018,16594,16512,11139,0
18865,14957,16616,16599,11218,0
18959,14917,16479,16557,11221,0
18974,15091,16359,16419,11165,0
16412,10976,16497,20359,13756,0
18065,12859,12406,15679,12103,0
18120,12798,12428,15766,12182,0
18237,12965,12348,15751,12219,0
16379,14080,16743,17872,11902,0
16819,13592,16919,18568,12534,0
16874,13531,16941,18655,12613,0
16635,13966,16645,18042,12130,0
16690,13905,16667,18129,12209,0
16763,13909,16596,18127,12244,0
16928,13726,16662,18388,12481,0
16891,13852,16547,18212,12358,0
16744,14100,16388,17862,12077,0
17257,13616,16493,18556,12744,0
17312,13555,16515,18643,12823,0
19006,13400,11252,14345,12751,0
15610,13100,15622,16985,13270,0
16393,13937,16054,16877,12757,0
15770,13197,15599,16971,13248,0
16640,14127,16079,16851,12678,0
15756,13108,15480,16981,13340,0
15843,13201,15528,16969,13283,0
16104,13480,15672,16933,13112,0
16800,14224,16056,16837,12656,0
16887,14317,16104,16825,12599,0
15889,12771,15520,17341,13713,0
15944,12710,15542,17428,13792,0
15916,13205,15457,16967,13318,0
16612,13949,15841,16871,12862,0
16053,12844,15285,17248,13739,0
16218,12661,15351,17509,13976,0
16048,13124,15196,16973,13480,0
16135,13217,15244,16961,13423,0
17092,14240,15772,16829,12796,0
17179,14333,15820,16817,12739,0
16346,12604,15302,17594,14090,0
16121,13128,15125,16971,13515,0
16208,13221,15173,16959,13458,0
16368,13318,15150,16945,13436,0
16455,13411,15198,16933,13379,0
16803,13783,15390,16885,13151,0
16963,13880,15367,16871,13129,0
17050,13973,15415,16859,13072,0
16514,13326,15008,16941,13506,0
16601,13419,15056,16929,13449,0
16418,12864,14930,17238,13914,0
16660,13334,14866,16937,13576,0
17095,13799,15106,16877,13291,0
17182,13892,15154,16865,13234,0
17342,13989,15131,16851,13212,0
17154,13714,14916,16885,13418,0
17415,13993,15060,16849,13247,0
17502,14086,15108,16837,13190,0
17314,13811,14893,16871,13396,0
17401,13904,14941,16859,13339,0
17387,13815,14822,16869,13431,0
17519,13734,14561,16875,13593,0
19237,12351,13092,14173,12282,0
19324,12444,13140,14161,12225,0
19759,12909,13380,14101,11940,0
18287,11804,12244,15503,13501,0
19728,16358,13813,12003,14962,0
19815,16451,13861,11991,14905,0
19803,15971,12937,12567,16285,0
20688,16020,15752,12137,14925,0
20775,16113,15800,12125,14868,0
21210,16578,16040,12065,14583,0
21417,16729,16035,12087,14575,0
21504,16822,16083,12075,14518,0
15414,15685,15719,16097,13629,0
16197,16522,16151,15989,13116,0
16284,16615,16199,15977,13059,0
15748,15968,15792,16059,13493,0
16618,16898,16272,15939,12923,0
15473,15600,15529,16105,13756,0
15995,16158,15817,16033,13414,0
15372,15418,15362,16127,13905,0
15459,15511,15410,16115,13848,0
16155,16255,15794,16019,13392,0
16242,16348,15842,16007,13335,0
16677,16813,16082,15947,13050,0
16764,16906,16130,15935,12993,0
16402,16445,15819,15993,13313,0
16489,16538,15867,15981,13256,0
15779,15705,15364,16087,13804,0
15866,15798,15412,16075,13747,0
16983,16918,15917,15929,13098,0
16012,15806,15270,16071,13817,0
15824,15531,15055,16105,14023,0
16318,15911,15105,16053,13865,0
16927,16562,15441,15969,13466,0
16276,15644,14748,16083,14141,0
16363,15737,14796,16071,14084,0
16161,15373,14462,16115,14382,0
16248,15466,14510,16103,14325,0
16380,15385,14249,16109,14487,0
18889,12832,11971,13736,12899,0
19164,12527,12081,14171,13294,0
19412,13439,11673,13763,13126,0
19577,13256,11739,14024,13363,0
19364,13789,11527,13487,12926,0
19584,13545,11615,13835,13242,0
20224,14319,11237,13847,13506,0
20286,14547,11135,13745,13464,0
16976,14008,16344,15770,12503,0
17031,13947,16366,15857,12582,0
17251,13703,16454,16205,12898,0
17306,13642,16476,16292,12977,0
16994,14073,16251,15681,12459,0
17049,14012,16273,15768,12538,0
17599,13402,16493,16638,13328,0
17654,13341,16515,16725,13407,0
17727,13345,16444,16723,13442,0
17140,14081,16109,15677,12529,0
17195,14020,16131,15764,12608,0
17121,14272,15901,15412,12362,0
17286,14089,15967,15673,12599,0
17341,14028,15989,15760,12678,0
17450,14162,15732,15580,12625,0
20359,13716,14386,13231,11724,0
20524,13533,14452,13492,11961,0
20424,13835,14311,13178,11694,0
20434,14015,14214,13038,11585,0
20599,13832,14280,13299,11822,0
20554,14073,14161,13072,11634,0
20719,13890,14227,13333,11871,0
20619,14192,14086,13019,11604,0
20784,14009,14152,13280,11841,0
20839,13948,14174,13367,11920,0
20859,14308,13980,13087,11702,0
21034,14305,13949,13208,11830,0
21209,14302,13918,13329,11958,0
20651,13880,14275,13337,11889,0
20781,14118,14125,13231,11829,0
20836,14057,14147,13318,11908,0
22209,14032,11891,12275,13164,0
22296,14125,11939,12263,13107,0
19621,12999,12285,12921,13159,0
19708,13092,12333,12909,13102,0
18919,12015,11439,13305,14305,0
19435,12333,11265,13521,14653,0
17665,13572,16448,15435,13480,0
17564,13390,16281,15457,13629,0
17651,13483,16329,15445,13572,0
20288,12228,14054,13190,13429,0
20463,12225,14023,13311,13557,0
20528,12344,13948,13258,13527,0
20460,12334,13996,13262,13545,0
18762,12395,11260,16132,13323,0
19713,13306,13547,14960,11333,0
20153,12818,13723,15656,11965,0
15594,14495,15906,17038,11622,0
15649,14434,15928,17125,11701,0
15869,14190,16016,17473,12017,0
16235,13954,15962,17817,12403,0
15758,14568,15671,16945,11648,0
15978,14324,15759,17293,11964,0
16033,14263,15781,17380,12043,0
16418,13836,15935,17989,12596,0
16693,13531,16045,18424,12991,0
16748,13470,16067,18511,13070,0
15776,14633,15578,16856,11604,0
16271,14084,15776,17639,12315,0
16326,14023,15798,17726,12394,0
15849,14637,15507,16854,11639,0
16234,14210,15661,17463,12192,0
16289,14149,15683,17550,12271,0
16417,14092,15634,17635,12385,0
16857,13604,15810,18331,13017,0
15940,14706,15343,16763,11630,0
15995,14645,15365,16850,11709,0
16270,14340,15475,17285,12104,0
16325,14279,15497,17372,12183,0
16710,13852,15651,17981,12736,0
16765,13791,15673,18068,12815,0
16930,13608,15739,18329,13052,0
16838,13795,15602,18066,12850,0
16636,14104,15421,17629,12490,0
16801,13921,15487,17890,12727,0
16966,13738,15553,18151,12964,0
16379,14474,15218,17105,12051,0
16434,14413,15240,17192,12130,0
16910,14055,15230,17710,12674,0
16965,13994,15252,17797,12753,0
17185,13750,15340,18145,13069,0
17148,13876,15225,17969,12946,0
17074,14128,14995,17617,12700,0
17129,14067,15017,17704,12779,0
17349,13823,15105,18052,13095,0
17422,13827,15034,18050,13130,0
17055,14319,14787,17352,12533,0
17110,14258,14809,17439,12612,0
17018,14445,14672,17176,12410,0
17073,14384,14694,17263,12489,0
17513,13896,14870,17959,13121,0
16944,14697,14442,16824,12164,0
17109,14514,14508,17085,12401,0
17274,14331,14574,17346,12638,0
17439,14148,14640,17607,12875,0
17494,14087,14662,17694,12954,0
16962,14762,14349,16735,12120,0
17255,14522,14366,17081,12471,0
17310,14461,14388,17168,12550,0
17401,14530,14224,17077,12541,0
17456,14469,14246,17164,12620,0
17474,14534,14153,17075,12576,0
17529,14473,14175,17162,12655,0
17327,14782,13994,16725,12295,0
17492,14599,14060,16986,12532,0
18485,14763,17091,16747,11099,0
18244,15051,17069,16439,10815,0
18299,14990,17091,16526,10894,0
18519,14746,17179,16874,11210,0
18317,15055,16998,16437,10850,0
18812,14506,17196,17220,11561,0
18741,14649,16993,16917,11327,0
18796,14588,17015,17004,11406,0
18594,14897,16834,16567,11046,0
18759,14714,16900,16828,11283,0
18518,15002,16878,16520,10999,0
18557,15023,16719,16391,10923,0
18703,15031,16577,16387,10993,0
18868,14848,16643,16648,11230,0
18755,15079,16572,16425,11060,0
18010,12920,12384,15592,12024,0
18182,13026,12326,15664,12140,0
16324,14141,16721,17785,11823,0
16709,13714,16875,18394,12376,0
16764,13653,16897,18481,12455,0
17039,13348,17007,18916,12850,0
16782,13718,16804,18392,12411,0
16837,13657,16826,18479,12490,0
16470,14149,16579,17781,11893,0
16745,13844,16689,18216,12288,0
16800,13783,16711,18303,12367,0
16543,14153,16508,17779,11928,0
16983,13665,16684,18475,12560,0
16671,14096,16459,17864,12042,0
16726,14035,16481,17951,12121,0
16689,14161,16366,17775,11998,0
17037,13860,16405,18208,12428,0
17092,13799,16427,18295,12507,0
17275,13681,16400,18467,12700,0
17330,13620,16422,18554,12779,0
19093,13493,11300,14333,12694,0
16045,13565,15862,16925,12985,0
16132,13658,15910,16913,12928,0
16539,13945,15912,16873,12827,0
16626,14038,15960,16861,12770,0
16054,12588,15586,17602,13950,0
16003,13298,15505,16955,13261,0
16699,14042,15889,16859,12805,0
16960,14321,16033,16823,12634,0
16222,13310,15292,16949,13366,0
16657,13775,15532,16889,13081,0
16744,13868,15580,16877,13024,0
16469,13500,15317,16923,13287,0
16194,13132,15054,16969,13550,0
16281,13225,15102,16957,13493,0
16542,13504,15246,16921,13322,0
16267,13136,14983,16967,13585,0
16340,13140,14912,16965,13620,0
16427,13233,14960,16953,13563,0
16363,12925,14908,17151,13835,0
16486,13148,14770,16961,13690,0
16573,13241,14818,16949,13633,0
17008,13706,15058,16889,13348,0
17269,13985,15202,16853,13177,0
17168,13803,15035,16875,13326,0
17255,13896,15083,16863,13269,0
17067,13621,14868,16897,13475,0
17053,13532,14749,16907,13567,0
17140,13625,14797,16895,13510,0
17488,13997,14989,16847,13282,0
17474,13908,14870,16857,13374,0
17112,13447,14559,16915,13694,0
17199,13540,14607,16903,13637,0
17345,13548,14465,16899,13707,0
17432,13641,14513,16887,13650,0
19411,12537,13188,14149,12168,0
19498,12630,13236,14137,12111,0
18161,11693,12241,15521,13670,0
19902,16544,13909,11979,14848,0
19989,16637,13957,11967,14791,0
20862,16206,15848,12113,14811,0
21123,16485,15992,12077,14640,0
21330,16636,15987,12099,14632,0
15066,15313,15527,16145,13857,0
15153,15406,15575,16133,13800,0
15849,16150,15959,16037,13344,0
16458,16801,16295,15953,12945,0
16545,16894,16343,15941,12888,0
16270,16526,16080,15987,13151,0
16357,16619,16128,15975,13094,0
15908,16065,15769,16045,13471,0
16068,16162,15746,16031,13449,0
16503,16627,15986,15971,13164,0
16054,16073,15627,16041,13541,0
16141,16166,15675,16029,13484,0
16576,16631,15915,15969,13199,0
15692,15612,15316,16099,13861,0
16649,16635,15844,15967,13234,0
15838,15620,15174,16095,13931,0
15925,15713,15222,16083,13874,0
16231,15818,15057,16065,13922,0
16189,15551,14700,16095,14198,0
16972,16388,15132,15987,13685,0
18834,12893,11949,13649,12820,0
19219,12466,12103,14258,13373,0
20327,13908,11405,14210,13785,0
16921,14069,16322,15683,12424,0
16939,14134,16229,15594,12380,0
17379,13646,16405,16290,13012,0
17507,13589,16356,16375,13126,0
17562,13528,16378,16462,13205,0
17085,14142,16087,15590,12450,0
17250,13959,16153,15851,12687,0
17580,13593,16285,16373,13161,0
17635,13532,16307,16460,13240,0
17323,13963,16082,15849,12722,0
17378,13902,16104,15936,12801,0
17396,13967,16011,15847,12757,0
17414,14032,15918,15758,12713,0
17469,13971,15940,15845,12792,0
17285,14345,15666,15319,12388,0
17340,14284,15688,15406,12467,0
20249,13838,14342,13057,11566,0
20304,13777,14364,13144,11645,0
20479,13774,14333,13265,11773,0
20499,14134,14139,12985,11555,0
20774,13829,14249,13420,11950,0
20969,14186,14024,13261,11860,0
21459,14598,13715,13257,11947,0
20466,13703,14403,13356,11870,0
20521,13642,14425,13443,11949,0
21086,14353,13944,13246,11897,0
21141,14292,13966,13333,11976,0
22122,13939,11843,12287,13221,0
23079,14962,12371,12155,12594,0
18403,11697,11613,13089,13957,0
18490,11790,11661,13077,13900,0
19795,13185,12381,12897,13045,0
19951,12651,11091,13737,15001,0
17578,13479,16400,15447,13537,0
17477,13297,16233,15469,13686,0
20583,12283,13970,13345,13606,0
20340,12276,14049,13228,13496,0
20208,12757,13745,15743,12044,0
15484,14617,15862,16864,11464,0
15539,14556,15884,16951,11543,0
15814,14251,15994,17386,11938,0
15703,14629,15649,16858,11569,0
15923,14385,15737,17206,11885,0
16198,14080,15847,17641,12280,0
16253,14019,15869,17728,12359,0
15941,14450,15644,17117,11841,0
15996,14389,15666,17204,11920,0
16161,14206,15732,17465,12157,0
16216,14145,15754,17552,12236,0
16381,13962,15820,17813,12473,0
16436,13901,15842,17900,12552,0
16766,13535,15974,18422,13026,0
16124,14332,15617,17289,12034,0
16399,14027,15727,17724,12429,0
16454,13966,15749,17811,12508,0
16307,14214,15590,17461,12227,0
16362,14153,15612,17548,12306,0
16692,13787,15744,18070,12780,0
16747,13726,15766,18157,12859,0
16050,14584,15387,16937,11788,0
16655,13913,15629,17894,12657,0
16728,13917,15558,17892,12692,0
16783,13856,15580,17979,12771,0
16581,14165,15399,17542,12411,0
16324,14535,15196,17018,11972,0
16544,14291,15284,17366,12288,0
17094,13681,15504,18236,13078,0
17149,13620,15526,18323,13157,0
16782,14112,15279,17625,12560,0
16837,14051,15301,17712,12639,0
16690,14299,15142,17362,12358,0
16745,14238,15164,17449,12437,0
17020,13933,15274,17884,12832,0
17203,13815,15247,18056,13025,0
17258,13754,15269,18143,13104,0
17367,13888,15012,17963,13051,0
16835,14563,14699,17004,12217,0
16890,14502,14721,17091,12296,0
17660,13648,15029,18309,13402,0
17183,14262,14738,17437,12647,0
16889,14758,14420,16737,12085,0
17017,14701,14371,16822,12199,0
17402,14274,14525,17431,12752,0
17457,14213,14547,17518,12831,0
17035,14766,14278,16733,12155,0
17090,14705,14300,16820,12234,0
17365,14400,14410,17255,12629,0
17530,14217,14476,17516,12866,0
17218,14648,14251,16905,12348,0
17273,14587,14273,16992,12427,0
17254,14778,14065,16727,12260,0
18354,14929,17113,16613,10973,0
18372,14994,17020,16524,10929,0
18427,14933,17042,16611,11008,0
18757,14567,17174,17133,11482,0
18466,14954,16883,16482,10932,0
18521,14893,16905,16569,11011,0
18906,14466,17059,17178,11564,0
18665,14754,17037,16870,11280,0
18720,14693,17059,16957,11359,0
18573,14941,16900,16607,11078,0
18628,14880,16922,16694,11157,0
18997,14535,16895,17087,11555,0
18901,15087,16430,16421,11130,0
18956,15026,16452,16508,11209,0
18127,13087,12304,15577,12061,0
16654,13775,16853,18307,12297,0
16984,13409,16985,18829,12771,0
16617,13901,16738,18131,12174,0
16672,13840,16760,18218,12253,0
16892,13596,16848,18566,12569,0
16947,13535,16870,18653,12648,0
16580,14027,16623,17955,12051,0
16855,13722,16733,18390,12446,0
16598,14092,16530,17866,12007,0
17038,13604,16706,18562,12639,0
16616,14157,16437,17777,11963,0
16836,13913,16525,18125,12279,0
17166,13547,16657,18647,12753,0
17074,13734,16520,18384,12551,0
17129,13673,16542,18471,12630,0
17202,13677,16471,18469,12665,0
17110,13864,16334,18206,12463,0
17165,13803,16356,18293,12542,0
15871,13379,15766,16949,13099,0
15958,13472,15814,16937,13042,0
16452,13852,15864,16885,12884,0
16713,14131,16008,16849,12713,0
15999,12649,15564,17515,13871,0
16177,13484,15601,16931,13147,0
16264,13577,15649,16919,13090,0
16859,14139,15866,16845,12783,0
16946,14232,15914,16833,12726,0
16410,13585,15507,16915,13160,0
16497,13678,15555,16903,13103,0
16483,13589,15436,16913,13195,0
16570,13682,15484,16901,13138,0
16831,13961,15628,16865,12967,0
16918,14054,15676,16853,12910,0
16382,13407,15269,16935,13344,0
17165,14244,15701,16827,12831,0
17252,14337,15749,16815,12774,0
17238,14248,15630,16825,12866,0
17325,14341,15678,16813,12809,0
16876,13787,15319,16883,13186,0
17137,14066,15463,16847,13015,0
17384,14256,15488,16821,12936,0
17471,14349,15536,16809,12879,0
17544,14353,15465,16807,12914,0
16921,13613,15010,16901,13405,0
16994,13617,14939,16899,13440,0
17081,13710,14987,16887,13383,0
16806,13342,14724,16933,13646,0
16893,13435,14772,16921,13589,0
16966,13439,14701,16919,13624,0
17227,13718,14845,16883,13453,0
17286,13633,14655,16891,13580,0
17373,13726,14703,16879,13523,0
19115,15547,13169,12279,15821,0
21558,16950,16232,12017,14355,0
21069,16357,15843,12135,14803,0
21156,16450,15891,12123,14746,0
20928,16136,15646,12205,15023,0
21015,16229,15694,12193,14966,0
15327,15592,15671,16109,13686,0
16110,16429,16103,16001,13173,0
16371,16708,16247,15965,13002,0
16096,16340,15984,16011,13265,0
16183,16433,16032,15999,13208,0
16531,16805,16224,15951,12980,0
16590,16720,16034,15959,13107,0
15967,15980,15579,16053,13598,0
16228,16259,15723,16017,13427,0
16663,16724,15963,15957,13142,0
15953,15891,15460,16063,13690,0
20272,13969,11383,14123,13706,0
16866,14130,16300,15596,12345,0
16884,14195,16207,15507,12301,0
17489,13524,16449,16464,13170,0
17544,13463,16471,16551,13249,0
17397,13711,16312,16201,12968,0
17452,13650,16334,16288,13047,0
17672,13406,16422,16636,13363,0
16920,14325,16021,15329,12213,0
17525,13654,16263,16286,13082,0
17268,14024,16060,15762,12643,0
17763,13475,16258,16545,13354,0
17139,14337,15808,15323,12318,0
17194,14276,15830,15410,12397,0
17542,13975,15869,15843,12827,0
17395,14223,15710,15493,12546,0
17431,14353,15524,15315,12458,0
17486,14292,15546,15402,12537,0
20139,13960,14298,12883,11408,0
20914,14247,14002,13174,11781,0
20411,13764,14381,13269,11791,0
20586,13761,14350,13390,11919,0
21021,14234,14019,13299,11927,0
21031,14414,13922,13159,11818,0
22035,13846,11795,12299,13278,0
22905,14776,12275,12179,12708,0
22992,14869,12323,12167,12651,0
19447,12813,12189,12945,13273,0
19534,12906,12237,12933,13216,0
16088,14202,15803,17467,12122,0
15831,14572,15600,16943,11683,0
15886,14511,15622,17030,11762,0
16491,13840,15864,17987,12631,0
16546,13779,15886,18074,12710,0
16179,14271,15639,17376,12113,0
16344,14088,15705,17637,12350,0
16509,13905,15771,17898,12587,0
16197,14336,15546,17287,12069,0
16252,14275,15568,17374,12148,0
16802,13665,15788,18244,12938,0
16600,13974,15607,17807,12578,0
16673,13978,15536,17805,12613,0
17003,13612,15668,18327,13087,0
16526,14226,15377,17455,12332,0
16159,14718,15130,16757,11735,0
16214,14657,15152,16844,11814,0
16489,14352,15262,17279,12209,0
16764,14047,15372,17714,12604,0
16232,14722,15059,16755,11770,0
16525,14482,15076,17101,12121,0
16580,14421,15098,17188,12200,0
16855,14116,15208,17623,12595,0
17000,14380,14765,17265,12454,0
17605,13709,15007,18222,13323,0
17128,14323,14716,17350,12568,0
17127,14579,14415,16996,12357,0
17347,14335,14503,17344,12673,0
17512,14152,14569,17605,12910,0
17200,14583,14344,16994,12392,0
17108,14770,14207,16731,12190,0
17163,14709,14229,16818,12269,0
17438,14404,14339,17253,12664,0
17493,14343,14361,17340,12743,0
17364,14656,14109,16901,12418,0
17419,14595,14131,16988,12497,0
18482,14872,17064,16698,11087,0
18411,15015,16861,16395,10853,0
18686,14710,16971,16830,11248,0
18851,14527,17037,17091,11485,0
18445,14998,16949,16522,10964,0
18500,14937,16971,16609,11043,0
18942,14596,16873,17000,11476,0
18995,15047,16293,16379,11133,0
18017,13209,12260,15403,11903,0
16929,13470,16963,18742,12692,0
16562,13962,16716,18044,12095,0
16727,13779,16782,18305,12332,0
17057,13413,16914,18827,12806,0
16525,14088,16601,17868,11972,0
16910,13661,16755,18477,12525,0
16653,14031,16552,17953,12086,0
16708,13970,16574,18040,12165,0
16781,13974,16503,18038,12200,0
17019,13795,16498,18297,12472,0
17147,13738,16449,18382,12586,0
16835,14169,16224,17771,12068,0
17220,13742,16378,18380,12621,0
15784,13286,15718,16961,13156,0
16365,13759,15816,16897,12941,0
16090,13391,15553,16943,13204,0
16351,13670,15697,16907,13033,0
16424,13674,15626,16905,13068,0
16511,13767,15674,16893,13011,0
16236,13399,15411,16939,13274,0
16323,13492,15459,16927,13217,0
17005,14147,15724,16841,12853,0
16295,13314,15221,16947,13401,0
16991,14058,15605,16851,12945,0
17078,14151,15653,16839,12888,0
17064,14062,15534,16849,12980,0
17151,14155,15582,16837,12923,0
16615,13508,15175,16919,13357,0
16702,13601,15223,16907,13300,0
17398,14345,15607,16811,12844,0
17036,13884,15296,16869,13164,0
17123,13977,15344,16857,13107,0
17283,14074,15321,16843,13085,0
17370,14167,15369,16831,13028,0
17443,14171,15298,16829,13063,0
17530,14264,15346,16817,13006,0
16980,13528,14820,16909,13532,0
21471,16857,16184,12029,14412,0
20982,16264,15795,12147,14860,0
21243,16543,15939,12111,14689,0
15240,15499,15623,16121,13743,0
16023,16336,16055,16013,13230,0
16444,16712,16176,15963,13037,0
16315,16352,15771,16005,13370,0
16562,16542,15796,15979,13291,0
16450,15830,14844,16059,14027,0
16774,14317,16163,15333,12143,0
16829,14256,16185,15420,12222,0
17434,13585,16427,16377,13091,0
17342,13772,16290,16114,12889,0
17617,13467,16400,16549,13284,0
16975,14264,16043,15416,12292,0
17030,14203,16065,15503,12371,0
17415,13776,16219,16112,12924,0
17470,13715,16241,16199,13003,0
17690,13471,16329,16547,13319,0
17103,14207,15994,15501,12406,0
17158,14146,16016,15588,12485,0
17653,13597,16214,16371,13196,0
17708,13536,16236,16458,13275,0
17249,14215,15852,15497,12476,0
17304,14154,15874,15584,12555,0
17524,13910,15962,15932,12871,0
17212,14341,15737,15321,12353,0
17267,14280,15759,15408,12432,0
17358,14349,15595,15317,12423,0
17541,14231,15568,15489,12616,0
20194,13899,14320,12970,11487,0
20356,13825,14359,13182,11712,0
20531,13822,14328,13303,11840,0
20911,14356,13975,13125,11769,0
21391,14588,13763,13261,11965,0
21948,13753,11747,12311,13335,0
22470,14311,12035,12239,12993,0
22557,14404,12083,12227,12936,0
18925,12255,11901,13017,13615,0
19012,12348,11949,13005,13558,0
21016,13126,14464,12995,12837,0
21049,13091,14363,13041,12943,0
21136,13184,14411,13029,12886,0
20995,12963,14214,13099,13106,0
21082,13056,14262,13087,13049,0
20395,12215,14071,13315,13575,0
16143,14141,15825,17554,12201,0
16784,13600,15881,18333,12982,0
16545,14035,15585,17720,12499,0
16086,14714,15201,16759,11700,0
16269,14596,15174,16931,11893,0
16984,13803,15460,18062,12920,0
17039,13742,15482,18149,12999,0
16342,14600,15103,16929,11928,0
16397,14539,15125,17016,12007,0
17222,13624,15455,18321,13192,0
16360,14665,15010,16840,11884,0
16415,14604,15032,16927,11963,0
16635,14360,15120,17275,12279,0
16800,14177,15186,17536,12516,0
16945,14441,14743,17178,12375,0
17550,13770,14985,18135,13244,0
17072,14640,14393,16909,12278,0
17292,14396,14481,17257,12594,0
17145,14644,14322,16907,12313,0
17328,14526,14295,17079,12506,0
17383,14465,14317,17166,12585,0
17309,14717,14087,16814,12339,0
18537,14811,17086,16785,11166,0
18576,14832,16927,16656,11090,0
18631,14771,16949,16743,11169,0
18610,14815,17015,16783,11201,0
18830,14571,17103,17131,11517,0
18683,14819,16944,16781,11236,0
18850,14783,16736,16737,11274,0
18905,14722,16758,16824,11353,0
18609,15071,16714,16429,10990,0
18941,14852,16572,16646,11265,0
18920,14896,16638,16686,11297,0
18072,13148,12282,15490,11982,0
16507,14023,16694,17957,12016,0
17002,13474,16892,18740,12727,0
16964,13856,16476,18210,12393,0
17239,13551,16586,18645,12788,0
16945,14047,16268,17945,12226,0
17000,13986,16290,18032,12305,0
15697,13193,15670,16973,13213,0
15902,13116,15338,16977,13410,0
16598,13860,15722,16881,12954,0
16149,13306,15363,16951,13331,0
16904,13965,15557,16863,13002,0
16890,13876,15438,16873,13094,0
16977,13969,15486,16861,13037,0
16354,13229,15031,16955,13528,0
16441,13322,15079,16943,13471,0
16789,13694,15271,16895,13243,0
17311,14252,15559,16823,12901,0
16688,13512,15104,16917,13392,0
16775,13605,15152,16905,13335,0
17210,14070,15392,16845,13050,0
17297,14163,15440,16833,12993,0
16761,13516,15033,16915,13427,0
16848,13609,15081,16903,13370,0
17457,14260,15417,16819,12971,0
17356,14078,15250,16841,13120,0
16719,13249,14676,16945,13703,0
17505,13645,14442,16885,13685,0
20895,16171,15747,12159,14917,0
15936,16243,16007,16025,13287,0
16040,15984,15508,16051,13633,0
16127,16077,15556,16039,13576,0
20389,14136,11303,14108,13743,0
17232,13894,16246,15940,12731,0
17287,13833,16268,16027,12810,0
16993,14329,15950,15327,12248,0
17213,14085,16038,15675,12564,0
17598,13658,16192,16284,13117,0
17359,14093,15896,15671,12634,0
17322,14219,15781,15495,12511,0
17377,14158,15803,15582,12590,0
17413,14288,15617,15404,12502,0
20966,14295,13997,13212,11848,0
22383,14218,11987,12251,13050,0
22731,14590,12179,12203,12822,0
22818,14683,12227,12191,12765,0
18664,11976,11757,13053,13786,0
18751,12069,11805,13041,13729,0
19273,12627,12093,12969,13387,0
19360,12720,12141,12957,13330,0
18575,11803,11555,13161,14073,0
19607,12439,11207,13593,14769,0
20842,12940,14368,13019,12951,0
20929,13033,14416,13007,12894,0
20527,12533,14075,13113,13285,0
20614,12626,14123,13101,13228,0
20647,12591,14022,13147,13334,0
20734,12684,14070,13135,13277,0
21028,12928,14113,13145,13212,0
21115,13021,14161,13133,13155,0
16729,13661,15859,18246,12903,0
16490,14096,15563,17633,12420,0
16416,14348,15333,17281,12174,0
16471,14287,15355,17368,12253,0
16874,13925,15416,17888,12762,0
16929,13864,15438,17975,12841,0
16287,14661,15081,16842,11849,0
16507,14417,15169,17190,12165,0
16562,14356,15191,17277,12244,0
17112,13746,15411,18147,13034,0
17167,13685,15433,18234,13113,0
16470,14543,15054,17014,12042,0
17473,14790,13852,16721,12365,0
18592,14750,17108,16872,11245,0
18555,14876,16993,16696,11122,0
18775,14632,17081,17044,11438,0
18924,14531,16966,17089,11520,0
18591,15006,16807,16518,11034,0
18646,14945,16829,16605,11113,0
18740,14905,16692,16563,11116,0
18795,14844,16714,16650,11195,0
18774,14888,16780,16690,11227,0
18886,14913,16550,16559,11186,0
18285,12615,12494,16027,12419,0
16397,14145,16650,17783,11858,0
16452,14084,16672,17870,11937,0
17184,13612,16564,18558,12709,0
16890,14108,16246,17858,12147,0
17055,13925,16312,18119,12384,0
15989,13209,15386,16965,13353,0
16685,13953,15770,16869,12897,0
16772,14046,15818,16857,12840,0
17033,14325,15962,16821,12669,0
15975,13120,15267,16975,13445,0
16062,13213,15315,16963,13388,0
17106,14329,15891,16819,12704,0
16817,13872,15509,16875,13059,0
16528,13415,15127,16931,13414,0
17224,14159,15511,16835,12958,0
16862,13698,15200,16893,13278,0
16949,13791,15248,16881,13221,0
16674,13423,14985,16927,13484,0
17196,13981,15273,16855,13142,0
16301,16263,15652,16015,13462,0
16388,16356,15700,16003,13405,0
17745,13410,16351,16634,13398,0
17048,14268,15972,15414,12327,0
17543,13719,16170,16197,13038,0
17487,14036,15847,15756,12748,0
17523,14166,15661,15578,12660,0
22644,14497,12131,12215,12879,0
18577,11883,11709,13065,13843,0
18838,12162,11853,13029,13672,0
19186,12534,12045,12981,13444,0
20494,12568,14176,13067,13179,0
20581,12661,14224,13055,13122,0
20440,12440,14027,13125,13342,0
20788,12812,14219,13077,13114,0
20875,12905,14267,13065,13057,0
20560,12498,13974,13159,13391,0
20821,12777,14118,13123,13220,0
20941,12835,14065,13157,13269,0
21202,13114,14209,13121,13098,0
16674,13722,15837,18159,12824,0
16196,14592,15245,16933,11858,0
16251,14531,15267,17020,11937,0
16819,13986,15394,17801,12683,0
16452,14478,15147,17103,12086,0
16727,14173,15257,17538,12481,0
17057,13807,15389,18060,12955,0
17548,14282,14383,17427,12822,0
17528,14729,13874,16808,12444,0
18536,15067,16785,16431,10955,0
18701,14884,16851,16692,11192,0
18630,15027,16648,16389,10958,0
18685,14966,16670,16476,11037,0
18719,14949,16758,16603,11148,0
18831,14974,16528,16472,11107,0
18175,12737,12450,15853,12261,0
18230,12676,12472,15940,12340,0
16163,13395,15482,16941,13239,0
16250,13488,15530,16929,13182,0
16932,14143,15795,16843,12818,0
17019,14236,15843,16831,12761,0
16730,13779,15461,16887,13116,0
16413,13144,14841,16963,13655,0
16500,13237,14889,16951,13598,0
16935,13702,15129,16891,13313,0
17359,13637,14584,16889,13615,0
17446,13730,14632,16877,13558,0
16214,16170,15604,16027,13519,0
16475,16449,15748,15991,13348,0
17433,13841,16126,16023,12880,0
17488,13780,16148,16110,12959,0
17432,14097,15825,15669,12669,0
17468,14227,15639,15491,12581,0
21151,14472,13869,13193,11867,0
19099,12441,11997,12993,13501,0
20320,12382,14080,13091,13293,0
20668,12754,14272,13043,13065,0
20701,12719,14171,13089,13171,0
20962,12998,14315,13053,13000,0
20908,12870,14166,13111,13163,0
21169,13149,14310,13075,12992,0
20854,12742,14017,13169,13326,0
16141,14653,15223,16846,11779,0
16306,14470,15289,17107,12016,0
16361,14409,15311,17194,12095,0
16672,14234,15235,17451,12402,0
16947,13929,15345,17886,12797,0
17002,13868,15367,17973,12876,0
18756,14823,16873,16779,11271,0
18960,14661,16780,16911,11432,0
18664,15010,16736,16516,11069,0
18776,15035,16506,16385,11028,0
16076,13302,15434,16953,13296,0
16337,13581,15578,16917,13125,0
16584,13771,15603,16891,13046,0
16587,13330,14937,16939,13541,0
17022,13795,15177,16879,13256,0
17533,13823,14680,16865,13501,0
21102,16322,15742,12181,14909,0
21135,16287,15641,12227,15015,0
21222,16380,15689,12215,14958,0
21206,14411,13891,13280,11946,0
20407,12475,14128,13079,13236,0
20755,12847,14320,13031,13008,0
20767,12649,13969,13181,13383,0
16617,14295,15213,17364,12323,0
16892,13990,15323,17799,12718,0
16758,13957,15699,16867,12932,0
16845,14050,15747,16855,12875,0
17109,13888,15225,16867,13199,0
17272,13544,14536,16901,13672,0
21189,16415,15790,12169,14852,0
21048,16194,15593,12239,15072,0
21396,16566,15785,12191,14844,0
21483,16659,15833,12179,14787,0
20680,12556,13921,13193,13440,0
16671,13864,15651,16879,12989,0
21363,16601,15886,12145,14738,0
21450,16694,15934,12133,14681,0
21309,16473,15737,12203,14901,0
21276,16508,15838,12157,14795,0
21537,16787,15982,12121,14624,0
