obj0,obj1,obj2,obj3,cpu
31393,27790,21676,29585,0.25029
27476,26324,21835,26445,0.303292
21206,29836,25882,14485,0.31564
21336,30174,23890,15784,0.322639
22442,27007,25240,13954,0.332668
22572,27345,23248,15253,0.342152
26517,29319,20607,26637,0.416157
27448,25816,24317,18201,0.463022
16442,27244,25541,22530,0.474664
17074,27756,27663,17286,0.482024
22123,31855,20994,27478,0.484025
16572,27582,23549,23829,0.48727
17204,28094,25671,18585,0.494518
22470,27515,22758,22198,0.495885
20277,25565,24922,21033,0.498789
20909,26077,27044,15789,0.506177
22600,27853,20766,23497,0.508204
20407,25903,22930,22332,0.51166
21039,26415,25052,17088,0.518826
29500,32639,20475,26979,0.555768
25283,24374,23999,25280,0.590658
25915,24886,26121,20036,0.595683
19555,30902,23417,24171,0.628565
20187,31414,25539,18927,0.638146
25425,30327,25108,14296,0.64699
25583,31173,20634,23839,0.656278
25555,30665,23116,15595,0.664118
27646,26122,24209,19101,0.68948
27679,26173,24191,19251,0.691087
20220,31465,25521,19077,0.723251
20253,31516,25503,19227,0.726714
20423,25666,24905,21141,0.73067
21429,26610,22811,23088,0.74246
21575,26711,22794,23196,0.744816
24354,30099,22276,23353,0.748935
25867,24778,23931,25712,0.770165
26013,24879,23914,25820,0.772219
27613,26071,24227,18951,0.772766
27712,26224,24173,19401,0.774602
27745,26275,24155,19551,0.776185
26146,25243,25995,21086,0.776948
26179,25294,25977,21236,0.779552
21897,31041,23584,18334,0.801004
21930,31092,23566,18484,0.802291
18194,29624,25131,23085,0.805542
18227,29675,25113,23235,0.80736
22508,27109,25204,14254,0.817468
22541,27160,25186,14404,0.818208
20942,26128,27026,15939,0.82222
20553,26004,22913,22440,0.823478
20699,26105,22896,22548,0.825523
23100,28161,22960,17653,0.831728
23133,28212,22942,17803,0.833
26149,31583,22792,18295,0.833493
26182,31634,22774,18445,0.835462
21336,26874,24890,18438,0.836231
21369,26925,24872,18588,0.838698
25721,24677,23948,25604,0.855837
26597,25283,23846,26252,0.858303
26743,25384,23829,26360,0.860452
27514,25918,24281,18501,0.860994
27547,25969,24263,18651,0.862365
25948,24937,26103,20186,0.870521
20222,30107,23124,26529,0.891225
19993,31205,23366,24495,0.892879
20139,31306,23349,24603,0.894854
21864,30990,23602,18184,0.895398
22326,31704,23350,20284,0.897142
22359,31755,23332,20434,0.898469
17468,28502,25527,19785,0.901516
17501,28553,25509,19935,0.903281
20616,32077,25305,20877,0.909638
20649,32128,25287,21027,0.912747
20569,25767,24888,21249,0.915128
22475,27058,25222,14104,0.916204
25590,30582,25018,15046,0.917817
21283,26509,22828,22980,0.925395
22889,27620,22641,24168,0.927758
23035,27721,22624,24276,0.929716
22803,27702,23122,16303,0.933781
22836,27753,23104,16453,0.935105
23166,28263,22924,17953,0.936854
25621,30767,23080,15895,0.937359
25654,30818,23062,16045,0.939362
26413,31991,22648,19495,0.939878
26446,32042,22630,19645,0.941968
21138,26568,24998,17538,0.942738
21171,26619,24980,17688,0.945206
21930,27792,24566,21138,0.946069
21963,27843,24548,21288,0.9485
25429,24475,23982,25388,0.968925
26305,25081,23880,26036,0.969791
26451,25182,23863,26144,0.971873
27481,25867,24299,18351,0.976117
27580,26020,24245,18801,0.976668
26014,25039,26067,20486,0.98453
26047,25090,26049,20636,0.987146
17610,28052,25405,23394,0.995632
17756,28153,25388,23502,0.99639
21272,29938,25846,14785,0.998602
21305,29989,25828,14935,0.999352
18324,28794,23345,25125,1.00524
18470,28895,23328,25233,1.00663
19701,31003,23400,24279,1.00936
21666,30684,23710,17284,1.01252
21699,30735,23692,17434,1.01387
22293,31653,23368,20134,1.0161
22491,31959,23260,21034,1.0178
22524,32010,23242,21184,1.01914
17435,28451,25545,19635,1.01997
17798,29012,25347,21285,1.0222
17831,29063,25329,21435,1.02398
18293,29777,25077,23535,1.02476
18326,29828,25059,23685,1.02654
20484,31873,25377,20277,1.03716
20517,31924,25359,20427,1.04048
20143,25789,25146,21205,1.04555
20076,25901,25258,21291,1.04635
20715,25868,24871,21357,1.04843
25458,30378,25090,14446,1.05228
21474,26327,27049,15579,1.05437
21587,26377,27050,15537,1.05573
20975,26179,27008,16089,1.05854
20991,26307,22862,22764,1.06244
21137,26408,22845,22872,1.06453
22013,27014,22743,23520,1.06547
22159,27115,22726,23628,1.06745
23181,27822,22607,24384,1.06992
22605,27396,23230,15403,1.07477
23001,28008,23014,17203,1.07537
23034,28059,22996,17353,1.07671
24321,30048,22294,23203,1.07896
25588,30716,23098,15745,1.08068
26116,31532,22810,18145,1.08301
26248,31736,22738,18745,1.08545
26281,31787,22720,18895,1.08759
27172,33164,22234,22945,1.08817
27205,33215,22216,23095,1.09011
21072,26466,25034,17238,1.09331
21237,26721,24944,17988,1.09422
21270,26772,24926,18138,1.09677
21699,27435,24692,20088,1.09757
21732,27486,24674,20238,1.09996
21996,27894,24530,21438,1.1029
25575,24576,23965,25496,1.12414
26159,24980,23897,25928,1.12653
27035,25586,23795,26576,1.13126
27181,25687,23778,26684,1.13337
28273,27091,23867,21951,1.14028
28306,27142,23849,22101,1.14166
26706,25236,26128,19742,1.14273
26819,25286,26129,19700,1.14417
25981,24988,26085,20336,1.1474
26080,25141,26031,20786,1.15048
26344,25549,25887,21986,1.1513
16588,27345,25524,22638,1.1599
18048,28355,25354,23718,1.16039
21239,29887,25864,14635,1.16358
21404,30142,25774,15385,1.16465
21437,30193,25756,15535,1.16541
18178,28693,23362,25017,1.17353
19930,29905,23158,26313,1.17528
20076,30006,23141,26421,1.17674
19847,31104,23383,24387,1.18127
21600,30582,23746,16984,1.1843
21633,30633,23728,17134,1.18569
21732,30786,23674,17584,1.18745
22227,31551,23404,19834,1.18834
22260,31602,23386,19984,1.18975
22392,31806,23314,20584,1.1933
17402,28400,25563,19485,1.19595
19728,29502,25547,18945,1.1985
19841,29552,25548,18903,1.19926
17666,28808,25419,20685,1.20002
17699,28859,25401,20835,1.2018
18161,29573,25149,22935,1.20272
18260,29726,25095,23385,1.20504
20300,31464,25540,18885,1.21507
20559,31615,25524,18951,1.21645
20672,31665,25525,18909,1.21778
20451,31822,25395,20127,1.22352
20583,32026,25323,20727,1.22717
20210,25677,25034,21119,1.23657
21153,26171,24820,21681,1.23997
21299,26272,24803,21789,1.24133
25524,30480,25054,14746,1.2432
25557,30531,25036,14896,1.24458
21361,26277,27048,15621,1.2468
21813,26477,27052,15453,1.24856
21926,26527,27053,15411,1.24988
22863,26978,27043,15225,1.25038
20845,26206,22879,22656,1.26288
21867,26913,22760,23412,1.2693
22451,27317,22692,23844,1.27165
22597,27418,22675,23952,1.27406
22770,27651,23140,16153,1.28091
22869,27804,23086,16603,1.28267
22902,27855,23068,16753,1.28404
23067,28110,22978,17503,1.28465
23826,29283,22564,20953,1.28676
23859,29334,22546,21103,1.28809
25753,30971,23008,16495,1.29516
25786,31022,22990,16645,1.29713
26215,31685,22756,18595,1.30026
26380,31940,22666,19345,1.30262
26776,32552,22450,21145,1.30511
26809,32603,22432,21295,1.30719
21105,26517,25016,17388,1.31071
21204,26670,24962,17838,1.31365
21303,26823,24908,18288,1.31862
21666,27384,24710,19938,1.31943
21864,27690,24602,20838,1.32238
21897,27741,24584,20988,1.32499
22415,28043,24552,21120,1.32616
22528,28093,24553,21078,1.32752
22161,28149,24440,22188,1.32833
26889,25485,23812,26468,1.34976
27327,25788,23761,26792,1.35222
27473,25889,23744,26900,1.35436
27844,26428,24101,20001,1.36668
27877,26479,24083,20151,1.36811
26480,25136,26126,19826,1.3709
26593,25186,26127,19784,1.37237
27064,25540,26058,20258,1.3811
27177,25590,26059,20216,1.38249
26113,25192,26013,20936,1.38328
26245,25396,25941,21536,1.38632
26278,25447,25923,21686,1.38887
17318,27850,25439,23178,1.39196
17464,27951,25422,23286,1.39275
17902,28254,25371,23610,1.39326
21371,30091,25792,15235,1.39522
17305,28113,27537,18336,1.39773
17338,28164,27519,18486,1.39895
22429,32593,21966,27415,1.41013
22463,32675,22074,27408,1.41175
17302,28087,23464,24369,1.41231
17448,28188,23447,24477,1.41373
18616,28996,23311,25341,1.41581
21468,30378,23818,16384,1.42453
21501,30429,23800,16534,1.42605
21765,30837,23656,17734,1.43129
22194,31500,23422,19684,1.43236
22458,31908,23278,20884,1.43773
22623,32163,23188,21634,1.43949
22656,32214,23170,21784,1.44098
17369,28349,25581,19335,1.44179
17887,28651,25549,19467,1.44447
18000,28701,25550,19425,1.44533
17807,28652,25530,19659,1.44638
17920,28702,25531,19617,1.44718
17633,28757,25437,20535,1.44968
17765,28961,25365,21135,1.45206
17996,29318,25239,22185,1.45445
18029,29369,25221,22335,1.45633
20333,31515,25522,19035,1.47579
20446,31565,25523,18993,1.47704
20319,31618,25467,19527,1.4851
20352,31669,25449,19677,1.48848
20550,31975,25341,20577,1.49189
20729,32127,25306,20835,1.49703
19540,26797,26154,21979,1.50438
19473,26909,26266,22065,1.50515
20861,25969,24854,21465,1.51062
25491,30429,25072,14596,1.51578
21135,26177,27046,15705,1.51938
21248,26227,27047,15663,1.52073
21700,26427,27051,15495,1.52245
22943,26977,27062,15033,1.52424
22750,26928,27042,15267,1.52621
21008,26230,26990,16239,1.5302
19737,27023,24050,23192,1.53929
19670,27135,24162,23278,1.54078
21721,26812,22777,23304,1.54842
22305,27216,22709,23736,1.5512
22743,27519,22658,24060,1.55365
22638,27447,23212,15553,1.5675
22968,27957,23032,17053,1.57143
23298,28467,22852,18553,1.57693
23331,28518,22834,18703,1.57831
24222,29895,22348,22753,1.57884
24255,29946,22330,22903,1.58022
25687,30869,23044,16195,1.58626
25984,31328,22882,17545,1.58688
26017,31379,22864,17695,1.58915
26314,31838,22702,19045,1.59687
26479,32093,22612,19795,1.60001
26512,32144,22594,19945,1.60196
27139,33113,22252,22795,1.60251
27238,33266,22198,23245,1.60688
22960,27265,25069,16374,1.60805
23073,27315,25070,16332,1.60939
21251,26618,24999,17496,1.61437
21463,26821,24946,17904,1.61817
21576,26871,24947,17862,1.61955
21609,26922,24929,18012,1.62062
21722,26972,24930,17970,1.62197
21534,27180,24782,19338,1.62541
21567,27231,24764,19488,1.62802
21765,27537,24656,20388,1.6334
22302,27993,24551,21162,1.63735
22029,27945,24512,21588,1.64178
22062,27996,24494,21738,1.64438
25149,24598,24223,25452,1.65174
25082,24710,24335,25538,1.65312
27778,26326,24137,19701,1.67677
27811,26377,24119,19851,1.67818
28042,26734,23993,20901,1.67882
28075,26785,23975,21051,1.68026
28339,27193,23831,22251,1.68087
26028,24936,26122,19994,1.68324
26141,24986,26123,19952,1.68467
27045,25386,26131,19616,1.68788
27158,25436,26132,19574,1.68929
27643,25687,26118,19556,1.69047
27756,25737,26119,19514,1.69186
26772,25338,26092,20042,1.69298
26885,25388,26093,20000,1.69439
26579,25289,26072,20276,1.6956
26692,25339,26073,20234,1.697
26499,25290,26053,20468,1.69811
26612,25340,26054,20426,1.69949
27290,25640,26060,20174,1.70187
26598,25443,25999,20918,1.70588
26711,25493,26000,20876,1.70737
26212,25345,25959,21386,1.70819
26311,25498,25905,21836,1.71352
16734,27446,25507,22746,1.71418
16880,27547,25490,22854,1.71506
21338,30040,25810,15085,1.7174
21470,30244,25738,15685,1.71901
17140,27858,27627,17586,1.71983
17173,27909,27609,17736,1.7211
22361,32429,21750,27429,1.73787
22395,32511,21858,27422,1.73864
17156,27986,23481,24261,1.74038
17594,28289,23430,24585,1.74216
17740,28390,23413,24693,1.74359
19200,29400,23243,25773,1.74651
19346,29501,23226,25881,1.74798
21435,30327,23836,16234,1.75805
21567,30531,23764,16834,1.75995
21831,30939,23620,18034,1.76746
22161,31449,23440,19534,1.76965
22425,31857,23296,20734,1.77756
22557,32061,23224,21334,1.78233
17237,28145,25653,18735,1.78521
17270,28196,25635,18885,1.78718
17774,28601,25548,19509,1.79035
19469,29351,25563,18879,1.79208
19582,29401,25564,18837,1.79294
17694,28602,25529,19701,1.79409
18146,28802,25533,19533,1.79587
18259,28852,25534,19491,1.79674
20067,29652,25550,18819,1.79787
20180,29702,25551,18777,1.79877
17534,28604,25491,20085,1.79962
17567,28655,25473,20235,1.80152
17732,28910,25383,20985,1.80434
18363,29262,25352,21075,1.80698
18476,29312,25353,21033,1.80785
17897,29165,25293,21735,1.80864
17930,29216,25275,21885,1.81069
18128,29522,25167,22785,1.81157
18533,29774,25134,22959,1.81424
18646,29824,25135,22917,1.8151
19084,30127,25084,23241,1.81975
19197,30177,25085,23199,1.82059
19230,30228,25067,23349,1.82169
19343,30278,25068,23307,1.82267
20413,31514,25541,18843,1.83799
20286,31567,25485,19377,1.85745
20418,31771,25413,19977,1.86127
19607,26685,26042,21893,1.88021
19339,27133,26490,22237,1.88132
19272,27245,26602,22323,1.88218
21007,26070,24837,21573,1.89153
22640,27313,25132,14854,1.89406
22673,27364,25114,15004,1.89487
21022,26127,27045,15747,1.90252
22717,26877,27060,15117,1.91127
22830,26927,27061,15075,1.91266
21168,26228,27028,15855,1.91327
21281,26278,27029,15813,1.91472
21314,26329,27011,15963,1.91654
21427,26379,27012,15921,1.91788
20206,26239,23266,22590,1.93235
20139,26351,23378,22676,1.93378
19603,27247,24274,23364,1.93565
22671,27498,23194,15703,1.9683
22704,27549,23176,15853,1.96988
22935,27906,23050,16903,1.97452
23265,28416,22870,18403,1.98378
23562,28875,22708,19753,1.98567
23595,28926,22690,19903,1.9872
23925,29436,22510,21403,1.98783
23958,29487,22492,21553,1.98922
24288,29997,22312,23053,1.98981
25720,30920,23026,16345,1.99962
25819,31073,22972,16795,2.00028
25852,31124,22954,16945,2.00228
26050,31430,22846,17845,2.00288
26083,31481,22828,17995,2.00495
26347,31889,22684,19195,2.01391
26611,32297,22540,20395,2.01892
26644,32348,22522,20545,2.02105
27106,33062,22270,22645,2.02175
27271,33317,22180,23395,2.0296
21152,26465,25053,17046,2.03396
21637,26716,25039,17028,2.03774
21750,26766,25040,16986,2.03926
22122,26967,25025,17010,2.04044
22235,27017,25026,16968,2.04194
22188,27069,24989,17310,2.04616
22301,27119,24990,17268,2.04757
21769,26920,24967,17628,2.04883
21882,26970,24968,17586,2.05024
21350,26771,24945,17946,2.05165
21689,26921,24948,17820,2.05512
21496,26872,24928,18054,2.05631
21642,26973,24911,18162,2.06097
21755,27023,24912,18120,2.06235
22014,27174,24896,18186,2.06349
22127,27224,24897,18144,2.06497
21501,27129,24800,19188,2.06592
21633,27333,24728,19788,2.06891
21812,27485,24693,20046,2.07346
21798,27588,24638,20538,2.07675
21831,27639,24620,20688,2.07924
22076,27893,24549,21246,2.08528
22189,27943,24550,21204,2.0867
22095,28047,24476,21888,2.09499
22128,28098,24458,22038,2.09756
25216,24486,24111,25366,2.10368
24881,25046,24671,25796,2.10559
24814,25158,24783,25882,2.10733
28009,26683,24011,20751,2.13821
28240,27040,23885,21801,2.14027
26367,25086,26125,19868,2.14648
26932,25336,26130,19658,2.15261
27836,25736,26138,19322,2.155
27949,25786,26139,19280,2.15647
26400,25137,26107,20018,2.15782
26513,25187,26108,19976,2.15924
27869,25787,26120,19472,2.16036
26320,25138,26088,20210,2.16286
26433,25188,26089,20168,2.16431
27111,25488,26095,19916,2.16556
27224,25538,26096,19874,2.16711
26127,25089,26068,20444,2.16828
26240,25139,26069,20402,2.16969
27596,25739,26081,19898,2.17078
27709,25789,26082,19856,2.17223
26160,25140,26050,20594,2.17472
26725,25390,26055,20384,2.17588
26838,25440,26056,20342,2.1774
27403,25690,26061,20132,2.18038
27516,25740,26062,20090,2.18187
27469,25792,26025,20432,2.18552
26259,25293,25996,21044,2.18802
26372,25343,25997,21002,2.18942
17172,27749,25456,23070,2.20351
17107,27807,27645,17436,2.20693
17272,28062,27555,18186,2.20891
22191,32019,21210,27464,2.23662
22225,32101,21318,27457,2.2375
16718,27683,23532,23937,2.24132
17886,28491,23396,24801,2.2439
18032,28592,23379,24909,2.24544
18762,29097,23294,25449,2.2482
18908,29198,23277,25557,2.2497
19784,29804,23175,26205,2.25036
21402,30276,23854,16084,2.26589
21534,30480,23782,16684,2.2708
21798,30888,23638,17884,2.27485
22095,31347,23476,19234,2.27987
22128,31398,23458,19384,2.28127
22590,32112,23206,21484,2.29196
17336,28298,25599,19185,2.29865
19549,29350,25582,18687,2.30161
19662,29400,25583,18645,2.30274
17548,28501,25546,19593,2.30588
17661,28551,25547,19551,2.30687
18452,28901,25554,19257,2.30989
18565,28951,25555,19215,2.31082
17581,28552,25528,19743,2.31411
18033,28752,25532,19575,2.31599
19502,29402,25545,19029,2.31787
19615,29452,25546,18987,2.31875
19954,29602,25549,18861,2.31998
20519,29852,25554,18651,2.32189
20632,29902,25555,18609,2.32293
17600,28706,25455,20385,2.32739
20491,30058,25444,19635,2.32864
20604,30108,25445,19593,2.32953
20477,30161,25389,20127,2.33279
20590,30211,25390,20085,2.33367
18250,29212,25351,21117,2.33486
19267,29662,25360,20739,2.3367
19380,29712,25361,20697,2.33757
17864,29114,25311,21585,2.33843
17963,29267,25257,22035,2.34091
18062,29420,25203,22485,2.34497
18420,29724,25133,23001,2.34798
18712,29926,25099,23217,2.35345
18825,29976,25100,23175,2.35441
18745,29977,25081,23367,2.35557
18858,30027,25082,23325,2.35651
19117,30178,25066,23391,2.35945
18811,30079,25045,23667,2.36329
18924,30129,25046,23625,2.36427
19070,30230,25029,23733,2.36552
19183,30280,25030,23691,2.36652
20771,31818,25471,19359,2.39817
20385,31720,25431,19827,2.40349
19674,26573,25930,21807,2.4267
19406,27021,26378,22151,2.42801
21445,26373,24786,21897,2.4365
21591,26474,24769,22005,2.43794
22607,27262,25150,14704,2.43863
22265,26677,27056,15285,2.46283
22378,26727,27057,15243,2.46425
21055,26178,27027,15897,2.46672
22185,26678,27037,15477,2.46851
22298,26728,27038,15435,2.47
21201,26279,27010,16005,2.4719
23178,29247,22602,23378,2.48363
23212,29329,22710,23371,2.48448
20273,26127,23154,22504,2.48996
20005,26575,23602,22848,2.49187
19938,26687,23714,22934,2.49347
22737,27600,23158,16003,2.5355
23232,28365,22888,18253,2.54257
23463,28722,22762,19303,2.54639
23496,28773,22744,19453,2.54787
23628,28977,22672,20053,2.54853
23661,29028,22654,20203,2.55007
23892,29385,22528,21253,2.55078
24123,29742,22402,22303,2.55272
24156,29793,22384,22453,2.55436
25918,31226,22918,17245,2.57155
25951,31277,22900,17395,2.57394
26545,32195,22576,20095,2.59443
26578,32246,22558,20245,2.59665
26743,32501,22468,20995,2.59735
26842,32654,22414,21445,2.60177
21717,26715,25058,16836,2.60885
21830,26765,25059,16794,2.6106
21524,26666,25038,17070,2.61378
22541,27116,25047,16692,2.61616
22654,27166,25048,16650,2.61766
21444,26667,25019,17262,2.6191
21557,26717,25020,17220,2.62052
22268,27068,25008,17118,2.62671
22381,27118,25009,17076,2.62821
22075,27019,24988,17352,2.6294
22414,27169,24991,17226,2.6333
21317,26720,24963,17796,2.63581
21995,27020,24969,17544,2.63694
22108,27070,24970,17502,2.63859
21383,26822,24927,18096,2.64826
22061,27122,24933,17844,2.65265
22174,27172,24934,17802,2.65411
21416,26873,24909,18246,2.65543
21529,26923,24910,18204,2.65688
21901,27124,24895,18228,2.66053
21402,26976,24854,18738,2.66731
22551,27630,24791,18960,2.66856
21600,27282,24746,19638,2.67084
22457,27734,24717,19644,2.67436
22570,27784,24718,19602,2.67599
22523,27836,24681,19944,2.6801
22043,27842,24567,21096,2.6906
22156,27892,24568,21054,2.69209
27748,26980,22699,26389,2.71666
24948,24934,24559,25710,2.72159
24747,25270,24895,25968,2.72482
27943,26581,24047,20451,2.76938
27976,26632,24029,20601,2.77091
28174,26938,23921,21501,2.77378
28207,26989,23903,21651,2.77549
26254,25036,26124,19910,2.78458
27271,25486,26133,19532,2.79734
27384,25536,26134,19490,2.79903
26174,25037,26105,20102,2.80281
26287,25087,26106,20060,2.80432
27191,25487,26114,19724,2.80564
27304,25537,26115,19682,2.80728
26207,25088,26087,20252,2.81076
26659,25288,26091,20084,2.81316
26998,25438,26094,19958,2.81694
27337,25588,26097,19832,2.81827
27450,25638,26098,19790,2.81983
26466,25239,26071,20318,2.82319
27257,25589,26078,20024,2.82582
27370,25639,26079,19982,2.82743
26386,25240,26052,20510,2.83143
26951,25490,26057,20300,2.83611
26645,25391,26036,20576,2.84532
26758,25441,26037,20534,2.84681
27130,25642,26022,20558,2.84805
27243,25692,26023,20516,2.8495
26485,25393,25998,20960,2.85406
26824,25543,26001,20834,2.85646
26518,25444,25980,21110,2.85772
26631,25494,25981,21068,2.85921
26584,25546,25944,21410,2.86289
17026,27648,25473,22962,2.87216
19513,28908,27648,16704,2.87639
19626,28958,27649,16662,2.87745
17239,28011,27573,18036,2.87836
19904,29263,27560,17370,2.87999
20017,29313,27561,17328,2.88092
18694,28764,27531,17982,2.88158
18807,28814,27532,17940,2.8825
22157,31937,21102,27471,2.92384
22259,32183,21426,27450,2.92584
22497,32757,22182,27401,2.92655
22531,32839,22290,27394,2.92749
17010,27885,23498,24153,2.92849
19054,29299,23260,25665,2.94047
19492,29602,23209,25989,2.94269
21369,30225,23872,15934,2.94775
22062,31296,23494,19084,2.96318
20740,29695,25684,17433,2.98109
17303,28247,25617,19035,2.98314
19516,29299,25600,18537,2.98594
19629,29349,25601,18495,2.98701
17515,28450,25564,19443,2.98832
17628,28500,25565,19401,2.98943
20001,29550,25586,18519,2.9906
20114,29600,25587,18477,2.99156
18339,28851,25553,19299,2.99832
18678,29001,25556,19173,3.0009
20373,29751,25571,18543,3.00208
20486,29801,25572,18501,3.00301
18372,28902,25535,19449,3.00957
18485,28952,25536,19407,3.01059
20293,29752,25552,18735,3.01772
20213,29753,25533,18927,3.02115
20326,29803,25534,18885,3.02215
20472,29904,25517,18993,3.02336
20585,29954,25518,18951,3.0243
18796,29308,25429,20265,3.02944
18909,29358,25430,20223,3.03046
20717,30158,25446,19551,3.03161
20830,30208,25447,19509,3.0326
19168,29509,25414,20289,3.03377
19281,29559,25415,20247,3.03481
19799,29861,25383,20379,3.03777
19912,29911,25384,20337,3.03868
17911,29062,25348,21243,3.04256
18702,29412,25355,20949,3.04569
18815,29462,25356,20907,3.04671
19493,29762,25362,20655,3.04872
20030,30218,25257,21429,3.05587
18095,29471,25185,22635,3.05953
19404,30123,25160,22473,3.06251
19517,30173,25161,22431,3.06344
18307,29674,25132,23043,3.0653
19098,30024,25139,22749,3.06663
19211,30074,25140,22707,3.06764
18373,29776,25096,23343,3.07133
18519,29877,25079,23451,3.07475
18632,29927,25080,23409,3.07577
18971,30077,25083,23283,3.07701
19875,30477,25091,22947,3.07891
19988,30527,25092,22905,3.07984
19004,30128,25065,23433,3.08108
19296,30330,25031,23649,3.09237
20639,31614,25543,18759,3.09659
20752,31664,25544,18717,3.09812
20658,31768,25470,19401,3.11671
20465,31719,25450,19635,3.12209
20578,31769,25451,19593,3.12367
20009,26013,25370,21377,3.14848
19138,27469,26826,22495,3.15016
21883,26676,24735,22221,3.15853
22574,27211,25168,14554,3.16106
22706,27415,25096,15154,3.16179
22039,26577,27054,15369,3.18454
22152,26627,27055,15327,3.18604
22604,26827,27059,15159,3.18681
21394,26328,27030,15771,3.1949
21507,26378,27031,15729,3.19643
22411,26778,27039,15393,3.19838
21088,26229,27009,16047,3.20013
21540,26429,27013,15879,3.20468
21107,26383,26936,16689,3.20606
21140,26434,26918,16839,3.20834
22736,28181,21198,23469,3.21796
22770,28263,21306,23462,3.21898
20340,26015,23042,22418,3.22693
20072,26463,23490,22762,3.22942
19804,26911,23938,23106,3.23143
23199,28314,22906,18103,3.29485
23364,28569,22816,18853,3.30052
23529,28824,22726,19603,3.30135
23793,29232,22582,20803,3.30527
23991,29538,22474,21703,3.31224
24189,29844,22366,22603,3.31427
25885,31175,22936,17095,3.33631
26710,32450,22486,20845,3.36793
26908,32756,22378,21745,3.37625
26941,32807,22360,21895,3.37843
20503,27311,25948,17776,3.38546
20436,27423,26060,17862,3.38703
21491,26615,25056,16920,3.38828
21604,26665,25057,16878,3.38976
22395,27015,25064,16584,3.39104
22508,27065,25065,16542,3.39263
21298,26566,25036,17154,3.39555
21411,26616,25037,17112,3.39709
22315,27016,25045,16776,3.40041
22428,27066,25046,16734,3.40203
22880,27266,25050,16566,3.40341
22993,27316,25051,16524,3.40513
21331,26617,25018,17304,3.40668
21783,26817,25022,17136,3.40914
21896,26867,25023,17094,3.41071
22348,27067,25027,16926,3.41192
22461,27117,25028,16884,3.41342
22155,27018,25007,17160,3.41866
22833,27318,25013,16908,3.42172
21849,26919,24986,17436,3.42537
21962,26969,24987,17394,3.42694
22527,27219,24992,17184,3.43377
21543,26820,24965,17712,3.4355
21656,26870,24966,17670,3.43696
22221,27120,24971,17460,3.44137
22334,27170,24972,17418,3.44304
22367,27221,24954,17568,3.45276
22480,27271,24955,17526,3.45439
21948,27072,24932,17886,3.46187
22287,27222,24935,17760,3.46572
21562,26974,24892,18354,3.4742
21675,27024,24893,18312,3.47573
22240,27274,24898,18102,3.48029
21468,27078,24818,19038,3.48384
21647,27230,24783,19296,3.48741
21760,27280,24784,19254,3.4891
22231,27634,24715,19728,3.49574
22344,27684,24716,19686,3.49732
22264,27685,24697,19878,3.50327
22377,27735,24698,19836,3.50491
21958,27586,24676,20154,3.50634
22071,27636,24677,20112,3.50801
22250,27788,24642,20370,3.51204
22363,27838,24643,20328,3.51358
22542,27990,24608,20586,3.5175
22109,27944,24531,21396,3.53755
22222,27994,24532,21354,3.53914
29460,32571,20519,26967,3.55708
29450,32554,20530,26964,3.55788
27646,26734,22375,26410,3.56175
27680,26816,22483,26403,3.56269
25015,24822,24447,25624,3.56604
27910,26530,24065,20301,3.61166
28108,26836,23957,21201,3.61617
27723,25686,26137,19364,3.64271
26061,24987,26104,20144,3.6478
27078,25437,26113,19766,3.65271
27417,25587,26116,19640,3.65537
27530,25637,26117,19598,3.65722
26094,25038,26086,20294,3.66403
26546,25238,26090,20126,3.66766
27676,25738,26100,19706,3.67968
27789,25788,26101,19664,3.68137
26353,25189,26070,20360,3.68505
26805,25389,26074,20192,3.68987
26918,25439,26075,20150,3.69146
27483,25689,26080,19940,3.694
26273,25190,26051,20552,3.69988
26532,25341,26035,20618,3.72146
27549,25791,26044,20240,3.72418
27017,25592,26021,20600,3.72699
27356,25742,26024,20474,3.72957
27276,25743,26005,20666,3.74092
27389,25793,26006,20624,3.74253
26405,25394,25979,21152,3.74383
26551,25495,25962,21260,3.74913
26664,25545,25963,21218,3.75069
26471,25496,25943,21452,3.75206
26424,25548,25906,21794,3.75808
18463,28407,27657,16932,3.76502
18576,28457,27658,16890,3.76604
17592,28058,27631,17418,3.7668
17705,28108,27632,17376,3.7678
17206,27960,27591,17886,3.77003
19113,28913,27553,17664,3.77351
19226,28963,27554,17622,3.77466
18468,28664,27529,18066,3.7767
18581,28714,27530,18024,3.77776
19824,29264,27541,17562,3.77855
19937,29314,27542,17520,3.77961
22327,32347,21642,27436,3.82181
22565,32921,22398,27387,3.82383
22599,33003,22506,27380,3.82487
16864,27784,23515,24045,3.82593
19638,29703,23192,26097,3.83835
21996,31194,23530,18784,3.86669
22029,31245,23512,18934,3.86827
22722,32316,23134,22084,3.88449
20142,29394,25697,17493,3.88716
20255,29444,25698,17451,3.88821
18932,28895,25668,18105,3.88947
19045,28945,25669,18063,3.89057
19144,29098,25615,18513,3.89581
19257,29148,25616,18471,3.89688
18951,29049,25595,18747,3.89823
19064,29099,25596,18705,3.8992
18871,29050,25576,18939,3.90461
18984,29100,25577,18897,3.90574
19775,29450,25584,18603,3.90704
19888,29500,25585,18561,3.90809
20679,29850,25592,18267,3.90933
18113,28751,25551,19383,3.91575
18226,28801,25552,19341,3.91683
18791,29051,25557,19131,3.92297
18904,29101,25558,19089,3.92427
19695,29451,25565,18795,3.9262
20599,29851,25573,18459,3.92753
20712,29901,25574,18417,3.9286
18598,29002,25537,19365,3.93661
20406,29802,25553,18693,3.94339
20745,29952,25556,18567,3.94559
17953,28753,25513,19767,3.94872
18066,28803,25514,19725,3.94984
18212,28904,25497,19833,3.95303
18325,28954,25498,19791,3.95421
20698,30004,25519,18909,3.95628
18923,29255,25485,19731,3.95748
19036,29305,25486,19689,3.9585
18956,29306,25467,19881,3.95974
19069,29356,25468,19839,3.96078
19780,29707,25456,19737,3.96207
19893,29757,25457,19695,3.96324
18683,29258,25428,20307,3.96456
19248,29508,25433,20097,3.96678
19361,29558,25434,20055,3.96787
17812,28909,25402,20793,3.97303
19733,29759,25419,20079,3.97453
19846,29809,25420,20037,3.97571
19766,29810,25401,20229,3.97701
19879,29860,25402,20187,3.97803
19008,29511,25376,20673,3.97934
19121,29561,25377,20631,3.9803
20364,30111,25388,20169,3.98162
20816,30311,25392,20001,3.98365
18137,29162,25350,21159,3.98619
18589,29362,25354,20991,3.98985
18928,29512,25357,20865,3.99209
18010,29215,25294,21693,4.00193
18754,29617,25264,21741,4.00529
18867,29667,25265,21699,4.00644
19578,30018,25253,21597,4.00769
19691,30068,25254,21555,4.00884
18368,29519,25224,22209,4.01011
18481,29569,25225,22167,4.01116
19291,30073,25159,22515,4.01675
18872,29924,25137,22833,4.0227
18985,29974,25138,22791,4.02379
19437,30174,25142,22623,4.02512
19550,30224,25143,22581,4.0263
20035,30475,25129,22563,4.02762
20148,30525,25130,22521,4.02861
18599,29876,25098,23259,4.03032
19503,30276,25106,22923,4.03232
19616,30326,25107,22881,4.03339
18406,29827,25078,23493,4.03475
19762,30427,25090,22989,4.04031
18891,30078,25064,23475,4.04498
19569,30378,25070,23223,4.04705
19682,30428,25071,23181,4.04814
18698,30029,25044,23709,4.05188
19263,30279,25049,23499,4.05318
19376,30329,25050,23457,4.05454
19409,30380,25032,23607,4.05802
20526,31564,25542,18801,4.06537
20432,31668,25468,19485,4.08358
20545,31718,25469,19443,4.08519
20823,32023,25380,20151,4.10726
20809,32126,25325,20643,4.11614
19741,26461,25818,21721,4.12831
19205,27357,26714,22409,4.12979
21737,26575,24752,22113,4.13602
22491,26777,27058,15201,4.17241
21959,26578,27035,15561,4.18397
22072,26628,27036,15519,4.18571
22524,26828,27040,15351,4.18767
22637,26878,27041,15309,4.18927
21653,26479,27014,15837,4.19689
21766,26529,27015,15795,4.19855
21074,26332,26954,16539,4.19957
22634,27935,20874,23490,4.20661
22668,28017,20982,23483,4.20784
22872,28509,21630,23441,4.2086
22906,28591,21738,23434,4.20975
19871,26799,23826,23020,4.22337
19335,27695,24722,23708,4.22772
19268,27807,24834,23794,4.22938
23430,28671,22780,19153,4.29457
23694,29079,22636,20353,4.30696
24090,29691,22420,22153,4.31624
26677,32399,22504,20695,4.37307
26875,32705,22396,21595,4.37943
27073,33011,22288,22495,4.38034
20570,27199,25836,17690,4.38965
21265,26515,25054,17004,4.39568
21943,26815,25060,16752,4.39916
22056,26865,25061,16710,4.40078
22621,27115,25066,16500,4.40232
22734,27165,25067,16458,4.40397
21185,26516,25035,17196,4.40579
22089,26916,25043,16860,4.41265
22202,26966,25044,16818,4.41442
22767,27216,25049,16608,4.41843
21218,26567,25017,17346,4.42512
21670,26767,25021,17178,4.42992
22009,26917,25024,17052,4.43256
21364,26668,25000,17454,4.44654
21477,26718,25001,17412,4.44825
22607,27218,25011,16992,4.45175
22720,27268,25012,16950,4.4533
21736,26869,24985,17478,4.45494
22753,27319,24994,17100,4.46474
21430,26770,24964,17754,4.47079
22673,27320,24975,17292,4.48168
22254,27171,24953,17610,4.4934
22593,27321,24956,17484,4.49737
21835,27022,24931,17928,4.50675
22513,27322,24937,17676,4.51243
21981,27123,24914,18036,4.52235
22094,27173,24915,17994,4.52402
21449,26924,24891,18396,4.52671
21788,27074,24894,18270,4.52832
22466,27374,24900,18018,4.53516
21435,27027,24836,18888,4.54045
21953,27329,24804,19020,4.5441
22066,27379,24805,18978,4.54584
22325,27530,24789,19044,4.54963
22438,27580,24790,19002,4.55133
22005,27534,24713,19812,4.56048
22118,27584,24714,19770,4.56208
22151,27635,24696,19920,4.57054
21845,27536,24675,20196,4.57604
22410,27786,24680,19986,4.57872
22137,27738,24641,20412,4.58394
22476,27888,24644,20286,4.58731
22316,27890,24606,20670,4.59355
22429,27940,24607,20628,4.59516
22462,27991,24589,20778,4.59655
22481,28145,24516,21420,4.62046
22208,28097,24477,21846,4.62598
22321,28147,24478,21804,4.62769
22241,28148,24459,21996,4.63042
22500,28299,24443,22062,4.63196
29490,32622,20486,26976,4.63861
29480,32605,20497,26973,4.63951
27544,26488,22051,26431,4.64673
27578,26570,22159,26424,4.64777
27714,26898,22591,26396,4.64861
28141,26887,23939,21351,4.70301
25781,25110,26345,20208,4.70953
25714,25222,26457,20294,4.71123
27610,25636,26136,19406,4.73785
26626,25237,26109,19934,4.75465
26739,25287,26110,19892,4.7567
27563,25688,26099,19748,4.79133
27144,25539,26077,20066,4.80959
27629,25790,26063,20048,4.84588
26419,25291,26034,20660,4.84744
27323,25691,26042,20324,4.85195
27436,25741,26043,20282,4.85382
26678,25442,26018,20726,4.8553
26791,25492,26019,20684,4.85694
26937,25593,26002,20792,4.87906
26292,25344,25978,21194,4.88317
27196,25744,25986,20858,4.88825
27309,25794,25987,20816,4.88993
26325,25395,25960,21344,4.89134
26438,25445,25961,21302,4.89292
26358,25446,25942,21494,4.89704
17526,27956,27667,17118,4.90884
17639,28006,27668,17076,4.91004
18124,28257,27654,17058,4.91084
18237,28307,27655,17016,4.91185
19028,28657,27662,16722,4.91264
19141,28707,27663,16680,4.91377
17366,27958,27629,17502,4.9146
17479,28008,27630,17460,4.91566
18609,28508,27640,17040,4.91651
18722,28558,27641,16998,4.91773
20304,29258,27655,16410,4.91897
20417,29308,27656,16368,4.92074
17465,28111,27575,17952,4.92361
17578,28161,27576,17910,4.92486
17418,28163,27538,18294,4.92697
17531,28213,27539,18252,4.92804
19565,29113,27557,17496,4.92881
19678,29163,27558,17454,4.9299
17677,28314,27522,18360,4.93223
17790,28364,27523,18318,4.93345
19146,28964,27535,17814,4.9352
19259,29014,27536,17772,4.93639
22293,32265,21534,27443,4.98496
21963,31143,23548,18634,5.04191
22689,32265,23152,21934,5.05909
20029,29344,25696,17535,5.06057
20368,29494,25699,17409,5.06268
20481,29544,25700,17367,5.06377
17689,28345,25657,18567,5.06534
17802,28395,25658,18525,5.06658
19836,29295,25676,17769,5.068
19949,29345,25677,17727,5.0692
19304,29096,25653,18129,5.07285
19417,29146,25654,18087,5.07404
17868,28497,25622,18825,5.07566
17981,28547,25623,18783,5.07681
18692,28898,25611,18681,5.07814
18805,28948,25612,18639,5.07922
20274,29598,25625,18093,5.08057
20387,29648,25626,18051,5.0817
18838,28999,25594,18789,5.0831
19290,29199,25598,18621,5.08567
19403,29249,25599,18579,5.08807
19742,29399,25602,18453,5.08978
19855,29449,25603,18411,5.09093
18419,28850,25572,19107,5.09678
18532,28900,25573,19065,5.09787
19097,29150,25578,18855,5.10013
20227,29650,25588,18435,5.10681
19017,29151,25559,19047,5.12155
19130,29201,25560,19005,5.12281
20260,29701,25570,18585,5.12625
19276,29302,25543,19113,5.13663
19389,29352,25544,19071,5.13784
17614,28603,25510,19893,5.146
17727,28653,25511,19851,5.14721
19196,29303,25524,19305,5.14858
19309,29353,25525,19263,5.14974
20665,29953,25537,18759,5.15104
17986,28804,25495,19917,5.15359
18099,28854,25496,19875,5.15488
19229,29354,25506,19455,5.15634
19342,29404,25507,19413,5.1574
18810,29205,25484,19773,5.16069
20505,29955,25499,19143,5.16292
20618,30005,25500,19101,5.16403
18843,29256,25466,19923,5.16566
19521,29556,25472,19671,5.16808
19634,29606,25473,19629,5.16937
18311,29057,25443,20283,5.17079
18424,29107,25444,20241,5.172
18570,29208,25427,20349,5.17537
19135,29458,25432,20139,5.17982
20039,29858,25440,19803,5.18218
20152,29908,25441,19761,5.18334
17925,28959,25403,20751,5.19359
18038,29009,25404,20709,5.19493
19394,29609,25416,20205,5.19728
20072,29909,25422,19953,5.19867
20185,29959,25423,19911,5.19986
18749,29360,25392,20607,5.20131
18862,29410,25393,20565,5.20239
18104,29111,25368,21009,5.20667
18217,29161,25369,20967,5.2081
19686,29811,25382,20421,5.20954
20025,29961,25385,20295,5.21252
20703,30261,25391,20043,5.21671
18024,29112,25349,21201,5.22299
19041,29562,25358,20823,5.23386
19606,29812,25363,20613,5.23549
19719,29862,25364,20571,5.23681
20769,30363,25355,20343,5.23829
20882,30413,25356,20301,5.23932
18090,29214,25313,21501,5.24074
18203,29264,25314,21459,5.24192
18123,29265,25295,21651,5.24429
20303,30266,25296,21003,5.24581
20416,30316,25297,20961,5.24695
18189,29367,25259,21951,5.2483
18302,29417,25260,21909,5.24952
18109,29368,25240,22143,5.25411
19917,30168,25256,21471,5.25599
18142,29419,25222,22293,5.25881
19724,30119,25236,21705,5.26032
19837,30169,25237,21663,5.26141
20096,30320,25221,21729,5.26277
19677,30171,25199,22047,5.26507
19790,30221,25200,22005,5.26622
18839,29873,25155,22683,5.26964
18952,29923,25156,22641,5.27113
18759,29874,25136,22875,5.28054
19324,30124,25141,22665,5.28467
19663,30274,25144,22539,5.28847
18679,29875,25117,23067,5.28998
18792,29925,25118,23025,5.29128
18486,29826,25097,23301,5.29657
18938,30026,25101,23133,5.30217
19729,30376,25108,22839,5.3038
19842,30426,25109,22797,5.30513
19423,30277,25087,23115,5.30812
19536,30327,25088,23073,5.30931
18778,30028,25063,23517,5.31072
19456,30328,25069,23265,5.31296
19037,30179,25047,23583,5.32088
19150,30229,25048,23541,5.32212
20710,31973,25379,20193,5.38857
20663,32025,25342,20535,5.39825
20696,32076,25324,20685,5.40012
20842,32177,25307,20793,5.40818
20762,32178,25288,20985,5.41155
20875,32228,25289,20943,5.41329
19942,26125,25482,21463,5.41746
20172,27309,28276,16735,5.43878
20105,27421,28388,16821,5.44015
20406,27024,27922,16627,5.46938
20339,27136,28034,16713,5.47065
21846,26528,27034,15603,5.48119
21879,26579,27016,15753,5.50097
21041,26281,26972,16389,5.50209
21672,26633,26941,16479,5.50459
21785,26683,26942,16437,5.50635
22702,28099,21090,23476,5.51262
22804,28345,21414,23455,5.51404
22838,28427,21522,23448,5.51522
23110,29083,22386,23392,5.51608
23144,29165,22494,23385,5.51718
19469,27471,24498,23536,5.53737
19402,27583,24610,23622,5.53931
23116,28657,24976,15141,5.56783
23150,28739,25084,15134,5.56903
23397,28620,22798,19003,5.59374
23760,29181,22600,20653,5.60652
24057,29640,22438,22003,5.61105
27040,32960,22306,22345,5.67549
20637,27087,25724,17604,5.68575
20034,28095,26732,18378,5.69009
19967,28207,26844,18464,5.69181
21378,26565,25055,16962,5.6967
22169,26915,25062,16668,5.70518
22282,26965,25063,16626,5.70729
22847,27215,25068,16416,5.71113
21976,26866,25042,16902,5.7267
22687,27217,25030,16800,5.76632
22800,27267,25031,16758,5.76814
22042,26968,25006,17202,5.78206
22494,27168,25010,17034,5.78755
21623,26819,24984,17520,5.793
22640,27269,24993,17142,5.81048
22447,27220,24973,17376,5.83532
22560,27270,24974,17334,5.83781
21802,26971,24949,17778,5.84805
22400,27272,24936,17718,5.87531
21868,27073,24913,18078,5.88722
22207,27223,24916,17952,5.89145
22353,27324,24899,18060,5.90631
21694,27178,24820,18954,5.91611
21807,27228,24821,18912,5.91819
21840,27279,24803,19062,5.92092
22212,27480,24788,19086,5.92962
22391,27632,24753,19344,5.9381
22504,27682,24754,19302,5.93994
22198,27583,24733,19578,5.94138
22311,27633,24734,19536,5.94313
21892,27484,24712,19854,5.94486
21925,27535,24694,20004,5.96138
22297,27736,24679,20028,5.97266
21878,27587,24657,20346,5.97783
21991,27637,24658,20304,5.9795
21911,27638,24639,20496,5.98212
22057,27739,24622,20604,5.98901
22170,27789,24623,20562,5.99092
22203,27840,24605,20712,5.99251
22123,27841,24586,20904,5.99815
22236,27891,24587,20862,5.9998
22269,27942,24569,21012,6.00811
22382,27992,24570,20970,6.00982
22142,27995,24513,21546,6.0263
22255,28045,24514,21504,6.02808
22547,28247,24480,21720,6.03442
22274,28199,24441,22146,6.04296
29470,32588,20508,26970,6.05023
27510,26406,21943,26438,6.05911
27612,26652,22267,26417,6.06105
24680,25382,25007,26054,6.07574
24613,25494,25119,26140,6.07754
25848,24998,26233,20122,6.14144
27497,25586,26135,19448,6.17689
26965,25387,26112,19808,6.19763
27031,25489,26076,20108,6.26586
26306,25241,26033,20702,6.30504
26984,25541,26039,20450,6.31231
27097,25591,26040,20408,6.31414
26226,25242,26014,20894,6.31807
26339,25292,26015,20852,6.31982
26904,25542,26020,20642,6.32281
27163,25693,26004,20708,6.34561
26857,25594,25983,20984,6.35768
26970,25644,25984,20942,6.35945
27342,25845,25969,20966,6.37159
17187,27806,27664,17244,6.38722
18995,28606,27680,16572,6.3885
19108,28656,27681,16530,6.38969
17220,27857,27646,17394,6.39054
17333,27907,27647,17352,6.39167
18350,28357,27656,16974,6.39251
18689,28507,27659,16848,6.39462
17253,27908,27628,17544,6.39723
18496,28458,27639,17082,6.39955
18835,28608,27642,16956,6.4016
20191,29208,27654,16452,6.40249
20530,29358,27657,16326,6.40399
19207,28809,27627,16980,6.40654
19320,28859,27628,16938,6.40776
18675,28610,27604,17340,6.40862
18788,28660,27605,17298,6.40984
17352,28061,27574,17994,6.41127
20177,29311,27599,16944,6.41218
20290,29361,27600,16902,6.4133
18741,28712,27568,17640,6.41432
18854,28762,27569,17598,6.41545
18661,28713,27549,17832,6.41723
18774,28763,27550,17790,6.4188
19452,29063,27556,17538,6.42082
19791,29213,27559,17412,6.42252
17564,28264,27521,18402,6.42581
17903,28414,27524,18276,6.4279
18920,28864,27533,17898,6.42875
19033,28914,27534,17856,6.4301
19485,29114,27538,17688,6.43112
19598,29164,27539,17646,6.43239
20615,29614,27548,17268,6.4334
18899,28844,25686,17955,6.53242
19012,28894,25687,17913,6.53377
17350,28195,25654,18693,6.54267
18819,28845,25667,18147,6.54421
19384,29095,25672,17937,6.54679
19497,29145,25673,17895,6.54833
20062,29395,25678,17685,6.5499
20175,29445,25679,17643,6.5511
18400,28696,25645,18465,6.55452
18513,28746,25646,18423,6.55596
19869,29346,25658,17919,6.55753
19982,29396,25659,17877,6.5589
17755,28447,25621,18867,6.56053
18579,28848,25610,18723,6.5652
19031,29048,25614,18555,6.56799
19596,29298,25619,18345,6.57061
19709,29348,25620,18303,6.57204
18160,28699,25588,19041,6.57581
18273,28749,25589,18999,6.57717
19177,29149,25597,18663,6.57877
19968,29499,25604,18369,6.58812
18193,28750,25570,19191,6.59222
18306,28800,25571,19149,6.59342
18758,29000,25575,18981,6.59519
19436,29300,25581,18729,6.59983
20340,29700,25589,18393,6.60367
19243,29251,25561,18963,6.62096
20147,29651,25569,18627,6.62309
18824,29102,25539,19281,6.63145
18937,29152,25540,19239,6.63286
17840,28703,25512,19809,6.64546
19083,29253,25523,19347,6.64807
19422,29403,25526,19221,6.6505
19535,29453,25527,19179,6.65196
20439,29853,25535,18843,6.65346
20552,29903,25536,18801,6.65472
17873,28754,25494,19959,6.65827
18664,29104,25501,19665,6.66273
18777,29154,25502,19623,6.66447
19681,29554,25510,19287,6.66732
19794,29604,25511,19245,6.66975
18358,29005,25480,19941,6.67535
18471,29055,25481,19899,6.67706
20392,29905,25498,19185,6.68088
17826,28806,25457,20301,6.68559
17939,28856,25458,20259,6.68716
19295,29456,25470,19755,6.6909
19408,29506,25471,19713,6.69224
18085,28957,25441,20367,6.69614
18198,29007,25442,20325,6.69753
19667,29657,25455,19779,6.6991
18005,28958,25422,20559,6.70455
18118,29008,25423,20517,6.70669
19022,29408,25431,20181,6.71099
19926,29808,25439,19845,6.71525
20265,29958,25442,19719,6.71867
19055,29459,25413,20331,6.72567
19507,29659,25417,20163,6.72909
19959,29859,25421,19995,6.73148
20750,30209,25428,19701,6.73313
17845,28960,25384,20943,6.73719
19427,29660,25398,20355,6.73886
19540,29710,25399,20313,6.74023
20444,30110,25407,19977,6.7417
20557,30160,25408,19935,6.74308
17878,29011,25366,21093,6.74497
17991,29061,25367,21051,6.74659
18443,29261,25371,20883,6.74825
18556,29311,25372,20841,6.74958
19234,29611,25378,20589,6.75224
20138,30011,25386,20253,6.76061
19154,29612,25359,20781,6.77829
19945,29962,25366,20487,6.78291
20058,30012,25367,20445,6.78439
20656,30313,25354,20385,6.78641
17977,29164,25312,21543,6.79168
20463,30264,25334,20619,6.79337
20576,30314,25335,20577,6.79463
18688,29515,25300,21441,6.80054
18801,29565,25301,21399,6.80228
19173,29766,25286,21423,6.8037
19286,29816,25287,21381,6.80508
18076,29317,25258,21993,6.80845
18415,29467,25261,21867,6.81175
20901,30567,25283,20943,6.81512
19465,29968,25252,21639,6.81808
19804,30118,25255,21513,6.82072
18255,29469,25223,22251,6.82699
18820,29719,25228,22041,6.82881
18933,29769,25229,21999,6.8303
19079,29870,25212,22107,6.834
19192,29920,25213,22065,6.83561
18208,29521,25186,22593,6.83895
18241,29572,25168,22743,6.84262
18354,29622,25169,22701,6.84392
18500,29723,25152,22809,6.8454
18613,29773,25153,22767,6.84673
19065,29973,25157,22599,6.84911
19856,30323,25164,22305,6.85102
19969,30373,25165,22263,6.85243
18340,29725,25114,23193,6.86879
19922,30425,25128,22605,6.87075
19051,30076,25102,23091,6.88096
19955,30476,25110,22755,6.88545
19310,30227,25086,23157,6.88968
19649,30377,25089,23031,6.89211
18665,29978,25062,23559,6.89458
19795,30478,25072,23139,6.89966
19602,30429,25052,23373,6.90823
20479,31616,25505,19143,6.93732
20592,31666,25506,19101,6.93939
20738,31767,25489,19209,6.94136
20790,31972,25398,20001,6.96994
20597,31923,25378,20235,6.97382
20743,32024,25361,20343,6.98217
20856,32074,25362,20301,6.98393
20776,32075,25343,20493,6.98725
20889,32125,25344,20451,6.98919
19875,26237,25594,21549,7.01098
19808,26349,25706,21635,7.01237
20440,26861,27828,16391,7.02954
20373,26973,27940,16477,7.03087
19904,27757,28724,17079,7.03188
19837,27869,28836,17165,7.03304
20808,26352,27250,16111,7.05653
20741,26464,27362,16197,7.05796
20138,27472,28370,16971,7.05895
20071,27584,28482,17057,7.06024
21733,26478,27033,15645,7.06984
22444,26829,27021,15543,7.09634
22557,26879,27022,15501,7.09823
22317,26882,26965,16077,7.10132
22430,26932,26966,16035,7.10382
21333,26483,26938,16605,7.10483
21446,26533,26939,16563,7.10657
21173,26485,26900,16989,7.11163
22940,28673,21846,23427,7.11534
22974,28755,21954,23420,7.11688
19536,27359,24386,23450,7.13846
22708,27673,23680,15225,7.17219
22742,27755,23788,15218,7.17342
23727,29130,22618,20503,7.21807
24024,29589,22456,21853,7.22648
26974,32858,22342,22045,7.3151
27007,32909,22324,22195,7.31765
20905,26639,25276,17260,7.33335
20838,26751,25388,17346,7.33593
20101,27983,26620,18292,7.3401
21863,26816,25041,16944,7.38846
22574,27167,25029,16842,7.44391
22913,27317,25032,16716,7.44893
21816,26868,25004,17286,7.46786
21929,26918,25005,17244,7.46993
21284,26669,24981,17646,7.48584
21397,26719,24982,17604,7.48815
21915,27021,24950,17736,7.54666
22433,27323,24918,17868,7.58974
22546,27373,24919,17826,7.5918
22386,27375,24881,18210,7.61503
22499,27425,24882,18168,7.61701
21515,27026,24855,18696,7.62012
21548,27077,24837,18846,7.62159
21661,27127,24838,18804,7.62347
21581,27128,24819,18996,7.62696
21727,27229,24802,19104,7.63208
22099,27430,24787,19128,7.64509
21939,27432,24749,19512,7.65806
22052,27482,24750,19470,7.6599
22085,27533,24732,19620,7.66444
22424,27683,24735,19494,7.66805
22537,27733,24736,19452,7.67023
21779,27434,24711,19896,7.67339
22038,27585,24695,19962,7.6952
22184,27686,24678,20070,7.70736
22024,27688,24640,20454,7.72233
21944,27689,24621,20646,7.73129
22090,27790,24604,20754,7.7376
22010,27791,24585,20946,7.74922
22349,27941,24588,20820,7.7532
22495,28042,24571,20928,7.76531
22368,28095,24515,21462,7.78734
22514,28196,24498,21570,7.78927
22434,28197,24479,21762,7.79491
22387,28249,24442,22104,7.80466
29440,32537,20541,26961,7.80961
25691,25358,25295,25196,7.81619
25725,25440,25403,25189,7.81765
27482,25898,24425,18194,7.84863
25513,25558,26793,20552,7.87761
25446,25670,26905,20638,7.87971
26852,25337,26111,19850,7.93644
25847,25212,26309,20508,7.95067
25780,25324,26421,20594,7.95279
26193,25191,26032,20744,8.0355
26871,25491,26038,20492,8.04314
27210,25641,26041,20366,8.04777
26452,25342,26016,20810,8.05668
26565,25392,26017,20768,8.05866
27050,25643,26003,20750,8.08559
26744,25544,25982,21026,8.101
27083,25694,25985,20900,8.10467
27422,25844,25988,20774,8.10901
27229,25795,25968,21008,8.12088
26504,25547,25925,21602,8.13186
17300,27856,27665,17202,8.13976
17413,27906,27666,17160,8.14134
17865,28106,27670,16992,8.14251
17978,28156,27671,16950,8.14419
20577,29306,27694,15984,8.14538
20690,29356,27695,15942,8.14673
17672,28057,27650,17226,8.14862
17785,28107,27651,17184,8.14994
18802,28557,27660,16806,8.15234
19254,28757,27664,16638,8.15406
18383,28408,27638,17124,8.15602
19287,28808,27646,16788,8.15765
19400,28858,27647,16746,8.15894
19739,29008,27650,16620,8.1604
17399,28009,27611,17652,8.16392
17512,28059,27612,17610,8.16568
18562,28560,27603,17382,8.16925
20483,29410,27620,16668,8.17085
19838,29161,27596,17070,8.17422
19951,29211,27597,17028,8.1756
17724,28262,27559,18018,8.17807
17837,28312,27560,17976,8.17933
20210,29362,27581,17094,8.18028
20323,29412,27582,17052,8.18154
17757,28313,27541,18168,8.18247
17870,28363,27542,18126,8.1839
19000,28863,27552,17706,8.18512
19339,29013,27555,17580,8.18749
20469,29513,27565,17160,8.18968
20582,29563,27566,17118,8.19099
17451,28214,27520,18444,8.19201
18016,28464,27525,18234,8.19415
19372,29064,27537,17730,8.1976
19711,29214,27540,17604,8.19932
20502,29564,27547,17310,8.20076
18673,28744,25684,18039,8.29569
18786,28794,25685,17997,8.29719
19351,29044,25690,17787,8.29888
19464,29094,25691,17745,8.30028
20933,29744,25704,17199,8.30768
17576,28295,25656,18609,8.31104
17915,28445,25659,18483,8.31437
19158,28995,25670,18021,8.3187
19271,29045,25671,17979,8.32018
19723,29245,25675,17811,8.32175
20288,29495,25680,17601,8.32667
20401,29545,25681,17559,8.32838
18287,28646,25644,18507,8.33239
19191,29046,25652,18171,8.33505
19530,29196,25655,18045,8.33791
19643,29246,25656,18003,8.33946
20095,29446,25660,17835,8.34194
17529,28347,25619,18951,8.34375
17642,28397,25620,18909,8.3453
20467,29647,25645,17859,8.34916
20580,29697,25646,17817,8.35054
17449,28348,25600,19143,8.3526
17562,28398,25601,19101,8.35407
18918,28998,25613,18597,8.35907
19483,29248,25618,18387,8.36334
20048,29498,25623,18177,8.36651
20161,29548,25624,18135,8.36809
20613,29748,25628,17967,8.36966
17482,28399,25582,19293,8.37336
18386,28799,25590,18957,8.37581
20194,29599,25606,18285,8.38198
20307,29649,25607,18243,8.38342
18080,28700,25569,19233,8.38603
18645,28950,25574,19023,8.39069
19210,29200,25579,18813,8.39738
20566,29800,25591,18309,8.39902
19356,29301,25562,18921,8.40626
19921,29551,25567,18711,8.4098
20034,29601,25568,18669,8.41121
18711,29052,25538,19323,8.41454
19050,29202,25541,19197,8.41772
19163,29252,25542,19155,8.4205
18179,28853,25515,19683,8.42936
18292,28903,25516,19641,8.43094
19874,29603,25530,19053,8.43574
19987,29653,25531,19011,8.43747
17647,28654,25492,20043,8.44622
18551,29054,25500,19707,8.4483
19116,29304,25505,19497,8.4514
19455,29454,25508,19371,8.45519
20133,29754,25514,19119,8.45693
20246,29804,25515,19077,8.45841
18245,28955,25479,19983,8.46206
18697,29155,25483,19815,8.4649
20053,29755,25495,19311,8.46824
20166,29805,25496,19269,8.46993
20731,30055,25501,19059,8.47528
17713,28756,25456,20343,8.47734
18052,28906,25459,20217,8.48094
19182,29406,25469,19797,8.48329
20651,30056,25482,19251,8.48918
20764,30106,25483,19209,8.49061
17746,28807,25438,20493,8.49227
17859,28857,25439,20451,8.49375
18650,29207,25446,20157,8.49767
18763,29257,25447,20115,8.4991
20006,29807,25458,19653,8.50069
20119,29857,25459,19611,8.50215
17779,28858,25420,20643,8.50443
18344,29108,25425,20433,8.5062
18457,29158,25426,20391,8.50768
19813,29758,25438,19887,8.51422
20378,30008,25443,19677,8.51798
18829,29359,25411,20415,8.52346
18942,29409,25412,20373,8.52508
19620,29709,25418,20121,8.52799
20524,30109,25426,19785,8.53431
20637,30159,25427,19743,8.53594
18523,29260,25390,20691,8.54048
18636,29310,25391,20649,8.5419
19201,29560,25396,20439,8.54368
19314,29610,25397,20397,8.54544
19653,29760,25400,20271,8.54813
19992,29910,25403,20145,8.55092
20670,30210,25409,19893,8.55249
20783,30260,25410,19851,8.55391
18330,29211,25370,20925,8.55971
18669,29361,25373,20799,8.56253
18782,29411,25374,20757,8.56413
19573,29761,25381,20463,8.56601
20251,30061,25387,20211,8.56903
19832,29912,25365,20529,8.57581
20171,30062,25368,20403,8.57852
20284,30112,25369,20361,8.58007
18283,29263,25333,21267,8.5816
18396,29313,25334,21225,8.5833
20237,30164,25332,20703,8.59408
20350,30214,25333,20661,8.59557
18462,29415,25298,21525,8.60044
18575,29465,25299,21483,8.60271
20383,30265,25315,20811,8.60567
20496,30315,25316,20769,8.60772
18043,29266,25276,21843,8.61104
19512,29916,25289,21297,8.61298
19625,29966,25290,21255,8.61482
20755,30466,25300,20835,8.61643
20868,30516,25301,20793,8.61801
18528,29517,25262,21825,8.62153
18641,29567,25263,21783,8.62305
19093,29767,25267,21615,8.62474
19206,29817,25268,21573,8.62646
20788,30517,25282,20985,8.62813
18674,29618,25245,21933,8.6327
18787,29668,25246,21891,8.63439
18594,29619,25226,22125,8.6499
18707,29669,25227,22083,8.6516
19159,29869,25231,21915,8.65336
19272,29919,25232,21873,8.65501
19950,30219,25238,21621,8.65679
20063,30269,25239,21579,8.65827
18966,29820,25211,22149,8.65994
19870,30220,25219,21813,8.66258
19983,30270,25220,21771,8.66404
18321,29571,25187,22551,8.66762
19597,30172,25180,22239,8.67371
19710,30222,25181,22197,8.67532
18387,29673,25151,22851,8.67694
18726,29823,25154,22725,8.68043
19178,30023,25158,22557,8.68438
19743,30273,25163,22347,8.6886
20115,30474,25148,22371,8.69909
18453,29775,25115,23151,8.70312
19244,30125,25122,22857,8.70493
19357,30175,25123,22815,8.70666
19164,30126,25103,23049,8.71231
20068,30526,25111,22713,8.72077
18439,29878,25060,23643,8.73008
18552,29928,25061,23601,8.73163
19489,30379,25051,23415,8.73658
20366,31566,25504,19185,8.75841
20705,31716,25507,19059,8.76314
20399,31617,25486,19335,8.76667
20691,31819,25452,19551,8.78158
20677,31922,25397,20043,8.79149
20630,31974,25360,20385,8.80739
20574,26637,27604,16219,8.86436
20507,26749,27716,16305,8.86661
20239,27197,28164,16649,8.86795
19971,27645,28612,16993,8.86964
20875,26240,27138,16025,8.88799
20473,26912,27810,16541,8.88984
20272,27248,28146,16799,8.89156
20205,27360,28258,16885,8.89318
21620,26428,27032,15687,8.90233
21992,26629,27017,15711,8.9296
22105,26679,27018,15669,8.93163
21912,26630,26998,15903,8.93572
22025,26680,26999,15861,8.93769
21832,26631,26979,16095,8.93875
21945,26681,26980,16053,8.94056
21187,26382,26955,16497,8.94151
21300,26432,26956,16455,8.94331
21220,26433,26937,16647,8.94704
21559,26583,26940,16521,8.94981
21592,26634,26922,16671,8.95477
21705,26684,26923,16629,8.95672
23076,29001,22278,23399,8.96123
20883,27051,24442,22234,8.96739
20917,27133,24550,22227,8.96894
20240,26321,23374,22583,8.9752
19704,27217,24270,23271,8.98454
22606,27427,23356,15246,9.01737
22844,28001,24112,15197,9.01925
22878,28083,24220,15190,9.02084
20972,26527,25164,17174,9.16988
20771,26863,25500,17432,9.17251
20704,26975,25612,17518,9.17574
20369,27535,26172,17948,9.18005
20302,27647,26284,18034,9.18206
20871,26802,25370,17496,9.23439
20804,26914,25482,17582,9.23651
20368,27749,26248,18334,9.2758
20301,27861,26360,18420,9.27774
21703,26818,25003,17328,9.3345
21510,26769,24983,17562,9.357
22141,27121,24952,17652,9.41852
22320,27273,24917,17910,9.46556
21708,27075,24875,18462,9.49566
21821,27125,24876,18420,9.4976
21628,27076,24856,18654,9.5039
21887,27227,24840,18720,9.50854
22000,27277,24841,18678,9.51104
21614,27179,24801,19146,9.52048
22292,27479,24807,18894,9.52794
22405,27529,24808,18852,9.53016
21986,27380,24786,19170,9.53718
22471,27631,24772,19152,9.54769
21713,27332,24747,19596,9.55297
22165,27532,24751,19428,9.55662
21746,27383,24729,19746,9.56152
21859,27433,24730,19704,9.56331
22490,27785,24699,19794,9.60118
22556,27887,24663,20094,9.62329
22396,27889,24625,20478,9.6469
22509,27939,24626,20436,9.64903
21977,27740,24603,20796,9.65102
22288,28096,24496,21654,9.7057
22401,28146,24497,21612,9.7082
22467,28248,24461,21912,9.72158
29400,32469,20585,26949,9.73409
29390,32452,20596,26946,9.7355
25385,24620,24323,25259,9.73865
25419,24702,24431,25252,9.73994
27652,26308,24965,18159,9.78461
27686,26390,25073,18152,9.78663
25647,25334,26569,20380,9.83108
25245,26006,27241,20896,9.83276
25914,25100,26197,20422,9.89956
25713,25436,26533,20680,9.90126
25646,25548,26645,20766,9.90323
26391,25497,25924,21644,10.0979
17752,28056,27669,17034,10.1102
18769,28506,27678,16656,10.1127
18882,28556,27679,16614,10.1143
20464,29256,27693,16026,10.1157
17446,27957,27648,17310,10.1199
18011,28207,27653,17100,10.1211
18915,28607,27661,16764,10.1228
20497,29307,27675,16176,10.1246
20610,29357,27676,16134,10.1261
18270,28358,27637,17166,10.1273
19174,28758,27645,16830,10.1291
19852,29058,27651,16578,10.1322
17286,27959,27610,17694,10.1343
19094,28759,27626,17022,10.1363
19885,29109,27633,16728,10.138
19998,29159,27634,16686,10.1395
18110,28360,27599,17550,10.1407
18223,28410,27600,17508,10.1421
19353,28910,27610,17088,10.1432
19466,28960,27611,17046,10.1447
17691,28211,27577,17868,10.1475
20064,29261,27598,16986,10.1486
17385,28112,27556,18144,10.1524
18176,28462,27563,17850,10.1536
18289,28512,27564,17808,10.1551
19758,29162,27577,17262,10.1561
19871,29212,27578,17220,10.1574
17644,28263,27540,18210,10.1605
18096,28463,27544,18042,10.1622
18209,28513,27545,18000,10.1636
18887,28813,27551,17748,10.1649
20356,29463,27564,17202,10.1677
18355,28614,27528,18108,10.1711
20276,29464,27545,17394,10.1748
20389,29514,27546,17352,10.1765
16742,27992,24089,23794,10.1891
16776,28074,24197,23787,10.1904
18447,28644,25682,18123,10.2696
18560,28694,25683,18081,10.2711
19125,28944,25688,17871,10.2757
19916,29294,25695,17577,10.2774
20820,29694,25703,17241,10.2814
17463,28245,25655,18651,10.2873
18028,28495,25660,18441,10.2949
18141,28545,25661,18399,10.2967
19610,29195,25674,17853,10.3038
20627,29645,25683,17475,10.3143
18174,28596,25643,18549,10.3176
18739,28846,25648,18339,10.3232
18852,28896,25649,18297,10.3255
19756,29296,25657,17961,10.3299
20434,29596,25663,17709,10.333
20547,29646,25664,17667,10.3349
17416,28297,25618,18993,10.3377
18885,28947,25631,18447,10.3421
18998,28997,25632,18405,10.3436
18240,28698,25607,18849,10.3496
18353,28748,25608,18807,10.3511
19370,29198,25617,18429,10.3593
19822,29398,25621,18261,10.367
20500,29698,25627,18009,10.371
17708,28499,25584,19209,10.3768
17821,28549,25585,19167,10.3784
18725,28949,25593,18831,10.3832
20081,29549,25605,18327,10.3874
17854,28600,25567,19317,10.3941
17967,28650,25568,19275,10.3959
19323,29250,25580,18771,10.407
20453,29750,25590,18351,10.4102
19808,29501,25566,18753,10.4215
18970,29203,25522,19389,10.442
19648,29503,25528,19137,10.4452
19761,29553,25529,19095,10.4472
20100,29703,25532,18969,10.4509
17760,28704,25493,20001,10.4542
18438,29004,25499,19749,10.4562
18890,29204,25503,19581,10.4601
19568,29504,25509,19329,10.4659
20020,29704,25513,19161,10.4677
20359,29854,25516,19035,10.4707
18132,28905,25478,20025,10.4761
18584,29105,25482,19857,10.4799
19827,29655,25493,19395,10.4818
19940,29705,25494,19353,10.4835
20279,29855,25497,19227,10.4871
18165,28956,25460,20175,10.4939
18278,29006,25461,20133,10.4956
20312,29906,25479,19377,10.5019
20425,29956,25480,19335,10.5036
17972,28907,25440,20409,10.5096
18537,29157,25445,20199,10.5133
18989,29357,25449,20031,10.5154
19102,29407,25450,19989,10.517
17892,28908,25421,20601,10.5235
18231,29058,25424,20475,10.5267
19474,29608,25435,20013,10.5335
18490,29209,25408,20541,10.543
18603,29259,25409,20499,10.545
20298,30009,25424,19869,10.5555
18071,29060,25386,20859,10.5616
18184,29110,25387,20817,10.5632
19088,29510,25395,20481,10.5678
20331,30060,25406,20019,10.5751
18895,29461,25375,20715,10.5945
19347,29661,25379,20547,10.5964
19460,29711,25380,20505,10.598
20736,30312,25373,20193,10.6119
20849,30362,25374,20151,10.6139
18057,29163,25331,21351,10.6163
18170,29213,25332,21309,10.6183
20091,30063,25349,20595,10.6201
20204,30113,25350,20553,10.6216
20124,30114,25331,20745,10.631
20689,30364,25336,20535,10.6372
18236,29315,25296,21609,10.6409
19705,29965,25309,21063,10.6448
19818,30015,25310,21021,10.6465
20722,30415,25318,20685,10.6482
20835,30465,25319,20643,10.6497
18495,29466,25280,21675,10.6518
18608,29516,25281,21633,10.6534
19399,29866,25288,21339,10.6552
20190,30216,25295,21045,10.658
20642,30416,25299,20877,10.6607
18980,29717,25266,21657,10.6748
19432,29917,25270,21489,10.6769
19545,29967,25271,21447,10.6788
20675,30467,25281,21027,10.6805
18222,29418,25241,22101,10.6847
19126,29818,25249,21765,10.6866
19239,29868,25250,21723,10.6882
19046,29819,25230,21957,10.7009
19385,29969,25233,21831,10.7039
19498,30019,25234,21789,10.7061
18853,29770,25210,22191,10.7126
19757,30170,25218,21855,10.7159
18434,29621,25188,22509,10.7252
18547,29671,25189,22467,10.7269
19484,30122,25179,22281,10.7336
19823,30272,25182,22155,10.7372
18274,29623,25150,22893,10.739
19630,30223,25162,22389,10.752
20002,30424,25147,22413,10.7603
18566,29825,25116,23109,10.7694
19131,30075,25121,22899,10.7712
19696,30325,25126,22689,10.774
19809,30375,25127,22647,10.7757
19277,30176,25104,23007,10.7793
19390,30226,25105,22965,10.7809
20512,31667,25487,19293,10.8358
20625,31717,25488,19251,10.8383
20804,31869,25453,19509,10.8523
20611,31820,25433,19743,10.8564
20724,31870,25434,19701,10.8584
20531,31821,25414,19935,10.8616
20564,31872,25396,20085,10.8653
25405,30293,25130,14290,10.9119
25395,30276,25141,14287,10.9132
20641,26525,27492,16133,10.9182
20306,27085,28052,16563,10.9222
20038,27533,28500,16907,10.9242
20540,26800,27698,16455,10.9392
20573,26851,27680,16605,10.9607
20506,26963,27792,16691,10.9626
22218,26729,27019,15627,10.9765
22670,26929,27023,15459,10.9792
21799,26580,26997,15945,10.9804
22251,26780,27001,15777,10.9832
22364,26830,27002,15735,10.9859
21493,26481,26976,16221,10.9878
21606,26531,26977,16179,10.9897
21865,26682,26961,16245,10.9952
21978,26732,26962,16203,10.9973
22543,26982,26967,15993,10.9986
21898,26733,26943,16395,11.0093
22011,26783,26944,16353,11.0114
21479,26584,26921,16713,11.0127
21818,26734,26924,16587,11.017
22190,26935,26909,16611,11.0184
22303,26985,26910,16569,11.0203
23008,28837,22062,23413,11.0223
25543,31105,20678,23827,11.024
25533,31088,20689,23824,11.0258
20475,26067,23146,22318,11.0398
20509,26149,23254,22311,11.0427
20307,26209,23262,22497,11.0537
20173,26433,23486,22669,11.0578
20106,26545,23598,22755,11.0609
19771,27105,24158,23185,11.0726
22674,27591,23572,15232,11.1135
22776,27837,23896,15211,11.1168
22946,28247,24436,15176,11.1186
22980,28329,24544,15169,11.1203
20235,27759,26396,18120,11.3205
20938,26690,25258,17410,11.3679
20435,27637,26136,18248,11.3942
20234,27973,26472,18506,11.3989
21590,26768,25002,17370,11.4547
22028,27071,24951,17694,11.5362
21595,27025,24874,18504,11.6122
22273,27325,24880,18252,11.6169
21774,27177,24839,18762,11.6372
22452,27477,24845,18510,11.6396
22565,27527,24846,18468,11.642
21920,27278,24822,18870,11.6538
22179,27429,24806,18936,11.664
22518,27579,24809,18810,11.6682
21873,27330,24785,19212,11.6767
21793,27331,24766,19404,11.6878
21906,27381,24767,19362,11.6902
21826,27382,24748,19554,11.6927
22278,27582,24752,19386,11.7006
21972,27483,24731,19662,11.7086
22443,27837,24662,20136,11.7821
22283,27839,24624,20520,11.8095
22175,28046,24495,21696,11.8885
22354,28198,24460,21954,11.9157
29410,32486,20574,26952,11.9352
25317,24456,24107,25273,11.9392
25351,24538,24215,25266,11.9409
25453,24784,24539,25245,11.9428
25049,24904,24555,25617,11.9518
27618,26226,24857,18166,11.9787
25580,25446,26681,20466,12.0192
25312,25894,27129,20810,12.0222
25881,25049,26215,20272,12.059
25814,25161,26327,20358,12.0612
25579,25660,26757,20852,12.103
18656,28456,27677,16698,12.295
19221,28706,27682,16488,12.2987
20803,29406,27696,15900,12.3009
17559,28007,27649,17268,12.3033
17898,28157,27652,17142,12.3046
19932,29057,27670,16386,12.3074
20045,29107,27671,16344,12.3089
17818,28158,27633,17334,12.3117
17931,28208,27634,17292,12.3133
18948,28658,27643,16914,12.3147
19061,28708,27644,16872,12.3162
19965,29108,27652,16536,12.3174
20078,29158,27653,16494,12.3189
17851,28209,27615,17484,12.321
17964,28259,27616,17442,12.3227
19772,29059,27632,16770,12.3242
20563,29409,27639,16476,12.3265
17319,28010,27592,17844,12.3291
18336,28460,27601,17466,12.331
19240,28860,27609,17130,12.3323
20370,29360,27619,16710,12.3342
19160,28861,27590,17322,12.336
19273,28911,27591,17280,12.3376
20516,29461,27602,16818,12.3397
17498,28162,27557,18102,12.343
17950,28362,27561,17934,12.3449
18515,28612,27566,17724,12.3462
18628,28662,27567,17682,12.3478
19080,28862,27571,17514,12.3492
19193,28912,27572,17472,12.3507
20097,29312,27580,17136,12.3519
20436,29462,27583,17010,12.3543
17983,28413,27543,18084,12.3571
18322,28563,27546,17958,12.3589
20130,29363,27562,17286,12.3609
20243,29413,27563,17244,12.3627
18129,28514,27526,18192,12.3644
18242,28564,27527,18150,12.3664
20163,29414,27544,17436,12.368
16606,27664,23657,23822,12.3787
16640,27746,23765,23815,12.3801
16810,28156,24305,23780,12.3816
16844,28238,24413,23773,12.3833
17656,28294,25675,18417,12.4653
17769,28344,25676,18375,12.4672
19238,28994,25689,17829,12.4789
19803,29244,25694,17619,12.482
20594,29594,25701,17325,12.4916
20707,29644,25702,17283,12.4938
18254,28595,25662,18357,12.5095
20514,29595,25682,17517,12.516
17948,28496,25641,18633,12.5193
18061,28546,25642,18591,12.5209
18626,28796,25647,18381,12.5228
19078,28996,25651,18213,12.5261
20321,29546,25662,17751,12.532
18094,28597,25624,18741,12.5445
18207,28647,25625,18699,12.5467
19676,29297,25638,18153,12.5488
19789,29347,25639,18111,12.5507
18127,28648,25606,18891,12.5581
18466,28798,25609,18765,12.5612
19935,29448,25622,18219,12.5816
17595,28449,25583,19251,12.5992
18047,28649,25587,19083,12.6026
18499,28849,25591,18915,12.6067
18612,28899,25592,18873,12.6084
20420,29699,25608,18201,12.6128
20533,29749,25609,18159,12.6154
17741,28550,25566,19359,12.6207
18405,28953,25517,19599,12.6422
19003,29254,25504,19539,12.6646
19907,29654,25512,19203,12.6717
17680,28705,25474,20193,12.679
17793,28755,25475,20151,12.6809
19262,29405,25488,19605,12.6854
19375,29455,25489,19563,12.6874
18730,29206,25465,19965,12.7024
19860,29706,25475,19545,12.7069
19973,29756,25476,19503,12.7089
20538,30006,25481,19293,12.7108
18876,29307,25448,20073,12.7221
19215,29457,25451,19947,12.7258
19328,29507,25452,19905,12.7278
20797,30157,25465,19359,12.7296
19587,29658,25436,19971,12.7413
18151,29059,25405,20667,12.7492
18264,29109,25406,20625,12.7511
18716,29309,25410,20457,12.7551
20411,30059,25425,19827,12.7588
17958,29010,25385,20901,12.762
18410,29210,25389,20733,12.7644
18975,29460,25394,20523,12.7715
20105,29960,25404,20103,12.7737
20218,30010,25405,20061,12.7755
20623,30262,25372,20235,12.795
17944,29113,25330,21393,12.801
18509,29363,25335,21183,12.8081
20430,30213,25352,20469,12.8101
20543,30263,25353,20427,12.8118
18655,29464,25318,21291,12.8155
18768,29514,25319,21249,12.8174
20802,30414,25337,20493,12.8217
18349,29365,25297,21567,12.8281
19366,29815,25306,21189,12.8338
19479,29865,25307,21147,12.8358
20157,30165,25313,20895,12.8377
20270,30215,25314,20853,12.8393
20609,30365,25317,20727,12.8413
18269,29366,25278,21759,12.8491
18382,29416,25279,21717,12.851
19060,29716,25285,21465,12.8529
19964,30116,25293,21129,12.861
20077,30166,25294,21087,12.863
20529,30366,25298,20919,12.8679
19319,29867,25269,21531,12.8837
18561,29568,25244,21975,12.8947
19013,29768,25248,21807,12.8981
19352,29918,25251,21681,12.9013
19611,30069,25235,21747,12.9194
18740,29720,25209,22233,12.9244
19418,30020,25215,21981,12.9277
19531,30070,25216,21939,12.9295
18886,29821,25192,22341,12.9357
18999,29871,25193,22299,12.9376
20129,30371,25203,21879,12.9394
18580,29722,25171,22617,12.9451
18693,29772,25172,22575,12.9479
19776,30324,25145,22497,12.9869
19889,30374,25146,22455,12.9894
18905,29975,25119,22983,12.9961
19583,30275,25125,22731,12.9995
20498,31770,25432,19785,13.0725
20644,31871,25415,19893,13.0816
25415,30310,25119,14293,13.121
20708,26413,27380,16047,13.1312
20674,26576,27474,16283,13.1421
20004,27696,28594,17143,13.1435
19937,27808,28706,17229,13.1455
20908,26291,27120,16175,13.1603
20439,27075,27904,16777,13.1622
22331,26779,27020,15585,13.172
22783,26979,27024,15417,13.1769
21347,26380,26993,16113,13.1804
21460,26430,26994,16071,13.1824
22138,26730,27000,15819,13.1861
21154,26331,26973,16347,13.1928
21719,26581,26978,16137,13.1945
22510,26931,26985,15843,13.198
22623,26981,26986,15801,13.2001
21639,26582,26959,16329,13.2041
21752,26632,26960,16287,13.2065
22091,26782,26963,16161,13.2096
22350,26933,26947,16227,13.2252
22463,26983,26948,16185,13.2277
21253,26484,26919,16797,13.2293
21366,26534,26920,16755,13.2314
22157,26884,26927,16461,13.2377
22270,26934,26928,16419,13.2403
21286,26535,26901,16947,13.2433
23042,28919,22170,23406,13.2487
25553,31122,20667,23830,13.2505
25523,31071,20700,23821,13.2533
25513,31054,20711,23818,13.2552
20441,25985,23038,22325,13.2659
20849,26969,24334,22241,13.2676
20039,26657,23710,22841,13.2772
19972,26769,23822,22927,13.2807
19302,27889,24942,23787,13.2929
22640,27509,23464,15239,13.3205
22810,27919,24004,15204,13.3232
22912,28165,24328,15183,13.3255
23014,28411,24652,15162,13.3281
23048,28493,24760,15155,13.3302
20168,27871,26508,18206,13.5251
21005,26578,25146,17324,13.5729
20569,27413,25912,18076,13.6013
20502,27525,26024,18162,13.6034
21482,26975,24873,18546,13.7776
22160,27275,24879,18294,13.786
21741,27126,24857,18612,13.8023
22339,27427,24844,18552,13.8164
22259,27428,24825,18744,13.8344
22372,27478,24826,18702,13.8369
21680,27281,24765,19446,13.8791
22358,27581,24771,19194,13.8818
22217,27737,24660,20220,13.982
22330,27787,24661,20178,13.9846
22561,28144,24535,21228,14.0785
29430,32520,20552,26958,14.1389
25555,25030,24863,25224,14.1433
25589,25112,24971,25217,14.1455
25250,24568,24219,25359,14.1484
27516,25980,24533,18187,14.1853
27550,26062,24641,18180,14.1875
25379,25782,27017,20724,14.2321
25680,25385,26551,20530,14.2691
25613,25497,26663,20616,14.2714
25512,25772,26869,20938,14.2904
18430,28356,27675,16782,14.4373
18543,28406,27676,16740,14.4394
20351,29206,27692,16068,14.441
19819,29007,27669,16428,14.4469
20158,29157,27672,16302,14.4493
20271,29207,27673,16260,14.4511
18044,28258,27635,17250,14.4552
18157,28308,27636,17208,14.4571
17738,28159,27614,17526,14.4618
18077,28309,27617,17400,14.4648
18190,28359,27618,17358,14.4669
19433,28909,27629,16896,14.469
20337,29309,27637,16560,14.4705
20450,29359,27638,16518,14.4725
17771,28210,27596,17676,14.4742
17884,28260,27597,17634,14.4761
18449,28510,27602,17424,14.4774
19127,28810,27608,17172,14.4795
19918,29160,27615,16878,14.4815
20031,29210,27616,16836,14.4832
18482,28561,27584,17574,14.4849
18595,28611,27585,17532,14.4872
19725,29111,27595,17112,14.4886
20403,29411,27601,16860,14.4906
17611,28212,27558,18060,14.4926
18063,28412,27562,17892,14.4954
18402,28562,27565,17766,14.497
18967,28812,27570,17556,14.4998
19645,29112,27576,17304,14.5018
19984,29262,27579,17178,14.5039
20549,29512,27584,16968,14.5067
18548,28663,27548,17874,14.5089
20050,29364,27543,17478,14.5149
16708,27910,23981,23801,14.5206
16946,28484,24737,23752,14.5233
16980,28566,24845,23745,14.5254
17430,28194,25673,18501,14.5988
17543,28244,25674,18459,14.6006
18221,28544,25680,18207,14.6026
18334,28594,25681,18165,14.6044
19577,29144,25692,17703,14.6198
19690,29194,25693,17661,14.6219
20402,29576,25807,17402,14.6318
20436,29658,25915,17395,14.6335
18706,28795,25666,18189,14.6546
17835,28446,25640,18675,14.6614
18965,28946,25650,18255,14.675
20208,29496,25661,17793,14.6777
20660,29696,25665,17625,14.6823
18320,28697,25626,18657,14.6975
19563,29247,25637,18195,14.6996
19902,29397,25640,18069,14.7041
17675,28448,25602,19059,14.7125
17788,28498,25603,19017,14.7147
17934,28599,25586,19125,14.7408
20646,29799,25610,18117,14.7579
18518,29003,25518,19557,14.773
17906,28805,25476,20109,14.789
19149,29355,25487,19647,14.7913
19714,29605,25492,19437,14.7949
18504,29106,25463,20049,14.8021
18617,29156,25464,20007,14.8044
19747,29656,25474,19587,14.808
20199,29856,25478,19419,14.8103
19554,29607,25454,19821,14.8252
20232,29907,25460,19569,14.8309
19700,29708,25437,19929,14.8374
18377,29159,25407,20583,14.8495
18297,29160,25388,20775,14.8658
20397,30162,25370,20319,14.8809
18622,29413,25336,21141,14.8882
18735,29463,25337,21099,14.8903
20317,30163,25351,20511,14.8924
18316,29314,25315,21417,14.9018
18429,29364,25316,21375,14.9041
19672,29914,25327,20913,14.9066
19785,29964,25328,20871,14.9085
19140,29715,25304,21273,14.921
19253,29765,25305,21231,14.9235
19592,29915,25308,21105,14.926
19931,30065,25311,20979,14.9299
20044,30115,25312,20937,14.9324
18156,29316,25277,21801,14.9422
18721,29566,25282,21591,14.9496
18834,29616,25283,21549,14.9518
19851,30066,25292,21171,14.9601
20110,30217,25276,21237,14.9758
18335,29468,25242,22059,14.9823
18900,29718,25247,21849,14.9848
18288,29520,25205,22401,15.0014
18401,29570,25206,22359,15.0036
19305,29970,25214,22023,15.0073
19644,30120,25217,21897,15.0106
18660,29721,25190,22425,15.0151
19112,29921,25194,22257,15.0174
19225,29971,25195,22215,15.0193
19903,30271,25201,21963,15.0211
20016,30321,25202,21921,15.023
18467,29672,25170,22659,15.0265
18806,29822,25173,22533,15.0312
19018,30025,25120,22941,15.0554
19470,30225,25124,22773,15.0588
20837,31920,25435,19659,15.1555
20757,31921,25416,19851,15.1665
25385,30259,25152,14284,15.2157
25375,30242,25163,14281,15.2175
25580,30565,25029,15043,15.2258
20775,26301,27268,15961,15.2283
20607,26688,27586,16369,15.2322
20707,26627,27456,16433,15.2462
20640,26739,27568,16519,15.248
21121,26280,26991,16197,15.2705
21234,26330,26992,16155,15.273
21573,26480,26995,16029,15.2767
21380,26431,26975,16263,15.2896
22397,26881,26984,15885,15.2985
21413,26482,26957,16413,15.3107
22204,26832,26964,16119,15.318
22124,26833,26945,16311,15.3396
22044,26834,26926,16503,15.3529
21512,26635,26903,16863,15.3599
21625,26685,26904,16821,15.363
22416,27035,26911,16527,15.3654
25563,31139,20656,23833,15.3703
20679,26559,23794,22276,15.3795
20713,26641,23902,22269,15.3815
20374,26097,23150,22411,15.3848
19838,26993,24046,23099,15.3916
23082,28575,24868,15148,15.4295
26139,31566,22803,18292,15.541
20670,27138,25706,17754,15.6597
20603,27250,25818,17840,15.6626
20770,27077,25576,17818,15.6707
20703,27189,25688,17904,15.6733
20167,28085,26584,18592,15.68
21934,27175,24877,18378,15.8455
22047,27225,24878,18336,15.8482
22113,27327,24842,18636,15.8813
22226,27377,24843,18594,15.8839
22033,27328,24823,18828,15.9014
22485,27528,24827,18660,15.9043
22245,27531,24770,19236,15.961
22104,27687,24659,20262,16.0737
22448,28094,24534,21270,16.1534
29420,32503,20563,26955,16.2148
25521,24948,24755,25231,16.2169
25657,25276,25187,25203,16.2189
24848,25240,24891,25875,16.2306
27584,26144,24749,18173,16.2603
25748,25304,26565,20287,16.2995
25747,25273,26439,20444,16.3427
18317,28306,27674,16824,16.4814
19334,28756,27683,16446,16.4854
19447,28806,27684,16404,16.4882
19367,28807,27665,16596,16.4905
20384,29257,27674,16218,16.4928
17625,28109,27613,17568,16.4984
18981,28709,27625,17064,16.5016
19546,28959,27630,16854,16.504
19659,29009,27631,16812,16.5063
20224,29259,27636,16602,16.508
17432,28060,27593,17802,16.5112
17545,28110,27594,17760,16.5132
17997,28310,27598,17592,16.5149
18901,28710,27606,17256,16.5184
19805,29110,27614,16920,16.5203
20144,29260,27617,16794,16.5224
20257,29310,27618,16752,16.5244
18143,28411,27581,17700,16.5263
18256,28461,27582,17658,16.5283
18708,28661,27586,17490,16.5299
18821,28711,27587,17448,16.5317
19612,29061,27594,17154,16.5332
19532,29062,27575,17346,16.5397
18435,28613,27547,17916,16.5438
16674,27828,23873,23808,16.5494
16878,28320,24521,23766,16.5519
17150,28976,25385,23710,16.5538
19983,31188,23377,24492,16.5744
21642,30912,24862,15721,16.5786
21676,30994,24970,15714,16.5801
17317,28144,25672,18543,16.6101
18108,28494,25679,18249,16.6155
18593,28745,25665,18231,16.66
17496,28296,25637,18801,16.6642
17609,28346,25638,18759,16.6673
18433,28747,25627,18615,16.6909
19224,29097,25634,18321,16.6932
19337,29147,25635,18279,16.6954
20015,29447,25641,18027,16.6989
20693,29747,25647,17775,16.7009
17901,28548,25604,18975,16.7087
18014,28598,25605,18933,16.7111
18631,29053,25519,19515,16.746
18019,28855,25477,20067,16.7573
19601,29555,25491,19479,16.7652
18391,29056,25462,20091,16.7702
20086,29806,25477,19461,16.7814
19441,29557,25453,19863,16.7852
20571,30057,25463,19443,16.7892
20684,30107,25464,19401,16.7912
20510,30212,25371,20277,16.8136
19639,29863,25345,20763,16.8217
19752,29913,25346,20721,16.8239
18542,29414,25317,21333,16.8355
19446,29814,25325,20997,16.8393
19559,29864,25326,20955,16.8415
20011,30064,25330,20787,16.844
19027,29665,25303,21315,16.8515
18947,29666,25284,21507,16.8803
19738,30016,25291,21213,16.8866
19997,30167,25275,21279,16.8913
18448,29518,25243,22017,16.8981
18175,29470,25204,22443,16.9077
18627,29670,25208,22275,16.9114
18773,29771,25191,22383,16.9246
19564,30121,25198,22089,16.9322
19258,30022,25177,22365,16.9474
19371,30072,25178,22323,16.9497
19936,30322,25183,22113,16.9542
20082,30423,25166,22221,16.9637
25355,30208,25185,14275,17.0954
25345,30191,25196,14272,17.0978
25514,30463,25065,14743,17.1029
20842,26189,27156,15875,17.1095
20841,26403,27232,16261,17.1212
20037,27747,28576,17293,17.1237
21686,26530,26996,15987,17.1538
21267,26381,26974,16305,17.1712
22058,26731,26981,16011,17.1906
21526,26532,26958,16371,17.2053
22237,26883,26946,16269,17.2451
21931,26784,26925,16545,17.2631
22383,26984,26929,16377,17.2692
21399,26585,26902,16905,17.2771
22077,26885,26908,16653,17.2795
25573,31156,20645,23836,17.2857
20645,26477,23686,22283,17.2944
20815,26887,24226,22248,17.2968
20985,27297,24766,22213,17.2993
19905,26881,23934,23013,17.3035
19369,27777,24830,23701,17.3143
20537,27393,26056,17769,17.5333
20737,27026,25594,17668,17.5928
20469,27474,26042,18012,17.5974
20402,27586,26154,18098,17.5999
21038,26629,25128,17474,17.6042
20971,26741,25240,17560,17.6065
20636,27301,25800,17990,17.608
22080,27276,24860,18486,17.7454
22193,27326,24861,18444,17.7485
22146,27378,24824,18786,17.7915
22019,27431,24768,19320,17.8494
22335,28044,24533,21312,18.0152
25487,24866,24647,25238,18.0596
25623,25194,25079,25210,18.0618
25183,24680,24331,25445,18.067
25882,25080,26341,20115,18.1305
26062,25018,26230,19987,18.1494
27305,25568,26241,19525,18.1667
27339,25650,26349,19518,18.1687
25412,25833,26999,20874,18.1872
25345,25945,27111,20960,18.1897
25445,25884,26981,21024,18.1989
18091,28206,27672,16908,18.2933
18204,28256,27673,16866,18.296
20238,29156,27691,16110,18.3017
19706,28957,27668,16470,18.3067
18755,28609,27623,17148,18.3125
18868,28659,27624,17106,18.3154
20111,29209,27635,16644,18.319
17658,28160,27595,17718,18.3225
19014,28760,27607,17214,18.3268
19692,29060,27613,16962,18.3308
18030,28361,27580,17742,18.3349
18369,28511,27583,17616,18.3381
18934,28761,27588,17406,18.3408
19047,28811,27589,17364,18.3447
19386,28961,27592,17238,18.3474
19419,29012,27574,17388,18.3492
16912,28402,24629,23759,18.3537
17116,28894,25277,23717,18.3559
19837,31087,23394,24384,18.3759
21540,30666,24538,15742,18.3808
21574,30748,24646,15735,18.3824
21812,31322,25402,15686,18.3847
21846,31404,25510,15679,18.3871
17995,28444,25678,18291,18.4169
19001,29090,26010,17934,18.436
18367,28645,25663,18315,18.4761
17383,28246,25636,18843,18.4797
17722,28396,25639,18717,18.4822
18659,28847,25629,18531,18.4925
18772,28897,25630,18489,18.495
19111,29047,25633,18363,18.4985
19450,29197,25636,18237,18.5021
20241,29547,25643,17943,18.5045
20354,29597,25644,17901,18.5067
18744,29103,25520,19473,18.5366
19488,29505,25490,19521,18.5519
20345,29957,25461,19527,18.5708
20458,30007,25462,19485,18.573
19300,29713,25342,20889,18.5969
19413,29763,25343,20847,18.5993
19865,29963,25347,20679,18.6016
19978,30013,25348,20637,18.6039
18994,29614,25321,21165,18.6135
19107,29664,25322,21123,18.6162
19898,30014,25329,20829,18.6215
18914,29615,25302,21357,18.6312
19884,30117,25274,21321,18.6587
18514,29620,25207,22317,18.6753
19451,30071,25197,22131,18.684
18919,29872,25174,22491,18.6924
25365,30225,25174,14278,18.8487
25481,30412,25083,14593,18.8558
25547,30514,25047,14893,18.8604
20774,26515,27344,16347,18.8708
20238,27411,28240,17035,18.8731
20171,27523,28352,17121,18.8752
22477,26880,27003,15693,18.9118
22590,26930,27004,15651,18.915
22171,26781,26982,15969,18.9393
21964,26835,26907,16695,19.0227
20611,26395,23578,22290,19.0403
20781,26805,24118,22255,19.0431
20951,27215,24658,22220,19.0459
19637,27329,24382,23357,19.0511
19503,27553,24606,23529,19.0567
20470,27505,26168,17855,19.2501
20001,28289,26952,18457,19.2621
21751,26797,25166,16829,19.2726
21785,26879,25274,16822,19.2756
21864,26847,25167,16787,19.278
21898,26929,25275,16780,19.28
22271,27161,25386,16647,19.2843
20536,27362,25930,17926,19.3164
20067,28146,26714,18528,19.3182
20904,26853,25352,17646,19.3279
21967,27226,24859,18528,19.4503
22132,27481,24769,19278,19.5628
24982,25016,24667,25703,19.7334
24915,25128,24779,25789,19.738
26627,25268,26235,19777,19.8113
26661,25350,26343,19770,19.813
25546,25609,26775,20702,19.8479
19560,28856,27685,16362,19.9214
19593,28907,27667,16512,19.9255
18642,28559,27622,17190,19.9283
19579,29010,27612,17004,19.9346
17917,28311,27579,17784,19.9374
19499,29011,27593,17196,19.9424
19306,28962,27573,17430,19.9463
17082,28812,25169,23724,19.9494
21438,30420,24214,15763,19.971
21472,30502,24322,15756,19.9729
21608,30830,24754,15728,19.9754
21778,31240,25294,15693,19.9781
21914,31568,25726,15665,19.9809
17882,28394,25677,18333,20.0078
18933,28926,25794,17948,20.0233
20063,29426,25804,17528,20.0401
20176,29476,25805,17486,20.0423
20210,29558,25913,17479,20.0444
20289,29526,25806,17444,20.0462
20323,29608,25914,17437,20.048
18480,28695,25664,18273,20.0624
18546,28797,25628,18573,20.0815
20128,29497,25642,17985,20.0977
18857,29153,25521,19431,20.1141
18961,29563,25339,21015,20.1534
19074,29613,25340,20973,20.1564
19526,29813,25344,20805,20.1593
18881,29564,25320,21207,20.1705
19220,29714,25323,21081,20.1751
19333,29764,25324,21039,20.1777
19658,30017,25272,21405,20.1938
19338,30021,25196,22173,20.2109
19032,29922,25175,22449,20.2164
20049,30372,25184,22071,20.2189
20372,27187,28016,16863,20.3932
20104,27635,28464,17207,20.3959
22284,26831,26983,15927,20.4575
21738,26735,26905,16779,20.5485
21851,26785,26906,16737,20.5515
25483,31003,20744,23809,20.5624
25473,30986,20755,23806,20.565
20577,26313,23470,22297,20.5722
20747,26723,24010,22262,20.5748
19570,27441,24494,23443,20.5796
19436,27665,24718,23615,20.5849
26073,31464,22839,17992,20.6715
27162,33147,22245,22942,20.737
27195,33198,22227,23092,20.7393
21073,26497,25160,17081,20.7444
20939,26721,25384,17253,20.749
20403,27617,26280,17941,20.7667
20135,28065,26728,18285,20.7774
20068,28177,26840,18371,20.781
21819,26961,25382,16815,20.7924
22203,26997,25170,16661,20.8047
22316,27047,25171,16619,20.8098
22350,27129,25279,16612,20.8116
20335,27698,26266,18184,20.8465
20837,26965,25464,17732,20.8512
21854,27176,24858,18570,20.9242
25759,25522,25511,25182,21.1623
25116,24792,24443,25531,21.1664
25815,25192,26453,20201,21.2061
25346,25976,27237,20803,21.2208
27757,25768,26245,19357,21.2589
25479,25721,26887,20788,21.2768
19673,28906,27686,16320,21.3364
19786,28956,27687,16278,21.3391
19480,28857,27666,16554,21.3413
18529,28509,27621,17232,21.3438
17804,28261,27578,17826,21.3479
17048,28730,25061,23731,21.3525
21404,30338,24106,15770,21.3764
21506,30584,24430,15749,21.3794
21744,31158,25186,15700,21.3827
21880,31486,25618,15672,21.3863
18775,28990,26008,18018,21.4148
18967,29008,25902,17941,21.4218
19272,29076,25797,17822,21.4327
20696,29840,26025,17304,21.4567
20741,29726,25810,17276,21.4607
20967,29826,25812,17192,21.4658
18848,29513,25338,21057,21.5309
19187,29663,25341,20931,21.5352
19771,30067,25273,21363,21.5634
19145,29972,25176,22407,21.5816
20305,27299,28128,16949,21.7475
22703,26980,27005,15609,21.7808
25503,31037,20722,23815,21.8743
20543,26231,23362,22304,21.8814
25525,30614,23149,15586,21.9124
25515,30597,23160,15583,21.9141
21141,26661,25376,17067,22.0386
21006,26609,25272,17167,22.042
20805,26945,25608,17425,22.0492
20738,27057,25720,17511,22.052
20604,27281,25944,17683,22.0562
20336,27729,26392,18027,22.0625
20269,27841,26504,18113,22.0656
21977,26897,25168,16745,22.089
22237,27079,25278,16654,22.093
20134,28034,26602,18442,22.1324
22306,27376,24862,18402,22.2045
24781,25352,25003,25961,22.3837
25949,24968,26229,20029,22.4043
25681,25416,26677,20373,22.4091
25547,25640,26901,20545,22.4138
26808,25482,26452,19721,22.4376
27113,25550,26347,19602,22.4464
27147,25632,26455,19595,22.4484
19899,29006,27688,16236,22.529
20012,29056,27689,16194,22.5318
18303,28409,27619,17316,22.5358
17014,28648,24953,23738,22.5401
19691,30986,23411,24276,22.5555
21370,30256,23998,15777,22.5619
21710,31076,25078,15707,22.565
18662,28940,26007,18060,22.5995
18707,28826,25792,18032,22.6036
19385,29126,25798,17780,22.6236
19419,29208,25906,17773,22.6262
19950,29376,25803,17570,22.642
19984,29458,25911,17563,22.6446
20097,29508,25912,17521,22.6468
20244,29640,26021,17472,22.6487
20357,29690,26022,17430,22.6525
20470,29740,26023,17388,22.6562
20628,29676,25809,17318,22.6601
20662,29758,25917,17311,22.6645
20854,29776,25811,17234,22.6779
25448,30361,25101,14443,22.882
25493,31020,20733,23812,22.9776
25545,30648,23127,15592,22.9959
25644,30801,23073,16042,23.0149
26304,31821,22713,19042,23.0459
26469,32076,22623,19792,23.0569
26766,32535,22461,21142,23.0728
21107,26579,25268,17074,23.1016
20872,26833,25496,17339,23.1087
20671,27169,25832,17597,23.1141
21638,26747,25165,16871,23.1336
21672,26829,25273,16864,23.1363
21932,27011,25383,16773,23.1392
22045,27061,25384,16731,23.1417
22090,26947,25169,16703,23.1453
22124,27029,25277,16696,23.1478
20268,27810,26378,18270,23.1791
20201,27922,26490,18356,23.182
22419,27426,24863,18360,23.2373
22532,27476,24864,18318,23.241
26017,25132,26445,20015,23.3808
25413,25864,27125,20717,23.3915
26175,25068,26231,19945,23.4011
26322,25200,26340,19896,23.4059
26356,25282,26448,19889,23.4081
26695,25432,26451,19763,23.4155
26740,25318,26236,19735,23.4243
26774,25400,26344,19728,23.4266
27034,25582,26454,19637,23.432
27079,25468,26239,19609,23.436
27192,25518,26240,19567,23.4403
27226,25600,26348,19560,23.4423
27531,25668,26243,19441,23.4501
27565,25750,26351,19434,23.4523
27644,25718,26244,19399,23.4556
20125,29106,27690,16152,23.5171
18416,28459,27620,17274,23.5202
19485,30783,23494,24150,23.5247
19475,30766,23505,24147,23.5266
17272,28258,25887,18571,23.5441
17306,28340,25995,18564,23.5469
17464,28276,25781,18494,23.5528
18210,28740,26003,18228,23.561
18323,28790,26004,18186,23.5649
18628,28858,25899,18067,23.5744
18741,28908,25900,18025,23.579
19114,29140,26011,17892,23.5895
19340,29240,26013,17808,23.5954
20131,29590,26020,17514,23.6179
20775,29808,25918,17269,23.6301
20809,29890,26026,17262,23.633
25535,30631,23138,15589,23.8708
25475,30529,23204,15571,23.8741
25611,30750,23091,15892,23.887
25743,30954,23019,16492,23.8954
25809,31056,22983,16792,23.9013
26106,31515,22821,18142,23.921
26205,31668,22767,18592,23.9268
26238,31719,22749,18742,23.9303
27228,33249,22209,23242,23.9889
20202,27953,26616,18199,24.0003
21525,26697,25164,16913,24.0123
21559,26779,25272,16906,24.0152
22011,26979,25276,16738,24.0223
22429,27097,25172,16577,24.0346
24714,25464,25115,26047,24.2297
25983,25050,26337,20022,24.2359
25614,25528,26789,20459,24.2399
25480,25752,27013,20631,24.2424
26096,25100,26338,19980,24.2477
26243,25232,26447,19931,24.2502
26288,25118,26232,19903,24.2573
26921,25532,26453,19679,24.2732
27000,25500,26346,19644,24.2779
27678,25800,26352,19392,24.2964
19545,30885,23428,24168,24.3494
20129,31289,23360,24600,24.3625
17238,28176,25779,18578,24.3693
18142,28576,25787,18242,24.3895
18289,28708,25896,18193,24.3956
18549,28890,26006,18102,24.3999
18594,28776,25791,18074,24.404
18854,28958,25901,17983,24.4101
18888,29040,26009,17976,24.4123
19080,29058,25903,17899,24.415
19227,29190,26012,17850,24.4175
19306,29158,25905,17815,24.4217
19453,29290,26014,17766,24.4251
19611,29226,25800,17696,24.4341
19645,29308,25908,17689,24.437
19724,29276,25801,17654,24.4419
20018,29540,26019,17556,24.4491
25495,30563,23182,15577,24.6518
25485,30546,23193,15574,24.6546
25578,30699,23109,15742,24.661
25908,31209,22929,17242,24.6752
26172,31617,22785,18442,24.6863
26271,31770,22731,18892,24.6912
26370,31923,22677,19342,24.6993
26601,32280,22551,20392,24.7107
26733,32484,22479,20992,24.7141
21186,26547,25161,17039,24.7454
21220,26629,25269,17032,24.7477
21299,26597,25162,16997,24.751
21706,26911,25381,16857,24.7614
22384,27211,25387,16605,24.7697
22655,27197,25174,16493,24.7796
26130,25182,26446,19973,24.9506
26209,25150,26339,19938,24.9538
26582,25382,26450,19805,24.9592
26853,25368,26237,19693,24.962
26966,25418,26238,19651,24.9666
27260,25682,26456,19553,24.9689
27418,25618,26242,19483,24.9735
27452,25700,26350,19476,24.9757
19495,30800,23483,24153,25.0299
17498,28358,25889,18487,25.0518
17532,28440,25997,18480,25.0548
17577,28326,25782,18452,25.0599
17611,28408,25890,18445,25.0623
17758,28540,25999,18396,25.0682
18029,28526,25786,18284,25.0778
18176,28658,25895,18235,25.0799
18255,28626,25788,18200,25.086
18436,28840,26005,18144,25.0894
18481,28726,25790,18116,25.0932
18515,28808,25898,18109,25.0957
18820,28876,25793,17990,25.099
19046,28976,25795,17906,25.1063
19193,29108,25904,17857,25.1092
19566,29340,26015,17724,25.1146
19679,29390,26016,17682,25.123
19758,29358,25909,17647,25.1286
19792,29440,26017,17640,25.1315
20922,29940,26027,17220,25.1421
25505,30580,23171,15580,25.2793
26436,32025,22641,19642,25.3166
26568,32229,22569,20242,25.3216
26634,32331,22533,20542,25.3274
27129,33096,22263,22792,25.3513
27261,33300,22191,23392,25.3567
21333,26679,25270,16990,25.3682
21367,26761,25378,16983,25.3714
22158,27111,25385,16689,25.3804
26469,25332,26449,19847,25.4926
26514,25218,26234,19819,25.4968
26887,25450,26345,19686,25.4991
19525,30851,23450,24162,25.5475
19515,30834,23461,24159,25.5503
17351,28226,25780,18536,25.5591
17385,28308,25888,18529,25.5616
17645,28490,25998,18438,25.5693
17724,28458,25891,18403,25.5726
17916,28476,25785,18326,25.5786
17950,28558,25893,18319,25.5812
18368,28676,25789,18158,25.5948
18402,28758,25897,18151,25.5977
19159,29026,25796,17864,25.6084
19532,29258,25907,17731,25.6116
19871,29408,25910,17605,25.6192
19905,29490,26018,17598,25.6219
20888,29858,25919,17227,25.6281
25710,30903,23037,16342,25.7338
26403,31974,22659,19492,25.7595
26832,32637,22425,21442,25.7797
27096,33045,22281,22642,25.7976
21254,26711,25377,17025,25.8057
22542,27147,25173,16535,25.8184
26435,25250,26341,19854,25.8958
26548,25300,26342,19812,25.8984
27486,25782,26458,19469,25.9066
19535,30868,23439,24165,25.9342
19505,30817,23472,24156,25.9389
17419,28390,25996,18522,25.9448
17690,28376,25783,18410,25.9488
17803,28426,25784,18368,25.9521
17984,28640,26001,18312,25.9558
18097,28690,26002,18270,25.959
19498,29176,25799,17738,25.9666
19837,29326,25802,17612,25.9707
20583,29790,26024,17346,25.9758
25677,30852,23055,16192,26.0934
21412,26647,25163,16955,26.1455
21593,26861,25380,16899,26.1488
26401,25168,26233,19861,26.207
27373,25732,26457,19511,26.2109
17837,28508,25892,18361,26.242
17871,28590,26000,18354,26.2454
18063,28608,25894,18277,26.2491
20549,29708,25916,17353,26.2562
25842,31107,22965,16942,26.3462
25974,31311,22893,17542,26.3537
26007,31362,22875,17692,26.3577
26799,32586,22443,21292,26.3787
21446,26729,25271,16948,26.3946
21480,26811,25379,16941,26.3979
20515,29626,25808,17360,26.4456
25875,31158,22947,17092,26.5233
25941,31260,22911,17392,26.5277
26040,31413,22857,17842,26.5335
26337,31872,22695,19192,26.5366
26502,32127,22605,19942,26.5391
26700,32433,22497,20842,26.5471
26898,32739,22389,21742,26.5568
27030,32943,22317,22342,26.5669
26535,32178,22587,20092,26.6516
27063,32994,22299,22492,26.6667
25776,31005,23001,16642,26.7144
26667,32382,22515,20692,26.722
26865,32688,22407,21592,26.726
26964,32841,22353,22042,26.763
26931,32790,22371,21892,26.7864
26997,32892,22335,22192,26.7901
