obj0,obj1,obj2,obj3,obj4,cpu
28640,28637,36996,15536,16593,0
25563,26135,32758,17249,15189,0
24109,26853,40581,16880,14268,0
23195,25298,33625,17198,15989,0
27001,28116,33440,17198,20035,0
23325,24868,23129,19017,16287,0
22632,25571,37723,18213,13544,0
21718,24016,30767,18531,15265,0
23924,25614,29202,18911,18631,0
21628,23886,22691,20930,16343,0
26658,27589,36641,17547,11364,0
25393,27387,34548,17521,12628,0
24964,25389,26685,17355,12845,0
24479,25832,27592,17839,14349,0
19522,22724,31613,18674,21186,0
21556,24777,30069,18860,19431,0
21066,22230,25828,19386,19467,0
20806,23258,25580,19315,19546,0
22840,25311,24036,19501,17791,0
24961,26607,36203,19460,11420,0
23696,26405,34110,19434,12684,0
23267,24407,26247,19268,12901,0
22782,24850,27154,19752,14405,0
21035,21338,35135,20834,25801,0
18045,21442,28755,20007,20462,0
20079,23495,27211,20193,18707,0
19369,21248,25390,21299,19523,0
19109,22276,25142,21228,19602,0
21143,24329,23598,21414,17847,0
21130,24692,34565,18602,19290,0
21197,24774,34688,18599,19211,0
27068,28198,33563,17195,19956,0
27135,28280,33686,17192,19877,0
23526,25114,23498,19008,16050,0
23593,25196,23621,19005,15971,0
20591,24558,33429,19893,17460,0
20658,24640,33552,19890,17381,0
21017,24643,28933,20151,17601,0
21084,24725,29056,20148,17522,0
20374,22478,27235,21254,18338,0
20441,22560,27358,21251,18259,0
22164,24542,23675,20906,15711,0
22231,24624,23798,20903,15632,0
19589,22806,31736,18671,21107,0
21736,23050,27058,19356,18677,0
21803,23132,27181,19353,18598,0
22950,25882,29516,19219,17018,0
23017,25964,29639,19216,16939,0
23459,25032,23375,19011,16129,0
23660,25278,23744,19002,15892,0
23727,25360,23867,18999,15813,0
19117,22754,30723,19959,19198,0
19184,22836,30846,19956,19119,0
20816,24397,28564,20160,17838,0
20883,24479,28687,20157,17759,0
21553,25299,29917,20127,16969,0
21620,25381,30040,20124,16890,0
19503,21412,25636,21293,19365,0
19570,21494,25759,21290,19286,0
21963,24296,23306,20915,15948,0
22030,24378,23429,20912,15869,0
23370,26018,25889,20852,14289,0
23437,26100,26012,20849,14210,0
21210,24411,23721,21411,17768,0
19656,22888,31859,18668,21028,0
21891,25187,30684,18845,19036,0
21133,22312,25951,19383,19388,0
21937,23296,27427,19347,18440,0
22004,23378,27550,19344,18361,0
22883,25800,29393,19222,17097,0
23084,26046,29762,19213,16860,0
23151,26128,29885,19210,16781,0
23392,24950,23252,19014,16208,0
18179,21606,29001,20001,20304,0
18246,21688,29124,19998,20225,0
20122,23984,32568,19914,18013,0
20189,24066,32691,19911,17934,0
20792,24804,33798,19884,17223,0
20859,24886,33921,19881,17144,0
20481,23987,27949,20175,18233,0
20548,24069,28072,20172,18154,0
20950,24561,28810,20154,17680,0
21285,24971,29425,20139,17285,0
21352,25053,29548,20136,17206,0
19436,21330,25513,21296,19444,0
19838,21822,26251,21278,18970,0
19905,21904,26374,21275,18891,0
21379,23708,29080,21209,17153,0
21446,23790,29203,21206,17074,0
21896,24214,23183,20918,16027,0
22097,24460,23552,20909,15790,0
23169,25772,25520,20861,14526,0
23236,25854,25643,20858,14447,0
23504,26182,26135,20846,14131,0
21277,24493,23844,21408,17689,0
21344,24575,23967,21405,17610,0
25435,27006,35557,16666,16941,0
25515,27067,35626,16647,16975,0
19924,23216,32351,18656,20712,0
19991,23298,32474,18653,20633,0
21757,25023,30438,18851,19194,0
21824,25105,30561,18848,19115,0
21602,22886,26812,19362,18835,0
21669,22968,26935,19359,18756,0
21870,23214,27304,19350,18519,0
21007,23504,25949,19306,19309,0
21074,23586,26072,19303,19230,0
23794,25442,23990,18996,15734,0
23861,25524,24113,18993,15655,0
23262,25216,27568,19638,14609,0
21102,21420,35258,20831,25722,0
18112,21524,28878,20004,20383,0
18313,21770,29247,19995,20146,0
18380,21852,29370,19992,20067,0
19318,23000,31092,19950,18961,0
19385,23082,31215,19947,18882,0
20323,24230,32937,19905,17776,0
20390,24312,33060,19902,17697,0
20725,24722,33675,19887,17302,0
21328,25460,34782,19860,16591,0
21395,25542,34905,19857,16512,0
22534,26936,36996,19806,15169,0
22601,27018,37119,19803,15090,0
20414,23905,27826,20178,18312,0
20749,24315,28441,20163,17917,0
21151,24807,29179,20145,17443,0
21419,25135,29671,20133,17127,0
21486,25217,29794,20130,17048,0
21687,25463,30163,20121,16811,0
21754,25545,30286,20118,16732,0
19771,21740,26128,21281,19049,0
20307,22396,27112,21257,18417,0
21245,23544,28834,21215,17311,0
21312,23626,28957,21212,17232,0
19310,22522,25511,21219,19365,0
19377,22604,25634,21216,19286,0
21829,24132,23060,20921,16106,0
22834,25362,24905,20876,14921,0
22901,25444,25028,20873,14842,0
23303,25936,25766,20855,14368,0
21008,23978,24291,21747,18702,0
20993,23939,24368,21784,18797,0
24475,26274,34729,16894,16533,0
24555,26335,34798,16875,16567,0
26875,28104,36799,16324,17553,0
26955,28165,36868,16305,17587,0
24959,26198,28006,17725,14553,0
19723,22970,31982,18665,20949,0
19790,23052,32105,18662,20870,0
21063,24610,34442,18605,19369,0
21690,24941,30315,18854,19273,0
21200,22394,26074,19380,19309,0
23076,24690,29518,19296,17097,0
23143,24772,29641,19293,17018,0
20873,23340,25703,19312,19467,0
21476,24078,26810,19285,18756,0
21543,24160,26933,19282,18677,0
23218,26210,30008,19207,16702,0
24799,26672,25835,18951,14549,0
24866,26754,25958,18948,14470,0
23558,25419,32354,18094,16047,0
23638,25480,32423,18075,16081,0
22942,24972,27292,19714,14473,0
23022,25033,27361,19695,14507,0
18782,22344,30108,19974,19593,0
18849,22426,30231,19971,19514,0
19251,22918,30969,19953,19040,0
19452,23164,31338,19944,18803,0
19519,23246,31461,19941,18724,0
20256,24148,32814,19908,17855,0
20457,24394,33183,19899,17618,0
21194,25296,34536,19866,16749,0
21261,25378,34659,19863,16670,0
22467,26854,36873,19809,15248,0
24259,26024,29817,18896,18236,0
20146,23577,27334,20190,18628,0
20213,23659,27457,20187,18549,0
20682,24233,28318,20166,17996,0
21218,24889,29302,20142,17364,0
19637,21576,25882,21287,19207,0
20173,22232,26866,21263,18575,0
20240,22314,26989,21260,18496,0
20977,23216,28342,21227,17627,0
21044,23298,28465,21224,17548,0
19243,22440,25388,21222,19444,0
21454,25146,29447,21123,16837,0
21521,25228,29570,21120,16758,0
21695,23968,22814,20927,16264,0
22700,25198,24659,20882,15079,0
22767,25280,24782,20879,15000,0
22968,25526,25151,20870,14763,0
23035,25608,25274,20867,14684,0
21023,24017,24214,21710,18607,0
20888,23666,24907,22043,19462,0
20873,23627,24984,22080,19557,0
23435,25481,33832,17141,16091,0
23515,25542,33901,17122,16125,0
24955,26640,35143,16780,16737,0
25035,26701,35212,16761,16771,0
26475,27799,36454,16419,17383,0
26555,27860,36523,16400,17417,0
27275,28409,37144,16229,17723,0
27355,28470,37213,16210,17757,0
24639,25954,27730,17801,14417,0
24719,26015,27799,17782,14451,0
19857,23134,32228,18659,20791,0
20393,23790,33212,18635,20159,0
20460,23872,33335,18632,20080,0
26986,28077,33517,17235,20130,0
21623,24859,30192,18857,19352,0
21267,22476,26197,19377,19230,0
23009,24608,29395,19299,17176,0
23210,24854,29764,19290,16939,0
20940,23422,25826,19309,19388,0
21141,23668,26195,19300,19151,0
21208,23750,26318,19297,19072,0
22816,25718,29270,19225,17176,0
23070,24205,24438,19646,17902,0
23055,24166,24515,19683,17997,0
24732,26590,25712,18954,14628,0
25134,27082,26450,18936,14154,0
25201,27164,26573,18933,14075,0
23108,25639,24528,19489,17475,0
22358,24504,31319,18379,15537,0
22438,24565,31388,18360,15571,0
24278,25968,32975,17923,16353,0
24358,26029,33044,17904,16387,0
22862,24911,27223,19733,14439,0
23102,25094,27430,19676,14541,0
18447,21934,29493,19989,19988,0
19050,22672,30600,19962,19277,0
19586,23328,31584,19938,18645,0
20524,24476,33306,19896,17539,0
21127,25214,34413,19869,16828,0
21596,25788,35274,19848,16275,0
21663,25870,35397,19845,16196,0
22668,27100,37242,19800,15011,0
22735,27182,37365,19797,14932,0
23991,25696,29325,18908,18552,0
24058,25778,29448,18905,18473,0
20280,23741,27580,20184,18470,0
20347,23823,27703,20181,18391,0
20615,24151,28195,20169,18075,0
19704,21658,26005,21284,19128,0
20106,22150,26743,21266,18654,0
20575,22724,27604,21245,18101,0
20642,22806,27727,21242,18022,0
21178,23462,28711,21218,17390,0
25198,28382,36091,21038,12650,0
19176,22358,25265,21225,19523,0
20784,24326,28217,21153,17627,0
20851,24408,28340,21150,17548,0
21762,24050,22937,20924,16185,0
22432,24870,24167,20894,15395,0
22499,24952,24290,20891,15316,0
23102,25690,25397,20864,14605,0
21098,24212,23829,21525,18132,0
21083,24173,23906,21562,18227,0
20948,23822,24599,21895,19082,0
20933,23783,24676,21932,19177,0
21411,24657,24090,21402,17531,0
25360,27432,34911,17608,12745,0
25349,27447,35032,17637,12784,0
23275,25359,33694,17179,16023,0
23355,25420,33763,17160,16057,0
23915,25847,34246,17027,16295,0
23995,25908,34315,17008,16329,0
24715,26457,34936,16837,16635,0
24795,26518,35005,16818,16669,0
25195,26823,35350,16723,16839,0
25275,26884,35419,16704,16873,0
26235,27616,36247,16476,17281,0
26315,27677,36316,16457,17315,0
26795,28043,36730,16343,17519,0
27035,28226,36937,16286,17621,0
27115,28287,37006,16267,17655,0
24559,25893,27661,17820,14383,0
24879,26137,27937,17744,14519,0
20326,23708,33089,18638,20238,0
20728,24200,33827,18620,19764,0
20795,24282,33950,18617,19685,0
21264,24856,34811,18596,19132,0
21334,22558,26320,19374,19151,0
22942,24526,29272,19302,17255,0
21409,23996,26687,19288,18835,0
22213,24980,28163,19252,17887,0
22280,25062,28286,19249,17808,0
23130,24361,24130,19498,17522,0
23115,24322,24207,19535,17617,0
22890,23737,25362,20090,19042,0
22875,23698,25439,20127,19137,0
23928,25606,24236,18990,15576,0
23995,25688,24359,18987,15497,0
25000,26918,26204,18942,14312,0
25067,27000,26327,18939,14233,0
22907,25393,24159,19498,17712,0
22038,24260,31043,18455,15401,0
22118,24321,31112,18436,15435,0
23398,25297,32216,18132,15979,0
23478,25358,32285,18113,16013,0
23718,25541,32492,18056,16115,0
23182,25155,27499,19657,14575,0
18581,22098,29739,19983,19830,0
18648,22180,29862,19980,19751,0
18916,22508,30354,19968,19435,0
18983,22590,30477,19965,19356,0
19988,23820,32322,19920,18171,0
20055,23902,32445,19917,18092,0
20926,24968,34044,19878,17065,0
20993,25050,34167,19875,16986,0
21529,25706,35151,19851,16354,0
24192,25942,29694,18899,18315,0
21955,25791,30655,20109,16495,0
20039,22068,26620,21269,18733,0
20508,22642,27481,21248,18180,0
20709,22888,27850,21239,17943,0
21111,23380,28588,21221,17469,0
20382,23834,27479,21171,18101,0
20449,23916,27602,21168,18022,0
21186,24818,28955,21135,17153,0
21253,24900,29078,21132,17074,0
22365,24788,24044,20897,15474,0
22633,25116,24536,20885,15158,0
21128,24290,23675,21451,17942,0
21113,24251,23752,21488,18037,0
21038,24056,24137,21673,18512,0
20963,23861,24522,21858,18987,0
20903,23705,24830,22006,19367,0
20843,23549,25138,22154,19747,0
25371,27417,34790,17579,12706,0
25338,27462,35153,17666,12823,0
23755,25725,34108,17065,16227,0
23835,25786,34177,17046,16261,0
24395,26213,34660,16913,16499,0
24635,26396,34867,16856,16601,0
24875,26579,35074,16799,16703,0
25115,26762,35281,16742,16805,0
25355,26945,35488,16685,16907,0
25755,27250,35833,16590,17077,0
25835,27311,35902,16571,17111,0
26395,27738,36385,16438,17349,0
26715,27982,36661,16362,17485,0
27195,28348,37075,16248,17689,0
27915,28897,37696,16077,17995,0
27995,28958,37765,16058,18029,0
24799,26076,27868,17763,14485,0
20259,23626,32966,18641,20317,0
20661,24118,33704,18623,19843,0
20996,24528,34319,18608,19448,0
21331,24938,34934,18593,19053,0
21398,25020,35057,18590,18974,0
21535,22804,26689,19365,18914,0
22138,23542,27796,19338,18203,0
22205,23624,27919,19335,18124,0
26895,29364,36529,19125,12594,0
21275,23832,26441,19294,18993,0
21342,23914,26564,19291,18914,0
22146,24898,28040,19255,17966,0
22481,25308,28655,19240,17571,0
22548,25390,28778,19237,17492,0
22939,25897,29637,19248,17057,0
23145,24400,24053,19461,17427,0
23100,24283,24284,19572,17712,0
23025,24088,24669,19757,18187,0
23010,24049,24746,19794,18282,0
24062,25770,24482,18984,15418,0
24933,26836,26081,18945,14391,0
22974,25475,24282,19495,17633,0
21798,24077,30836,18512,15299,0
21878,24138,30905,18493,15333,0
22198,24382,31181,18417,15469,0
23318,25236,32147,18151,15945,0
23798,25602,32561,18037,16149,0
23878,25663,32630,18018,16183,0
24438,26090,33113,17885,16421,0
18514,22016,29616,19986,19909,0
18715,22262,29985,19977,19672,0
19653,23410,31707,19935,18566,0
21060,25132,34290,19872,16907,0
21462,25624,35028,19854,16433,0
24125,25860,29571,18902,18394,0
19839,22871,28443,20785,20227,0
19824,22832,28520,20822,20322,0
21888,25709,30532,20112,16574,0
19972,21986,26497,21272,18812,0
20776,22970,27973,21236,17864,0
20843,23052,28096,21233,17785,0
21513,23872,29326,21203,16995,0
19779,23096,26372,21198,18812,0
19846,23178,26495,21195,18733,0
20650,24162,27971,21159,17785,0
20717,24244,28094,21156,17706,0
20918,24490,28463,21147,17469,0
21320,24982,29201,21129,16995,0
21448,23418,23615,21374,17483,0
21433,23379,23692,21411,17578,0
22298,24706,23921,20900,15553,0
22566,25034,24413,20888,15237,0
21053,24095,24060,21636,18417,0
20978,23900,24445,21821,18892,0
20918,23744,24753,21969,19272,0
20858,23588,25061,22117,19652,0
25382,27402,34669,17550,12667,0
23595,25603,33970,17103,16159,0
24075,25969,34384,16989,16363,0
24155,26030,34453,16970,16397,0
25595,27128,35695,16628,17009,0
26155,27555,36178,16495,17247,0
26635,27921,36592,16381,17451,0
27435,28531,37282,16191,17791,0
27515,28592,37351,16172,17825,0
20058,23380,32597,18650,20554,0
20125,23462,32720,18647,20475,0
20527,23954,33458,18629,20001,0
20929,24446,34196,18611,19527,0
21468,22722,26566,19368,18993,0
22071,23460,27673,19341,18282,0
22540,24034,28534,19320,17729,0
22607,24116,28657,19317,17650,0
21744,24406,27302,19273,18440,0
21811,24488,27425,19270,18361,0
22414,25226,28532,19243,17650,0
22749,25636,29147,19228,17255,0
23295,24790,23283,19091,16477,0
23280,24751,23360,19128,16572,0
23085,24244,24361,19609,17807,0
23040,24127,24592,19720,18092,0
22920,23815,25208,20016,18852,0
22905,23776,25285,20053,18947,0
24330,26098,24974,18972,15102,0
24397,26180,25097,18969,15023,0
23041,25557,24405,19492,17554,0
21958,24199,30974,18474,15367,0
22278,24443,31250,18398,15503,0
22598,24687,31526,18322,15639,0
22678,24748,31595,18303,15673,0
24198,25907,32906,17942,16319,0
19921,23738,32199,19923,18250,0
19884,22988,28212,20674,19942,0
19869,22949,28289,20711,20037,0
19779,22715,28751,20933,20607,0
20963,24540,28756,20138,17793,0
21564,25091,29470,20034,17726,0
21644,25152,29539,20015,17760,0
21821,25627,30409,20115,16653,0
20910,23134,28219,21230,17706,0
19712,23014,26249,21201,18891,0
19913,23260,26618,21192,18654,0
20516,23998,27725,21165,17943,0
20583,24080,27848,21162,17864,0
20985,24572,28586,21144,17390,0
21052,24654,28709,21141,17311,0
21387,25064,29324,21126,16916,0
21568,23730,22999,21078,16723,0
21553,23691,23076,21115,16818,0
21343,23145,24154,21633,18148,0
21328,23106,24231,21670,18243,0
21068,24134,23983,21599,18322,0
23675,25664,34039,17084,16193,0
24315,26152,34591,16932,16465,0
25675,27189,35764,16609,17043,0
26075,27494,36109,16514,17213,0
27835,28836,37627,16096,17961,0
28075,29019,37834,16039,18063,0
28155,29080,37903,16020,18097,0
24380,25967,28681,18100,14700,0
24369,25982,28802,18129,14739,0
20192,23544,32843,18644,20396,0
20594,24036,33581,18626,19922,0
20862,24364,34073,18614,19606,0
21465,25102,35180,18587,18895,0
21532,25184,35303,18584,18816,0
21511,24660,30300,18971,19716,0
21496,24621,30377,19008,19811,0
21401,22640,26443,19371,19072,0
22473,23952,28411,19323,17808,0
22674,24198,28780,19314,17571,0
22741,24280,28903,19311,17492,0
20862,23355,25824,19341,19506,0
21677,24324,27179,19276,18519,0
22012,24734,27794,19261,18124,0
22079,24816,27917,19258,18045,0
22347,25144,28409,19246,17729,0
22682,25554,29024,19231,17334,0
23073,26061,29883,19242,16899,0
23062,26076,30004,19271,16938,0
23310,24829,23206,19054,16382,0
23265,24712,23437,19165,16667,0
23250,24673,23514,19202,16762,0
22995,24010,24823,19831,18377,0
22845,23620,25593,20201,19327,0
22830,23581,25670,20238,19422,0
24263,26016,24851,18975,15181,0
24598,26426,25466,18960,14786,0
24665,26508,25589,18957,14707,0
22705,24960,24729,19834,18646,0
22690,24921,24806,19871,18741,0
22518,24626,31457,18341,15605,0
23238,25175,32078,18170,15911,0
24118,25846,32837,17961,16285,0
22738,24910,27638,19868,14561,0
22727,24925,27759,19897,14600,0
19854,23656,32076,19926,18329,0
20004,23300,27596,20378,19182,0
19989,23261,27673,20415,19277,0
19854,22910,28366,20748,20132,0
19809,22793,28597,20859,20417,0
19794,22754,28674,20896,20512,0
20829,24376,28510,20144,17951,0
20909,24437,28579,20125,17985,0
21043,24601,28825,20119,17827,0
21164,24786,29125,20129,17556,0
21244,24847,29194,20110,17590,0
19511,22768,25880,21210,19128,0
19578,22850,26003,21207,19049,0
19980,23342,26741,21189,18575,0
21119,24736,28832,21138,17232,0
21583,23769,22922,21041,16628,0
21523,23613,23230,21189,17008,0
21508,23574,23307,21226,17103,0
21358,23184,24077,21596,18053,0
21238,22872,24693,21892,18813,0
21223,22833,24770,21929,18908,0
24235,26091,34522,16951,16431,0
25995,27433,36040,16533,17179,0
27755,28775,37558,16115,17927,0
28555,29385,38248,15925,18267,0
28635,29446,38317,15906,18301,0
24468,25847,27713,17868,14388,0
24457,25862,27834,17897,14427,0
24303,26072,29528,18303,14973,0
24292,26087,29649,18332,15012,0
21599,25266,35426,18581,18737,0
21526,24699,30223,18934,19621,0
21451,24504,30608,19119,20096,0
21436,24465,30685,19156,20191,0
22339,23788,28165,19329,17966,0
22406,23870,28288,19326,17887,0
22808,24362,29026,19308,17413,0
21465,24093,26931,19314,18795,0
21454,24108,27052,19343,18834,0
21610,24242,27056,19279,18598,0
21945,24652,27671,19264,18203,0
22615,25472,28901,19234,17413,0
23006,25979,29760,19245,16978,0
22995,25994,29881,19274,17017,0
23160,24439,23976,19424,17332,0
22935,23854,25131,19979,18757,0
22860,23659,25516,20164,19232,0
24196,25934,24728,18978,15260,0
24531,26344,25343,18963,14865,0
22750,25077,24498,19723,18361,0
22735,25038,24575,19760,18456,0
22585,24648,25345,20130,19406,0
22570,24609,25422,20167,19501,0
23652,26465,34594,19550,12840,0
23641,26480,34715,19579,12879,0
23158,25114,32009,18189,15877,0
23958,25724,32699,17999,16217,0
24038,25785,32768,17980,16251,0
22749,24895,27517,19839,14522,0
22716,24940,27880,19926,14639,0
22705,24955,28001,19955,14678,0
19720,23492,31830,19932,18487,0
23894,25536,29356,18985,18821,0
20064,23456,27288,20230,18802,0
19974,23222,27750,20452,19372,0
20226,23638,27403,20171,18662,0
20667,24067,27979,20105,18527,0
20747,24128,28048,20086,18561,0
21309,24742,28924,20030,18155,0
21389,24803,28993,20011,18189,0
21456,24885,29116,20008,18110,0
21536,24946,29185,19989,18144,0
21603,25028,29308,19986,18065,0
21683,25089,29377,19967,18099,0
21484,25030,29401,20053,17692,0
22247,25890,30646,19988,17049,0
22327,25951,30715,19969,17083,0
19444,22686,25757,21213,19207,0
19645,22932,26126,21204,18970,0
20047,23424,26864,21186,18496,0
20114,23506,26987,21183,18417,0
21613,23847,22768,20967,16438,0
21538,23652,23153,21152,16913,0
21493,23535,23384,21263,17198,0
21478,23496,23461,21300,17293,0
21403,23301,23846,21485,17768,0
21388,23262,23923,21522,17863,0
21313,23067,24308,21707,18338,0
21208,22794,24847,21966,19003,0
21193,22755,24924,22003,19098,0
21303,24451,23736,21376,17915,0
21383,24512,23805,21357,17949,0
25915,27372,35971,16552,17145,0
27595,28653,37420,16153,17859,0
27675,28714,37489,16134,17893,0
28235,29141,37972,16001,18131,0
24391,25952,28560,18071,14661,0
24314,26057,29407,18274,14934,0
24204,26207,30617,18564,15324,0
24193,26222,30738,18593,15363,0
21666,25348,35549,18578,18658,0
21541,24738,30146,18897,19526,0
21466,24543,30531,19082,20001,0
22272,23706,28042,19332,18045,0
22875,24444,29149,19305,17334,0
20619,23513,27637,19808,20209,0
20608,23528,27758,19837,20248,0
21878,24570,27548,19267,18282,0
22928,25912,29758,19277,17096,0
23207,26225,30129,19236,16741,0
23175,24478,23899,19387,17237,0
22950,23893,25054,19942,18662,0
24129,25852,24605,18981,15339,0
24464,26262,25220,18966,14944,0
22780,25155,24344,19649,18171,0
22765,25116,24421,19686,18266,0
22720,24999,24652,19797,18551,0
22675,24882,24883,19908,18836,0
22555,24570,25499,20204,19596,0
23663,26450,34473,19521,12801,0
22918,24931,31802,18246,15775,0
22998,24992,31871,18227,15809,0
22760,24880,27396,19810,14483,0
22661,25015,28485,20071,14834,0
22650,25030,28606,20100,14873,0
19787,23574,31953,19929,18408,0
23909,25575,29279,18948,18726,0
20049,23417,27365,20267,18897,0
19944,23144,27904,20526,19562,0
19929,23105,27981,20563,19657,0
20306,23699,27472,20152,18696,0
20587,24006,27910,20124,18493,0
20989,24498,28648,20106,18019,0
21296,24763,28978,20046,18042,0
21376,24824,29047,20027,18076,0
21123,24662,28894,20100,17861,0
21923,25272,29584,19910,18201,0
21404,24969,29332,20072,17658,0
21432,25114,29617,20117,17240,0
22206,25766,30415,19959,17354,0
22286,25827,30484,19940,17388,0
22167,25829,30577,20007,17015,0
19087,22306,25384,21286,19680,0
19076,22321,25505,21315,19719,0
20248,23670,27233,21177,18259,0
20315,23752,27356,21174,18180,0
21510,25243,29691,21149,16797,0
21598,23808,22845,21004,16533,0
21463,23457,23538,21337,17388,0
21418,23340,23769,21448,17673,0
21373,23223,24000,21559,17958,0
21298,23028,24385,21744,18433,0
21283,22989,24462,21781,18528,0
21163,22677,25078,22077,19288,0
21148,22638,25155,22114,19383,0
21223,24390,23667,21395,17881,0
20986,24008,24533,21805,18780,0
20975,24023,24654,21834,18819,0
20867,23873,25402,22106,19411,0
21370,24533,23859,21373,17836,0
21450,24594,23928,21354,17870,0
28395,29263,38110,15963,18199,0
28475,29324,38179,15944,18233,0
24446,25877,27955,17926,14466,0
24435,25892,28076,17955,14505,0
24336,26027,29165,18216,14856,0
24325,26042,29286,18245,14895,0
24215,26192,30496,18535,15285,0
21481,24582,30454,19045,19906,0
21391,24348,30916,19267,20476,0
20729,23363,26427,19518,19819,0
20718,23378,26548,19547,19858,0
20851,23370,25945,19370,19545,0
21130,23683,26316,19329,19190,0
22861,25830,29635,19280,17175,0
23196,26240,30250,19265,16780,0
23263,26322,30373,19262,16701,0
23190,24517,23822,19350,17142,0
22980,23971,24900,19868,18472,0
22965,23932,24977,19905,18567,0
22810,25233,24190,19575,17981,0
22795,25194,24267,19612,18076,0
22600,24687,25268,20093,19311,0
22540,24531,25576,20241,19691,0
23685,26420,34231,19463,12723,0
22758,24809,31664,18284,15707,0
22838,24870,31733,18265,15741,0
23078,25053,31940,18208,15843,0
22771,24865,27275,19781,14444,0
22672,25000,28364,20042,14795,0
20034,23378,27442,20304,18992,0
19959,23183,27827,20489,19467,0
19914,23066,28058,20600,19752,0
20386,23760,27541,20133,18730,0
20466,23821,27610,20114,18764,0
20427,23884,27772,20162,18425,0
21227,24494,28462,19972,18765,0
21307,24555,28531,19953,18799,0
20721,24170,28156,20118,18335,0
20801,24231,28225,20099,18369,0
20775,24273,28333,20131,18143,0
20855,24334,28402,20112,18177,0
21229,24681,28855,20049,18121,0
21136,24641,28840,20084,17974,0
21216,24702,28909,20065,18008,0
21283,24784,29032,20062,17929,0
21363,24845,29101,20043,17963,0
21763,25150,29446,19948,18133,0
21750,25171,29500,19964,18020,0
21830,25232,29569,19945,18054,0
21324,24908,29263,20091,17624,0
21884,25335,29746,19958,17862,0
21964,25396,29815,19939,17896,0
22046,25644,30277,19997,17286,0
22126,25705,30346,19978,17320,0
21927,25646,30370,20064,16913,0
22007,25707,30439,20045,16947,0
19098,22291,25263,21257,19641,0
18878,22591,27683,21837,20421,0
18867,22606,27804,21866,20460,0
20181,23588,27110,21180,18338,0
21268,22950,24539,21818,18623,0
21253,22911,24616,21855,18718,0
21178,22716,25001,22040,19193,0
21133,22599,25232,22151,19478,0
21065,24257,24192,21612,18249,0
21054,24272,24313,21641,18288,0
21027,24071,24258,21702,18551,0
20997,23993,24412,21776,18741,0
20920,24098,25259,21979,19014,0
20909,24113,25380,22008,19053,0
20922,23798,24797,21961,19216,0
21290,24472,23790,21392,17802,0
28315,29202,38041,15982,18165,0
24424,25907,28197,17984,14544,0
24413,25922,28318,18013,14583,0
24358,25997,28923,18158,14778,0
24347,26012,29044,18187,14817,0
24270,26117,29891,18390,15090,0
24259,26132,30012,18419,15129,0
21406,24387,30839,19230,20381,0
20740,23348,26306,19489,19780,0
20707,23393,26669,19576,19897,0
20696,23408,26790,19605,19936,0
20586,23558,28000,19895,20326,0
20575,23573,28121,19924,20365,0
22191,25010,28405,19310,17965,0
22872,25815,29514,19251,17136,0
23129,26158,30127,19268,16859,0
23274,26307,30252,19233,16662,0
23235,24634,23591,19239,16857,0
22825,25272,24113,19538,17886,0
22615,24726,25191,20056,19216,0
23674,26435,34352,19492,12762,0
22694,24970,28122,19984,14717,0
22474,25270,30542,20564,15497,0
22463,25285,30663,20593,15536,0
20019,23339,27519,20341,19087,0
19899,23027,28135,20637,19847,0
21106,24309,28162,19962,19036,0
21186,24370,28231,19943,19070,0
21240,24473,28408,19956,18878,0
21320,24534,28477,19937,18912,0
20507,23945,27841,20143,18459,0
20827,24189,28117,20067,18595,0
20561,24048,28018,20156,18267,0
20641,24109,28087,20137,18301,0
20695,24212,28264,20150,18109,0
21149,24620,28786,20068,18087,0
21056,24580,28771,20103,17940,0
21856,25190,29461,19913,18280,0
21203,24723,28963,20081,17895,0
21443,24906,29170,20024,17997,0
21523,24967,29239,20005,18031,0
21843,25211,29515,19929,18167,0
21670,25110,29431,19983,17986,0
21724,25213,29608,19996,17794,0
21804,25274,29677,19977,17828,0
21551,25112,29524,20050,17613,0
21631,25173,29593,20031,17647,0
21806,25461,30070,20054,17184,0
21886,25522,30139,20035,17218,0
22033,25665,30331,20013,17173,0
22113,25726,30400,19994,17207,0
21847,25585,30301,20083,16879,0
22087,25768,30508,20026,16981,0
19010,22411,26231,21489,19953,0
18999,22426,26352,21518,19992,0
18823,22666,28288,21982,20616,0
18812,22681,28409,22011,20655,0
19154,22388,25507,21283,19601,0
19232,22455,25509,21251,19483,0
19288,22552,25753,21277,19443,0
20762,24356,28459,21211,17705,0
20840,24423,28461,21179,17587,0
20829,24438,28582,21208,17626,0
21499,25258,29812,21178,16836,0
20963,24515,25490,21886,18527,0
20952,24530,25611,21915,18566,0
21087,24227,23950,21554,18171,0
21076,24242,24071,21583,18210,0
20874,24458,26205,22113,18968,0
20939,24191,25226,21934,18863,0
20928,24206,25347,21963,18902,0
20990,24062,24577,21797,18724,0
20979,24077,24698,21826,18763,0
20964,24038,24775,21863,18858,0
20887,24143,25622,22066,19131,0
20876,24158,25743,22095,19170,0
20905,24059,25336,22016,19109,0
20894,24074,25457,22045,19148,0
20875,23981,25490,22090,19299,0
20864,23996,25611,22119,19338,0
20878,23858,25281,22077,19372,0
24402,25937,28439,18042,14622,0
24281,26102,29770,18361,15051,0
24226,26177,30375,18506,15246,0
21421,24426,30762,19193,20286,0
20795,23273,25701,19344,19585,0
20784,23288,25822,19373,19624,0
20685,23423,26911,19634,19975,0
20597,23543,27879,19866,20287,0
20918,23452,26068,19367,19466,0
21052,23616,26314,19361,19308,0
21119,23698,26437,19358,19229,0
21197,23765,26439,19326,19111,0
21331,23929,26685,19320,18953,0
21320,23944,26806,19349,18992,0
21532,24175,27054,19311,18716,0
21521,24190,27175,19340,18755,0
21733,24421,27423,19302,18479,0
22202,24995,28284,19281,17926,0
22727,25666,29389,19286,17333,0
23140,26143,30006,19239,16820,0
23220,24595,23668,19276,16952,0
23205,24556,23745,19313,17047,0
22660,24843,24960,19945,18931,0
22645,24804,25037,19982,19026,0
22683,24985,28243,20013,14756,0
22529,25195,29937,20419,15302,0
22518,25210,30058,20448,15341,0
20959,24166,27970,19984,19081,0
21039,24227,28039,19965,19115,0
20866,24126,27955,20019,18934,0
20946,24187,28024,20000,18968,0
20853,24147,28009,20035,18821,0
20933,24208,28078,20016,18855,0
20680,24046,27925,20089,18640,0
20760,24107,27994,20070,18674,0
20987,24311,28255,20029,18663,0
21067,24372,28324,20010,18697,0
21387,24616,28600,19934,18833,0
20881,24292,28294,20080,18403,0
20961,24353,28363,20061,18437,0
21348,24679,28762,19982,18494,0
21428,24740,28831,19963,18528,0
21175,24578,28678,20036,18313,0
21255,24639,28747,20017,18347,0
21402,24782,28939,19995,18302,0
21482,24843,29008,19976,18336,0
21069,24559,28717,20087,18053,0
21549,24925,29131,19973,18257,0
21629,24986,29200,19954,18291,0
20976,24519,28702,20122,17906,0
21776,25129,29392,19932,18246,0
21510,24988,29293,20021,17918,0
21590,25049,29362,20002,17952,0
21897,25314,29692,19942,17975,0
21977,25375,29761,19923,18009,0
22044,25457,29884,19920,17930,0
21471,25051,29455,20069,17579,0
22191,25600,30076,19898,17885,0
21538,25133,29578,20066,17500,0
21618,25194,29647,20047,17534,0
21566,25278,29863,20111,17082,0
21966,25583,30208,20016,17252,0
21873,25543,30193,20051,17105,0
21953,25604,30262,20032,17139,0
22433,25970,30676,19918,17343,0
22513,26031,30745,19899,17377,0
21780,25503,30178,20086,16958,0
21860,25564,30247,20067,16992,0
21767,25524,30232,20102,16845,0
19021,22396,26110,21460,19914,0
18977,22456,26594,21576,20070,0
18966,22471,26715,21605,20109,0
18834,22651,28167,21953,20577,0
18790,22711,28651,22069,20733,0
19165,22373,25386,21254,19562,0
19299,22537,25632,21248,19404,0
19824,23208,26737,21253,18811,0
20572,24095,27969,21191,17903,0
20561,24110,28090,21220,17942,0
20695,24274,28336,21214,17784,0
20773,24341,28338,21182,17666,0
21566,25340,29935,21175,16757,0
21073,24365,24280,21596,18137,0
21062,24380,24401,21625,18176,0
20973,24323,25116,21852,18617,0
20962,24338,25237,21881,18656,0
20994,24116,24621,21789,18668,0
20983,24131,24742,21818,18707,0
20917,24221,25468,21992,18941,0
20906,24236,25589,22021,18980,0
21001,24047,24456,21768,18685,0
20942,24068,25017,21921,18936,0
20931,24083,25138,21950,18975,0
20898,24128,25501,22037,19092,0
20971,23969,24610,21842,18875,0
20960,23984,24731,21871,18914,0
20872,24104,25699,22103,19226,0
20945,23945,24808,21908,19009,0
20934,23960,24929,21937,19048,0
20930,23906,24885,21945,19104,0
20919,23921,25006,21974,19143,0
20926,23852,24841,21953,19160,0
20915,23867,24962,21982,19199,0
20911,23813,24918,21990,19255,0
20900,23828,25039,22019,19294,0
24248,26147,30133,18448,15168,0
24237,26162,30254,18477,15207,0
21997,25206,30645,18794,19296,0
22077,25267,30714,18775,19330,0
20751,23333,26185,19460,19741,0
20652,23468,27274,19721,20092,0
20641,23483,27395,19750,20131,0
20520,23648,28726,20069,20560,0
20929,23437,25947,19338,19427,0
21063,23601,26193,19332,19269,0
21264,23847,26562,19323,19032,0
21387,24026,26929,19346,18913,0
22068,24831,28038,19287,18084,0
22135,24913,28161,19284,18005,0
22459,25338,28897,19298,17649,0
22738,25651,29268,19257,17294,0
22920,25372,24105,19482,17825,0
22630,24765,25114,20019,19121,0
22584,25120,29332,20274,15107,0
22573,25135,29453,20303,15146,0
22496,25240,30300,20506,15419,0
22485,25255,30421,20535,15458,0
20319,23678,27418,20136,18809,0
20399,23739,27487,20117,18843,0
20626,23943,27748,20076,18832,0
20706,24004,27817,20057,18866,0
21026,24248,28093,19981,19002,0
20293,23720,27526,20168,18583,0
20373,23781,27595,20149,18617,0
20440,23863,27718,20146,18538,0
20520,23924,27787,20127,18572,0
20840,24168,28063,20051,18708,0
20907,24250,28186,20048,18629,0
21147,24433,28393,19991,18731,0
21201,24536,28570,20004,18539,0
21281,24597,28639,19985,18573,0
20868,24313,28348,20096,18290,0
20948,24374,28417,20077,18324,0
21015,24456,28540,20074,18245,0
21095,24517,28609,20055,18279,0
21082,24538,28663,20071,18166,0
21162,24599,28732,20052,18200,0
21469,24864,29062,19992,18223,0
20896,24458,28633,20141,17872,0
21616,25007,29254,19970,18178,0
21430,24927,29224,20040,17884,0
21097,24704,29002,20132,17635,0
22124,25518,29953,19901,17964,0
21391,24990,29386,20088,17545,0
21791,25295,29731,19993,17715,0
21871,25356,29800,19974,17749,0
21378,25011,29440,20104,17432,0
21458,25072,29509,20085,17466,0
21698,25255,29716,20028,17568,0
21685,25276,29770,20044,17455,0
21765,25337,29839,20025,17489,0
21512,25175,29686,20098,17274,0
21592,25236,29755,20079,17308,0
21726,25400,30001,20073,17150,0
21793,25482,30124,20070,17071,0
22353,25909,30607,19937,17309,0
21700,25442,30109,20105,16924,0
21940,25625,30316,20048,17026,0
22234,25911,30700,20004,16936,0
22221,25932,30754,20020,16823,0
19043,22366,25868,21402,19836,0
19032,22381,25989,21431,19875,0
18988,22441,26473,21547,20031,0
18889,22576,27562,21808,20382,0
18845,22636,28046,21924,20538,0
18801,22696,28530,22040,20694,0
19835,23193,26616,21224,18772,0
19902,23275,26739,21221,18693,0
19891,23290,26860,21250,18732,0
20706,24259,28215,21185,17745,0
21097,24766,29074,21196,17310,0
21577,25325,29814,21146,16718,0
20945,24599,25776,21936,18549,0
20934,24614,25897,21965,18588,0
21084,24350,24159,21567,18098,0
20985,24485,25248,21828,18449,0
20974,24500,25369,21857,18488,0
20886,24620,26337,22089,18800,0
21025,24371,24720,21720,18349,0
21014,24386,24841,21749,18388,0
21006,24278,24753,21765,18500,0
20995,24293,24874,21794,18539,0
20951,24353,25358,21910,18695,0
20940,24368,25479,21939,18734,0
20980,24254,24951,21831,18634,0
20969,24269,25072,21860,18673,0
21005,24101,24500,21760,18629,0
20972,24146,24863,21847,18746,0
20961,24161,24984,21876,18785,0
20895,24251,25710,22050,19019,0
21012,24032,24335,21739,18646,0
20953,24053,24896,21892,18897,0
20982,23954,24489,21813,18836,0
20949,23999,24852,21900,18953,0
20883,24089,25578,22074,19187,0
20956,23930,24687,21879,18970,0
20952,23876,24643,21887,19026,0
20941,23891,24764,21916,19065,0
20897,23951,25248,22032,19221,0
20886,23966,25369,22061,19260,0
20937,23837,24720,21924,19121,0
20889,23843,25160,22048,19333,0
20862,23642,25105,22109,19596,0
21424,24636,24036,21386,17644,0
21770,25002,30384,18835,19307,0
21917,25145,30576,18813,19262,0
21971,25248,30753,18826,19070,0
20773,23303,25943,19402,19663,0
20762,23318,26064,19431,19702,0
20663,23453,27153,19692,20053,0
20630,23498,27516,19779,20170,0
20531,23633,28605,20040,20521,0
20985,23534,26191,19364,19387,0
21253,23862,26683,19352,19071,0
21398,24011,26808,19317,18874,0
21990,24764,28036,19319,18202,0
22336,25159,28530,19275,17768,0
22325,25174,28651,19304,17807,0
22470,25323,28776,19269,17610,0
22526,25420,29020,19295,17570,0
22671,25569,29145,19260,17373,0
22660,25584,29266,19289,17412,0
22794,25748,29512,19283,17254,0
22617,25075,28969,20187,14990,0
22606,25090,29090,20216,15029,0
22551,25165,29695,20361,15224,0
22540,25180,29816,20390,15263,0
22507,25225,30179,20477,15380,0
20239,23617,27349,20155,18775,0
20639,23922,27694,20060,18945,0
20719,23983,27763,20041,18979,0
21119,24288,28108,19946,19149,0
20546,23882,27679,20095,18798,0
20786,24065,27886,20038,18900,0
20453,23842,27664,20130,18651,0
21173,24391,28285,19959,18957,0
21253,24452,28354,19940,18991,0
20360,23802,27649,20165,18504,0
20600,23985,27856,20108,18606,0
21080,24351,28270,19994,18810,0
21160,24412,28339,19975,18844,0
21054,24393,28378,20026,18584,0
21134,24454,28447,20007,18618,0
21121,24475,28501,20023,18505,0
20628,24130,28141,20153,18188,0
20708,24191,28210,20134,18222,0
21028,24435,28486,20058,18358,0
21108,24496,28555,20039,18392,0
20935,24395,28471,20093,18211,0
21002,24477,28594,20090,18132,0
21242,24660,28801,20033,18234,0
21322,24721,28870,20014,18268,0
21562,24904,29077,19957,18370,0
21789,25108,29338,19916,18359,0
21696,25068,29323,19951,18212,0
21030,24622,28879,20135,17714,0
21257,24826,29140,20094,17703,0
21337,24887,29209,20075,17737,0
21231,24868,29248,20126,17477,0
21711,25234,29662,20012,17681,0
21951,25417,29869,19955,17783,0
22031,25478,29938,19936,17817,0
21298,24950,29371,20123,17398,0
21605,25215,29701,20063,17421,0
21646,25339,29932,20092,17116,0
22526,26010,30691,19883,17490,0
21713,25421,30055,20089,17037,0
22273,25848,30538,19956,17275,0
22180,25808,30523,19991,17128,0
22260,25869,30592,19972,17162,0
21834,25606,30355,20099,16766,0
22141,25871,30685,20039,16789,0
19054,22351,25747,21373,19797,0
18911,22546,27320,21750,20304,0
18900,22561,27441,21779,20343,0
18856,22621,27925,21895,20499,0
19221,22470,25630,21280,19522,0
19701,23029,26370,21230,18930,0
19768,23111,26493,21227,18851,0
19757,23126,26614,21256,18890,0
19969,23357,26862,21218,18614,0
19958,23372,26983,21247,18653,0
20036,23439,26985,21215,18535,0
20025,23454,27106,21244,18574,0
20438,23931,27723,21197,18061,0
20427,23946,27844,21226,18100,0
20505,24013,27846,21194,17982,0
20494,24028,27967,21223,18021,0
21030,24684,28951,21199,17389,0
21108,24751,28953,21167,17271,0
21231,24930,29320,21190,17152,0
21298,25012,29443,21187,17073,0
21443,25161,29568,21152,16876,0
20978,24554,25413,21849,18432,0
20967,24569,25534,21878,18471,0
21117,24305,23796,21480,17981,0
21106,24320,23917,21509,18020,0
21051,24395,24522,21654,18215,0
21040,24410,24643,21683,18254,0
20930,24560,25853,21973,18644,0
20919,24575,25974,22002,18683,0
21036,24356,24599,21691,18310,0
20992,24416,25083,21807,18466,0
20981,24431,25204,21836,18505,0
20900,24482,26007,22047,18834,0
20889,24497,26128,22076,18873,0
21072,24188,24027,21591,18266,0
20984,24308,24995,21823,18578,0
20918,24398,25721,21997,18812,0
20907,24413,25842,22026,18851,0
21057,24149,24104,21628,18361,0
20914,24344,25677,22005,18868,0
20903,24359,25798,22034,18907,0
20877,24335,25996,22100,19041,0
21016,24086,24379,21731,18590,0
20950,24176,25105,21905,18824,0
20938,24014,24973,21929,18992,0
20927,24029,25094,21958,19031,0
20967,23915,24566,21850,18931,0
20868,24050,25655,22111,19282,0
20908,23936,25127,22003,19182,0
20907,23759,24874,21998,19311,0
22170,25307,30729,18740,19477,0
21837,25084,30507,18832,19228,0
20674,23438,27032,19663,20014,0
20564,23588,28242,19953,20404,0
20996,23519,26070,19335,19348,0
21186,23780,26560,19355,19150,0
21599,24257,27177,19308,18637,0
21722,24436,27544,19331,18518,0
22001,24749,27915,19290,18163,0
22124,24928,28282,19313,18044,0
22403,25241,28653,19272,17689,0
22392,25256,28774,19301,17728,0
22537,25405,28899,19266,17531,0
22805,25733,29391,19254,17215,0
22639,25045,28727,20129,14912,0
22595,25105,29211,20245,15068,0
22562,25150,29574,20332,15185,0
20159,23556,27280,20174,18741,0
20479,23800,27556,20098,18877,0
20559,23861,27625,20079,18911,0
20879,24105,27901,20003,19047,0
20613,23964,27802,20092,18719,0
20693,24025,27871,20073,18753,0
21013,24269,28147,19997,18889,0
21093,24330,28216,19978,18923,0
21000,24290,28201,20013,18776,0
20654,24088,28033,20121,18414,0
20734,24149,28102,20102,18448,0
21041,24414,28432,20042,18471,0
20788,24252,28279,20115,18256,0
21268,24618,28693,20001,18460,0
20922,24416,28525,20109,18098,0
21642,24965,29146,19938,18404,0
21722,25026,29215,19919,18438,0
21709,25047,29269,19935,18325,0
21350,24866,29155,20059,17850,0
21990,25354,29707,19907,18122,0
21177,24765,29071,20113,17669,0
21417,24948,29278,20056,17771,0
21497,25009,29347,20037,17805,0
22057,25436,29830,19904,18043,0
21311,24929,29317,20107,17511,0
22111,25539,30007,19917,17851,0
21525,25154,29632,20082,17387,0
22245,25703,30253,19911,17693,0
22325,25764,30322,19892,17727,0
22392,25846,30445,19889,17648,0
21659,25318,29878,20076,17229,0
21739,25379,29947,20057,17263,0
22366,25888,30553,19921,17422,0
22446,25949,30622,19902,17456,0
21633,25360,29986,20108,17003,0
22193,25787,30469,19975,17241,0
22020,25686,30385,20029,17060,0
21994,25728,30493,20061,16834,0
22074,25789,30562,20042,16868,0
21901,25688,30478,20096,16687,0
21981,25749,30547,20077,16721,0
22035,25852,30724,20090,16529,0
19065,22336,25626,21344,19758,0
18944,22501,26957,21663,20187,0
18933,22516,27078,21692,20226,0
19366,22619,25755,21245,19325,0
19433,22701,25878,21242,19246,0
19422,22716,25999,21271,19285,0
20628,24192,28213,21217,17863,0
20907,24505,28584,21176,17508,0
20896,24520,28705,21205,17547,0
20963,24602,28828,21202,17468,0
21041,24669,28830,21170,17350,0
21175,24833,29076,21164,17192,0
21242,24915,29199,21161,17113,0
21309,24997,29322,21158,17034,0
21022,24494,24929,21733,18276,0
21011,24509,25050,21762,18315,0
20956,24584,25655,21907,18510,0
21095,24335,24038,21538,18059,0
21018,24440,24885,21741,18332,0
21007,24455,25006,21770,18371,0
20941,24545,25732,21944,18605,0
20897,24605,26216,22060,18761,0
21102,24266,23873,21517,18076,0
21091,24281,23994,21546,18115,0
21003,24401,24962,21778,18427,0
20955,24407,25402,21902,18639,0
20944,24422,25523,21931,18678,0
21039,24233,24390,21678,18383,0
21028,24248,24511,21707,18422,0
20929,24383,25600,21968,18773,0
20885,24443,26084,22084,18929,0
21046,24164,24225,21657,18400,0
20958,24284,25193,21889,18712,0
20947,24299,25314,21918,18751,0
20888,24320,25875,22071,19002,0
20891,24197,25666,22058,19075,0
20880,24212,25787,22087,19114,0
20916,24044,25215,21987,19070,0
20879,24035,25534,22082,19243,0
20892,23720,24951,22035,19406,0
20877,23681,25028,22072,19501,0
21357,24554,23913,21389,17723,0
21437,24615,23982,21370,17757,0
22116,25204,30552,18727,19669,0
22196,25265,30621,18708,19703,0
21850,25063,30453,18816,19341,0
21930,25124,30522,18797,19375,0
21984,25227,30699,18810,19183,0
20553,23603,28363,19982,20443,0
21934,24667,27792,19293,18242,0
21923,24682,27913,19322,18281,0
22620,25611,26456,20081,18571,0
22609,25626,26577,20110,18610,0
23000,25433,24174,19463,17859,0
23080,25494,24243,19444,17893,0
22709,25014,24773,19826,18590,0
22606,25095,25818,20095,18997,0
22595,25110,25939,20124,19036,0
22646,24981,25290,19987,18897,0
22635,24996,25411,20016,18936,0
22987,25454,24228,19479,17746,0
23067,25515,24297,19460,17780,0
22628,25060,28848,20158,14951,0
20799,24044,27832,20022,19013,0
20533,23903,27733,20111,18685,0
20773,24086,27940,20054,18787,0
20920,24229,28132,20032,18742,0
20574,24027,27964,20140,18380,0
20814,24210,28171,20083,18482,0
21361,24658,28708,19966,18607,0
21188,24557,28624,20020,18426,0
20762,24294,28387,20147,18030,0
21110,24683,28948,20116,17748,0
21190,24744,29017,20097,17782,0
21910,25293,29638,19926,18088,0
21577,25070,29416,20018,17839,0
21365,25032,29494,20120,17319,0
21445,25093,29563,20101,17353,0
22005,25520,30046,19968,17591,0
22085,25581,30115,19949,17625,0
21752,25358,29893,20041,17376,0
21832,25419,29962,20022,17410,0
21499,25196,29740,20114,17161,0
22100,25747,30454,20010,17094,0
21914,25667,30424,20080,16800,0
22154,25850,30631,20023,16902,0
22061,25810,30616,20058,16755,0
18955,22486,26836,21634,20148,0
18922,22531,27199,21721,20265,0
19355,22634,25876,21274,19364,0
19500,22783,26001,21239,19167,0
19489,22798,26122,21268,19206,0
20159,23618,27352,21238,18416,0
20371,23849,27600,21200,18140,0
20360,23864,27721,21229,18179,0
20639,24177,28092,21188,17824,0
20974,24587,28707,21173,17429,0
21365,25094,29566,21184,16994,0
21432,25176,29689,21181,16915,0
21033,24479,24808,21704,18237,0
20989,24539,25292,21820,18393,0
21029,24425,24764,21712,18293,0
20996,24470,25127,21799,18410,0
20908,24590,26095,22031,18722,0
21047,24341,24478,21662,18271,0
20970,24446,25325,21865,18544,0
20959,24461,25446,21894,18583,0
21043,24287,24434,21670,18327,0
21032,24302,24555,21699,18366,0
20911,24467,25886,22018,18795,0
21050,24218,24269,21649,18344,0
21017,24263,24632,21736,18461,0
20896,24428,25963,22055,18890,0
21035,24179,24346,21686,18439,0
20936,24314,25435,21947,18790,0
21042,24110,24181,21665,18456,0
20968,24092,24819,21855,18802,0
20957,24107,24940,21884,18841,0
20890,24020,25413,22053,19204,0
20893,23897,25204,22040,19277,0
20882,23912,25325,22069,19316,0
20866,23696,25149,22101,19540,0
21636,24838,30138,18841,19465,0
22010,25185,30591,18778,19409,0
21904,25166,30630,18829,19149,0
20542,23618,28484,20011,20482,0
21588,24272,27298,19337,18676,0
21655,24354,27421,19334,18597,0
21800,24503,27546,19299,18400,0
21789,24518,27667,19328,18439,0
22057,24846,28159,19316,18123,0
22258,25092,28528,19307,17886,0
22796,25371,24520,19617,17947,0
22785,25386,24641,19646,17986,0
22694,24975,24850,19863,18685,0
22657,24966,25169,19958,18858,0
22591,25056,25895,20132,19092,0
22580,25071,26016,20161,19131,0
22559,24624,25543,20196,19540,0
23147,25576,24366,19441,17814,0
20494,23966,27895,20159,18346,0
20974,24332,28309,20045,18550,0
21454,24698,28723,19931,18754,0
21521,24780,28846,19928,18675,0
21495,24822,28954,19960,18449,0
21575,24883,29023,19941,18483,0
20842,24355,28456,20128,18064,0
21270,24805,29086,20078,17816,0
21817,25253,29623,19961,17941,0
21925,25459,29977,19987,17557,0
22165,25642,30184,19930,17659,0
21672,25297,29824,20060,17342,0
21912,25480,30031,20003,17444,0
21992,25541,30100,19984,17478,0
21579,25257,29809,20095,17195,0
22219,25745,30361,19943,17467,0
22299,25806,30430,19924,17501,0
22340,25930,30661,19953,17196,0
21968,25770,30601,20093,16608,0
19623,22962,26368,21262,19048,0
19690,23044,26491,21259,18969,0
20170,23603,27231,21209,18377,0
21164,24848,29197,21193,17231,0
21376,25079,29445,21155,16955,0
21055,24449,24566,21646,18159,0
21044,24464,24687,21675,18198,0
21000,24524,25171,21791,18354,0
20890,24674,26381,22081,18744,0
21058,24326,24357,21633,18232,0
21021,24317,24676,21728,18405,0
20933,24437,25644,21960,18717,0
20922,24452,25765,21989,18756,0
21061,24203,24148,21620,18305,0
20991,24239,24830,21802,18595,0
20925,24329,25556,21976,18829,0
20899,24305,25754,22042,18963,0
20913,24167,25424,22000,18997,0
20902,24182,25545,22029,19036,0
20901,24005,25292,22024,19165,0
20904,23882,25083,22011,19238,0
20885,23789,25116,22056,19389,0
20874,23804,25237,22085,19428,0
20870,23750,25193,22093,19484,0
22036,25143,30483,18746,19635,0
22090,25246,30660,18759,19443,0
21666,24339,27300,19305,18558,0
21856,24600,27790,19325,18360,0
22269,25077,28407,19278,17847,0
22593,25502,29143,19292,17491,0
22807,25356,24399,19588,17908,0
22741,25446,25125,19762,18142,0
22730,25461,25246,19791,18181,0
22689,25398,25521,19894,18410,0
22678,25413,25642,19923,18449,0
22619,25434,26203,20076,18700,0
22608,25449,26324,20105,18739,0
22570,25263,26390,20195,19041,0
22654,25089,25378,19971,18785,0
22643,25104,25499,20000,18824,0
22617,25080,25697,20066,18958,0
22679,24936,24927,19900,18780,0
22668,24951,25048,19929,18819,0
22602,25041,25774,20103,19053,0
22572,24963,25928,20177,19243,0
22561,24978,26049,20206,19282,0
22608,24795,25356,20077,19199,0
22597,24810,25477,20106,19238,0
20894,24271,28240,20064,18516,0
21374,24637,28654,19950,18720,0
21441,24719,28777,19947,18641,0
21508,24801,28900,19944,18562,0
21415,24761,28885,19979,18415,0
21657,25131,29485,19999,17873,0
21737,25192,29554,19980,17907,0
21845,25398,29908,20006,17523,0
22232,25724,30307,19927,17580,0
22312,25785,30376,19908,17614,0
21979,25562,30154,20000,17365,0
22059,25623,30223,19981,17399,0
22420,25991,30730,19934,17230,0
22048,25831,30670,20074,16642,0
19634,22947,26247,21233,19009,0
20103,23521,27108,21212,18456,0
20092,23536,27229,21241,18495,0
20237,23685,27354,21206,18298,0
21110,24374,23961,21501,17964,0
21099,24389,24082,21530,18003,0
20923,24629,26018,21994,18627,0
21069,24311,24236,21604,18193,0
21010,24332,24797,21757,18444,0
20999,24347,24918,21786,18483,0
21024,24194,24467,21715,18478,0
21013,24209,24588,21744,18517,0
20943,24245,25270,21926,18807,0
20932,24260,25391,21955,18846,0
20873,24281,25952,22108,19097,0
20946,24122,25061,21913,18880,0
20935,24137,25182,21942,18919,0
20923,23975,25050,21966,19087,0
20871,23927,25446,22098,19355,0
20896,23774,24995,22027,19350,0
20863,23819,25358,22114,19467,0
20881,23735,25072,22064,19445,0
21199,24426,23842,21440,17807,0
21188,24441,23963,21469,17846,0
21322,24605,24209,21463,17688,0
21716,24899,30207,18822,19499,0
21796,24960,30276,18803,19533,0
21867,24585,27669,19296,18321,0
22604,25487,29022,19263,17452,0
22829,25326,24157,19530,17830,0
22818,25341,24278,19559,17869,0
22774,25401,24762,19675,18025,0
22631,25596,26335,20052,18532,0
22700,25383,25400,19865,18371,0
22652,25389,25840,19989,18583,0
22641,25404,25961,20018,18622,0
22582,25425,26522,20171,18873,0
22571,25440,26643,20200,18912,0
22739,25092,24619,19752,18400,0
22728,25107,24740,19781,18439,0
22647,25158,25543,19992,18768,0
22636,25173,25664,20021,18807,0
22698,25029,24894,19855,18629,0
22672,25005,25092,19921,18763,0
22661,25020,25213,19950,18802,0
22584,25125,26060,20153,19075,0
22573,25140,26181,20182,19114,0
22624,25011,25532,20045,18975,0
22613,25026,25653,20074,19014,0
22583,24948,25807,20148,19204,0
22619,24780,25235,20048,19160,0
23121,25618,24474,19473,17588,0
21294,24576,28585,19969,18686,0
21588,24862,28969,19925,18596,0
21335,24700,28816,19998,18381,0
21655,24944,29092,19922,18517,0
21938,25438,29923,19971,17670,0
22018,25499,29992,19952,17704,0
22152,25663,30238,19946,17546,0
21819,25440,30016,20038,17297,0
21899,25501,30085,20019,17331,0
22139,25684,30292,19962,17433,0
22379,25867,30499,19905,17535,0
22459,25928,30568,19886,17569,0
22128,25892,30739,20055,16676,0
19556,22880,26245,21265,19127,0
20304,23767,27477,21203,18219,0
21132,24344,23719,21443,17886,0
21077,24419,24324,21588,18081,0
21066,24434,24445,21617,18120,0
20901,24659,26260,22052,18705,0
21080,24296,24115,21575,18154,0
20948,24476,25567,21923,18622,0
20977,24377,25160,21844,18561,0
20966,24392,25281,21873,18600,0
21002,24224,24709,21773,18556,0
20965,24215,25028,21868,18729,0
20954,24230,25149,21897,18768,0
20921,24275,25512,21984,18885,0
20884,24266,25831,22079,19058,0
20924,24152,25303,21971,18958,0
20912,23990,25171,21995,19126,0
21333,24590,24088,21434,17649,0
21389,24687,24332,21460,17609,0
21956,25082,30414,18765,19601,0
22276,25326,30690,18689,19737,0
22356,25387,30759,18670,19771,0
22183,25286,30675,18724,19590,0
22263,25347,30744,18705,19624,0
22752,25431,25004,19733,18103,0
22708,25491,25488,19849,18259,0
22697,25506,25609,19878,18298,0
22587,25656,26819,20168,18688,0
22777,25278,24553,19662,18098,0
22766,25293,24674,19691,18137,0
22773,25224,24509,19670,18154,0
22762,25239,24630,19699,18193,0
22630,25419,26082,20047,18661,0
22597,25464,26445,20134,18778,0
22736,25215,24828,19765,18327,0
22725,25230,24949,19794,18366,0
22688,25221,25268,19889,18539,0
22677,25236,25389,19918,18578,0
22724,25053,24696,19789,18495,0
22581,25248,26269,20166,19002,0
22665,25074,25257,19942,18746,0
22577,25194,26225,20174,19058,0
22683,24990,24971,19892,18724,0
22650,25035,25334,19979,18841,0
22569,25086,26137,20190,19170,0
22594,24933,25686,20119,19165,0
22623,24834,25279,20040,19104,0
22612,24849,25400,20069,19143,0
22564,24855,25840,20193,19355,0
22563,24678,25587,20188,19484,0
22896,25408,24280,19527,17751,0
22885,25423,24401,19556,17790,0
23086,25669,24770,19547,17553,0
21214,24515,28516,19988,18652,0
21778,25316,29785,20009,17602,0
21858,25377,29854,19990,17636,0
22098,25560,30061,19933,17738,0
22178,25621,30130,19914,17772,0
22072,25602,30169,19965,17512,0
19567,22865,26124,21236,19088,0
20293,23782,27598,21232,18258,0
21121,24359,23840,21472,17925,0
21088,24404,24203,21559,18042,0
20912,24644,26139,22023,18666,0
20988,24362,25039,21815,18522,0
20892,24374,25919,22063,18946,0
20998,24170,24665,21781,18612,0
20987,24185,24786,21810,18651,0
20910,24290,25633,22013,18924,0
21400,24672,24211,21431,17570,0
21876,25021,30345,18784,19567,0
22103,25225,30606,18743,19556,0
22763,25416,24883,19704,18064,0
22719,25476,25367,19820,18220,0
22675,25536,25851,19936,18376,0
22664,25551,25972,19965,18415,0
22598,25641,26698,20139,18649,0
22649,25512,26049,20002,18510,0
22638,25527,26170,20031,18549,0
22788,25263,24432,19633,18059,0
22744,25323,24916,19749,18215,0
22733,25338,25037,19778,18254,0
22784,25209,24388,19641,18115,0
22740,25269,24872,19757,18271,0
22729,25284,24993,19786,18310,0
22747,25200,24707,19736,18288,0
22692,25275,25312,19881,18483,0
22681,25290,25433,19910,18522,0
22699,25206,25147,19860,18500,0
22596,25287,26192,20129,18907,0
22585,25302,26313,20158,18946,0
22658,25143,25422,19963,18729,0
22625,25188,25785,20050,18846,0
22614,25203,25906,20079,18885,0
22687,25044,25015,19884,18668,0
22621,25134,25741,20058,18902,0
22610,25149,25862,20087,18941,0
22628,25065,25576,20037,18919,0
22649,24858,25081,19974,18970,0
22638,24873,25202,20003,19009,0
22634,24819,25158,20011,19065,0
22586,24825,25598,20135,19277,0
22575,24840,25719,20164,19316,0
22560,24801,25796,20201,19411,0
22574,24663,25466,20159,19445,0
23097,25654,24649,19518,17514,0
20226,23700,27475,21235,18337,0
20937,24491,25688,21952,18661,0
20881,24389,26040,22092,18985,0
21031,24125,24302,21694,18495,0
21020,24140,24423,21723,18534,0
20976,24200,24907,21839,18690,0
22023,25164,30537,18762,19522,0
22686,25521,25730,19907,18337,0
22642,25581,26214,20023,18493,0
22682,25467,25686,19915,18393,0
22671,25482,25807,19944,18432,0
22605,25572,26533,20118,18666,0
22594,25587,26654,20147,18705,0
22799,25248,24311,19604,18020,0
22755,25308,24795,19720,18176,0
22722,25353,25158,19807,18293,0
22711,25368,25279,19836,18332,0
22751,25254,24751,19728,18232,0
22718,25299,25114,19815,18349,0
22586,25479,26566,20163,18817,0
22758,25185,24586,19707,18249,0
22703,25260,25191,19852,18444,0
22615,25380,26159,20084,18756,0
22604,25395,26280,20113,18795,0
22710,25191,25026,19831,18461,0
22633,25296,25873,20034,18734,0
22622,25311,25994,20063,18773,0
22651,25212,25587,19984,18712,0
22640,25227,25708,20013,18751,0
22669,25128,25301,19934,18690,0
22592,25233,26148,20137,18963,0
22676,25059,25136,19913,18707,0
22632,25119,25620,20029,18863,0
22599,25164,25983,20116,18980,0
22588,25179,26104,20145,19019,0
22639,25050,25455,20008,18880,0
22605,24918,25565,20090,19126,0
22571,24786,25675,20172,19372,0
23134,25597,24420,19457,17701,0
20882,24566,26293,22097,18856,0
21009,24155,24544,21752,18573,0
21863,25042,30399,18800,19454,0
21943,25103,30468,18781,19488,0
22653,25566,26093,19994,18454,0
22770,25347,24718,19683,18081,0
22759,25362,24839,19712,18120,0
22660,25497,25928,19973,18471,0
22616,25557,26412,20089,18627,0
22583,25602,26775,20176,18744,0
22663,25374,25719,19960,18544,0
22769,25170,24465,19678,18210,0
22714,25245,25070,19823,18405,0
22648,25335,25796,19997,18639,0
22637,25350,25917,20026,18678,0
22593,25410,26401,20142,18834,0
22732,25161,24784,19773,18383,0
22721,25176,24905,19802,18422,0
22644,25281,25752,20005,18695,0
22600,25341,26236,20121,18851,0
22589,25356,26357,20150,18890,0
22706,25137,24982,19839,18517,0
22695,25152,25103,19868,18556,0
22629,25242,25829,20042,18790,0
22702,25083,24938,19847,18573,0
22691,25098,25059,19876,18612,0
22603,25218,26027,20108,18924,0
22642,24927,25246,19995,18953,0
22631,24942,25367,20024,18992,0
22616,24903,25444,20061,19087,0
22601,24864,25521,20098,19182,0
22582,24771,25554,20143,19333,0
23054,25536,24351,19476,17667,0
20926,24506,25809,21981,18700,0
20915,24521,25930,22010,18739,0
21783,24981,30330,18819,19420,0
22814,25287,24234,19567,17925,0
22693,25452,25565,19886,18354,0
22627,25542,26291,20060,18588,0
22579,25548,26731,20184,18800,0
22685,25344,25477,19902,18466,0
22674,25359,25598,19931,18505,0
22670,25305,25554,19939,18561,0
22626,25365,26038,20055,18717,0
22743,25146,24663,19744,18344,0
22666,25251,25510,19947,18617,0
22655,25266,25631,19976,18656,0
22611,25326,26115,20092,18812,0
22578,25371,26478,20179,18929,0
22717,25122,24861,19810,18478,0
22673,25182,25345,19926,18634,0
22662,25197,25466,19955,18673,0
22618,25257,25950,20071,18829,0
22574,25317,26434,20187,18985,0
22713,25068,24817,19818,18534,0
22680,25113,25180,19905,18651,0
22664,24897,25004,19937,18875,0
22653,24912,25125,19966,18914,0
22627,24888,25323,20032,19048,0
22590,24879,25642,20127,19221,0
22593,24756,25433,20114,19294,0
22258,25682,30199,19895,17806,0
20904,24536,26051,22039,18778,0
21255,24523,24086,21466,17767,0
21703,24920,30261,18838,19386,0
22781,25332,24597,19654,18042,0
22726,25407,25202,19799,18237,0
22715,25422,25323,19828,18276,0
22667,25428,25763,19952,18488,0
22707,25314,25235,19844,18388,0
22659,25320,25675,19968,18600,0
22754,25131,24542,19715,18305,0
22684,25167,25224,19897,18595,0
22607,25272,26071,20100,18868,0
22620,24957,25488,20053,19031,0
22568,24909,25884,20185,19299,0
22604,24741,25312,20085,19255,0
23030,25572,24526,19521,17593,0
23019,25587,24647,19550,17632,0
20893,24551,26172,22068,18817,0
21266,24508,23965,21437,17728,0
22803,25302,24355,19596,17964,0
22792,25317,24476,19625,18003,0
22737,25392,25081,19770,18198,0
22704,25437,25444,19857,18315,0
22645,25458,26005,20010,18566,0
22634,25473,26126,20039,18605,0
22696,25329,25356,19873,18427,0
22579,24894,25763,20156,19260,0
22567,24732,25631,20180,19428,0
22748,25377,24960,19741,18159,0
22656,25443,25884,19981,18527,0
22623,25488,26247,20068,18644,0
22612,25503,26368,20097,18683,0
22578,24717,25510,20151,19389,0
22590,25533,26610,20155,18761,0
22609,24972,25609,20082,19070,0
22598,24987,25730,20111,19109,0
22589,24702,25389,20122,19350,0
22601,25518,26489,20126,18722,0
22576,25017,25972,20169,19187,0
22565,25032,26093,20198,19226,0
22587,25002,25851,20140,19148,0
22952,25505,24524,19553,17711,0
22963,25490,24403,19524,17672,0
