obj0,obj1,obj2,obj3,obj4,cpu
2957,2462,3965,3348,3074,5.09604
2985,2774,3451,2100,4103,5.09605
2952,2189,3559,2769,3853,5.09606
3205,2878,3612,3362,2504,5.09609
1806,3228,3724,3316,3946,5.0961
1984,3440,3221,3202,3724,5.0961
1747,3702,3873,2935,4050,5.09614
2251,2678,3577,3292,4041,5.09616
3977,3494,3961,2833,1724,5.09617
3616,3920,3889,1528,3727,5.0962
3614,2296,3471,2241,4025,5.09622
3959,3006,3119,3639,2155,5.09625
2507,2739,3706,2793,3758,5.09629
3352,2587,2955,2444,3962,5.09635
3864,2539,2733,3233,3466,5.0964
3067,2246,3755,3303,3328,5.09647
3527,2462,3324,3394,2829,5.09652
4074,2141,3813,3103,2851,5.09658
3206,2443,3122,2687,3726,5.09665
4028,1786,4022,3693,3150,5.09677
2366,2735,3773,3826,3516,5.0968
3191,3549,4229,2542,2532,5.09684
2614,3151,3420,3840,2946,5.09689
1992,4398,3991,2619,3751,5.09697
2016,4325,4016,3120,3409,5.09703
2075,3851,3867,3501,3305,5.09709
3515,4111,4038,2823,1927,5.09713
4149,3640,3464,2759,2042,5.09719
2135,4101,2903,3048,3752,5.09726
4297,3519,4016,2459,2005,5.09735
4367,2858,4024,2913,2075,5.09743
4172,2773,3765,2646,2428,5.09748
3898,3757,3458,2713,2115,5.09763
3637,3422,3407,3607,1830,5.09781
3637,3780,2745,3397,2519,5.09794
3126,3951,3841,1670,4257,5.09802
3517,3368,3604,1601,4262,5.09805
4086,3355,3699,1805,3251,5.09809
3718,4007,4212,1633,3127,5.09826
4137,3629,3945,2277,2238,5.09833
4271,3487,4166,1742,2954,5.09842
1893,3846,3706,2692,4286,5.09847
3817,2262,2888,2747,4017,5.09853
3940,1783,3419,2812,4243,5.0986
3848,1672,3676,3100,4097,5.09864
3852,3174,3002,2277,3312,5.09868
3836,3003,2942,2194,3750,5.09892
3030,3882,2493,3792,3399,5.09902
2883,3774,3563,4025,2305,5.09911
4046,3636,4010,2413,2078,5.09916
3135,2674,3462,3234,2852,5.09924
3147,2345,3956,2955,3265,5.09945
3595,2242,3675,3442,2855,5.0996
4014,2816,3597,3258,2106,5.09966
3960,2006,3671,3645,3124,5.09976
3415,2128,3329,2849,3802,5.09981
4230,2406,4202,3404,2344,5.0999
3675,2341,3876,3094,2792,5.09994
2998,4680,3927,2286,2864,5.10011
2947,4163,3536,2014,3436,5.1003
3225,4503,4126,1597,3722,5.10055
3084,3326,3736,2027,3568,5.1006
2693,3909,3973,2096,3563,5.10078
2253,4063,3364,3387,3083,5.10093
2229,4136,3339,2886,3425,5.10106
3552,3628,3913,3217,1818,5.10128
3715,3549,3565,3277,1785,5.10142
2848,3611,3251,2087,3971,5.10152
2246,4652,3554,2537,3624,5.10166
2726,3828,3095,2570,3310,5.10172
3298,3578,2953,2152,3858,5.10209
4321,3408,4043,2975,1685,5.10221
3474,3501,3755,3547,1863,5.10227
4004,3653,3169,3800,1795,5.10234
4057,3539,3073,2918,2373,5.10237
4108,1885,4223,3345,3087,5.10253
4077,2235,3241,2321,3974,5.10258
3952,3497,3478,2340,2535,5.10266
3690,3308,3311,2725,2408,5.10289
3753,3770,3163,3754,1868,5.10328
4165,2681,3479,1833,4278,5.10334
2594,3357,3688,2169,4098,5.10341
2796,4032,3245,2698,2962,5.10353
4079,3101,3297,1823,4040,5.10369
3293,3061,3104,2063,4066,5.10381
3536,3159,3459,1692,4356,5.10394
3812,2639,3052,2178,4309,5.10401
3584,4253,4087,2403,2281,5.10408
3260,3691,4278,2122,2886,5.10419
2147,4100,3269,2610,4159,5.10429
3922,2583,3124,2204,3988,5.10439
3354,2323,3118,2667,4068,5.10448
3478,1764,3982,3116,4182,5.10456
3662,2610,2771,2630,4031,5.10461
3667,3127,2620,2719,3823,5.10468
2685,2852,3126,3826,3344,5.1048
3869,3056,2582,3322,3258,5.10504
4080,2672,3374,2805,2759,5.10516
2445,4124,2719,3234,3821,5.10531
4343,2969,3997,2397,2395,5.10539
3005,4091,3737,3136,2323,5.1055
3888,3663,2751,3443,2446,5.10566
3683,3298,2680,2802,3385,5.10575
3728,3773,2680,3261,2679,5.10603
4103,2989,3054,2856,2763,5.10622
2544,2947,3270,3712,3294,5.10645
2569,3198,2995,3760,3302,5.10694
3837,2485,3140,3580,2898,5.10724
3987,2060,3264,3298,3692,5.10751
3344,2359,3669,3396,2928,5.10774
3454,3234,3430,2011,3483,5.10788
4083,2756,3450,2152,3405,5.10846
3462,2405,3174,3335,3251,5.10866
2448,3213,3855,2412,3862,5.10904
3306,2766,3598,2750,2949,5.1093
2981,4164,3712,2635,2665,5.10952
3522,3885,3453,1690,4054,5.10967
2414,4364,3545,3614,2765,5.10979
2622,3388,4043,3582,2800,5.10989
3806,3656,3067,2872,2446,5.11004
2205,4305,3053,3176,3404,5.11022
2853,4128,3100,2176,3763,5.11034
2152,4617,3118,2699,3951,5.11045
4243,3281,3885,3305,1730,5.11056
4027,2786,3470,3687,2181,5.11065
3899,3367,3803,3163,1769,5.11075
4266,3598,3565,3356,1734,5.11097
2743,4344,3310,2221,3509,5.11103
2720,3859,2677,3606,3330,5.11115
2790,4063,2827,3734,2982,5.1113
3357,3104,2804,2533,3754,5.1114
3436,4374,3535,2703,2318,5.11164
3521,3432,2989,3250,2481,5.11184
3195,3238,3113,2981,2850,5.11226
4146,2890,3624,1742,4184,5.11273
3541,3676,3308,1781,4148,5.11283
4060,3310,3442,1732,3946,5.11295
4431,3377,4237,1924,2721,5.11308
4183,3079,3926,2215,2628,5.11316
4092,3086,3991,2351,2468,5.11329
2505,2932,3140,3210,3914,5.11344
3934,3113,2732,3381,2836,5.11361
3991,2655,3059,2311,3736,5.11374
3098,2333,3392,2526,4089,5.11385
3482,3320,3667,2854,2296,5.11403
4101,2195,3406,2756,3419,5.11432
3895,1949,3521,3586,3546,5.11449
2800,3600,3540,3468,2578,5.11463
1898,4363,3555,2781,4078,5.11485
3128,2554,4101,2864,3171,5.115
4068,3487,3896,2697,1884,5.11517
3861,3504,3543,2476,2375,5.1154
3921,2890,3759,2600,2501,5.1157
3314,3749,3013,2235,3420,5.11595
3981,3336,3489,3749,1791,5.11625
4245,2337,4045,2854,2818,5.11636
3823,3606,2601,3384,2868,5.11646
3683,3230,2726,3335,2909,5.11658
3807,3435,2541,3301,3306,5.11679
3599,3559,3147,2920,2436,5.11691
2813,4548,3460,2349,3161,5.11708
3570,1875,3725,2828,4328,5.11725
3963,1729,3872,3634,3572,5.11734
2651,3076,2973,2967,4150,5.11744
2961,3099,2789,3153,4219,5.11764
3612,3425,2924,3114,2641,5.11776
3774,3223,2661,3199,3069,5.11804
2879,3221,2811,3946,3371,5.1183
4289,2731,3866,3243,2120,5.11845
3772,2428,2990,3521,3320,5.11858
2777,2253,4000,3639,4370,5.11879
2604,3511,2921,3459,3292,5.11889
2702,3467,3418,2330,3735,5.1193
2838,3821,3138,3945,2661,5.11963
4195,3090,3445,2697,2432,5.11976
4267,2768,3802,1938,3678,5.12
3546,2145,3893,2964,3324,5.12011
3522,2185,3728,2529,3879,5.12031
3638,2256,3636,2676,3470,5.1205
2999,4122,3319,4172,2343,5.12095
3619,3455,3927,1706,3662,5.12108
2736,3468,3594,2951,2964,5.12123
2907,3137,3102,2468,3867,5.1215
4180,3494,4231,1878,2794,5.12185
3593,1821,4178,3650,3657,5.12199
2674,3715,3071,3587,2944,5.12211
3055,3775,2880,4050,2718,5.12229
3725,2151,3145,3035,3871,5.12248
3210,3340,4084,2633,2626,5.12264
2834,4008,4189,2187,3236,5.12292
3161,3139,3993,2195,3421,5.12317
2489,4090,3747,2303,3636,5.12351
2674,4222,4214,2240,3339,5.12382
2961,3901,3721,3695,2260,5.12404
3204,3965,3223,2280,3166,5.12424
3127,3844,2846,2620,3539,5.12472
4126,3323,3784,2708,2038,5.12506
3690,3552,3082,2784,2596,5.12567
2397,2822,3410,3049,4277,5.12605
2966,3616,2638,3242,4011,5.12635
3935,3117,3092,3123,2475,5.12657
3990,2927,3570,2742,2426,5.12695
3311,3586,2869,3128,2888,5.12742
2761,2993,3269,2711,3631,5.12779
4243,2376,4075,3833,2419,5.12837
3630,3599,3972,2106,2801,5.12851
3131,4468,3690,1759,4049,5.12894
1952,3372,3557,3073,4182,5.12909
3729,3881,3136,3238,2188,5.1293
4059,3463,3647,3419,1746,5.12949
4038,2932,2904,2797,3185,5.12965
4248,2977,3947,1847,3584,5.13002
2294,3463,3037,3388,3793,5.13017
3830,3037,3499,2560,2659,5.13037
3614,2573,3600,2895,2848,5.13089
2995,2875,2942,4012,3413,5.13123
3071,3746,3537,2454,2910,5.13148
2001,3956,3436,2853,3923,5.13227
3100,4086,2643,3920,3051,5.13266
3712,3602,2620,3178,3117,5.13283
3851,2895,3945,3198,2139,5.13302
3938,2754,3184,2287,3550,5.13327
3216,4076,3061,4277,2400,5.13353
3775,3227,3021,2941,2708,5.13372
2767,4187,4192,2086,3481,5.13409
2721,3863,3037,3348,2969,9.67501
3563,3473,3235,2916,2454,9.67548
3713,3606,2980,2920,2756,9.67588
3799,3116,3048,3457,2388,9.67607
3802,2918,2692,3212,3514,9.67652
3088,4262,3752,2105,3109,9.67685
3892,2295,3618,3199,2849,9.67712
3411,2808,3193,3328,2787,9.67737
3919,2349,3211,2852,3417,9.67787
3392,3613,3389,1990,3531,9.67823
2446,2834,3974,3478,3453,9.67862
3323,2899,4025,3059,2612,9.67883
3638,3246,3782,1797,3756,9.67905
2516,3649,2936,3177,4124,9.67926
2206,3626,3120,2991,4055,9.67951
3680,3431,3336,3513,2146,9.67979
3735,3241,3814,3132,2097,9.6801
3304,3108,4170,2968,2518,9.68045
3827,3006,3918,2682,2459,9.68068
3737,3495,3007,3436,2436,9.68102
3897,3385,3078,3618,2203,9.68121
3439,3890,3234,2476,2980,9.68141
3031,3886,2853,3534,3038,9.68165
3101,3407,2710,3735,3702,9.68184
3790,3489,4043,2288,2568,9.68212
2935,3783,3491,2773,2801,9.68238
4206,2517,4175,2888,2664,9.68277
3878,3897,4283,1815,2894,9.68295
3448,2713,3221,2180,4052,9.68313
3510,2828,3969,2343,3317,9.68339
3501,3511,3275,2497,2932,9.68379
3894,2949,2969,3580,2577,9.68424
3832,3328,2928,3559,2625,9.6845
3568,3978,3931,2085,2849,9.68469
3499,3836,3882,2505,2495,9.68503
3649,3865,4163,2053,2773,9.68532
3814,3378,4070,2804,2248,9.68555
3642,3610,3491,2588,2605,9.68577
3918,3445,3739,2087,2985,9.68609
2470,4017,3106,3492,3140,9.68643
2624,3046,3471,3364,3231,9.6868
3486,2820,3677,3119,2579,9.68724
3667,3116,3847,2500,2692,9.68777
3873,3496,3051,3102,2523,9.68858
3580,3989,3450,2567,2653,9.68885
3551,3462,3716,2434,2650,9.68915
3711,3352,3787,2616,2417,9.68965
4078,3335,3810,2269,2752,9.68997
3420,3581,4349,2304,2653,9.69025
2592,3550,3122,2586,4254,9.69048
3728,3868,4002,2267,2616,9.69076
3914,2726,3375,2283,3709,9.69098
3217,3160,2918,2654,3936,9.69146
3635,3711,3744,1619,3821,9.69176
3932,2319,3084,3281,3492,14.3548
2990,3291,3300,2189,3895,14.3553
3065,3639,3977,2171,3344,14.3557
3191,3653,4325,2777,2402,14.3561
3265,3442,3263,3109,2502,14.3564
2145,3741,3402,3429,3406,14.3568
2390,4437,3520,3113,3107,14.357
2928,4476,3777,2158,3212,14.3573
3528,2716,3289,2231,3787,14.3575
3205,3727,3233,2231,3306,14.3579
2880,3507,3510,2234,3641,14.3585
2666,3264,3444,2823,3312,14.3588
3399,4121,3620,2466,2578,14.3594
3504,2512,3681,2286,3771,14.3598
3905,2265,3491,3628,2924,14.3601
3321,2500,3318,3221,3201,14.3604
4055,1840,3615,3346,3718,14.3608
3260,3795,4374,2357,2756,14.3611
3718,4111,4308,1868,2997,14.3613
3985,2124,3498,2609,3828,14.3614
3530,2185,3525,3383,3277,14.3617
3436,2361,4103,3009,3070,14.3621
3389,4097,3690,2217,2869,14.3623
2656,3593,2822,3056,3942,14.3627
2429,3526,4096,2556,3638,14.3631
3822,2779,2737,2836,3809,14.3634
2966,3087,3692,2244,3879,14.3637
3684,2777,3750,3023,2500,14.364
3911,2796,3052,3330,2832,14.3644
4124,2512,3086,2807,3423,14.3648
2488,3052,3947,2937,3534,14.365
2599,3874,3537,2258,3890,14.3654
2911,3960,3562,2507,3013,14.3658
4009,2084,3663,3044,3273,14.3662
3418,2932,3499,2276,3533,14.3667
3390,3859,3700,2168,3009,14.3676
4245,3442,3909,1669,3649,14.3683
2892,2310,4196,4173,3845,14.3686
3729,3078,4314,2819,2294,14.3689
3829,2789,3368,2759,2832,14.3692
3852,3106,3048,2810,2836,14.3698
3528,2472,3846,2721,3216,14.3702
2933,2502,3800,2913,3629,14.3707
2753,2632,3477,3874,3370,14.3711
3675,4246,4022,2267,2441,14.3714
2222,4821,3268,2827,3603,14.3717
2407,4953,3735,2764,3306,14.372
3624,3972,3776,1795,3454,14.3722
3603,3064,3966,2213,3236,14.3725
2914,3534,2737,3645,3361,14.373
3490,4114,3555,2330,2738,14.3733
3799,3220,3144,3692,2258,14.3737
1957,3889,3406,3162,3974,14.3739
3840,2208,3341,3569,3346,14.3744
3995,3362,3764,1941,3091,14.3747
3412,2401,3938,2574,3625,14.3754
2575,3670,3929,2313,3874,14.3759
3460,4063,3850,2296,2661,14.3762
3823,2258,3807,3057,2924,14.3766
2854,2970,3086,3898,3363,14.377
3022,4607,3952,2787,2522,14.3773
3875,3440,3778,2662,2111,14.3776
2967,2951,4085,2598,3530,14.378
3145,3163,3582,2484,3308,14.3784
3456,2410,3441,2772,3468,15.5495
3131,3603,3581,2513,3017,15.551
3180,2930,3848,2286,3515,15.5518
3444,3470,4376,2820,2333,15.5525
3495,2990,3066,2666,3501,15.5529
3649,3390,3827,2197,2895,15.5537
3467,3029,3822,3028,2485,15.5541
3229,3770,3827,3019,2615,15.5545
3389,3660,3898,3201,2382,15.5548
3823,2783,3097,2578,3448,15.5551
3089,3462,3906,2437,3132,15.5559
3125,3082,3372,2682,3586,15.5564
3384,2733,3354,3014,3179,15.5569
3494,2631,3039,3249,3551,15.5574
3248,3561,3682,3110,2709,15.5578
3524,3041,3275,3596,2662,15.558
3765,2031,4122,3014,3740,15.5583
3854,2926,3526,3076,2339,15.5586
3272,3702,3797,2604,2690,15.5592
4135,1939,3816,2998,3655,15.5596
4276,2038,4032,3089,3328,15.5599
3665,3140,3491,3687,2335,15.5601
3720,2950,3969,3306,2286,15.5604
3561,2272,3162,2606,4038,17.2051
3516,2466,2938,2873,3795,17.2061
2893,2663,3708,2388,3957,17.207
3721,2831,3009,3514,2856,17.2075
3768,3416,3458,2539,2707,17.2081
3492,2895,2876,3026,3445,17.2086
3649,2718,3400,2118,4342,17.2094
3755,3524,4087,2027,3018,17.21
2698,4045,4143,2506,3127,17.2105
3147,2917,3271,2306,3830,17.211
3069,3028,4250,2483,3275,17.2117
2815,2955,2956,3396,3983,17.2121
3952,3195,3556,3237,2154,17.2125
3699,3274,3409,2959,2353,17.2129
3915,3414,4158,2209,2785,17.2135
2653,2883,3539,2550,3994,17.2139
3656,2774,2859,3455,3278,17.2144
2563,3862,4192,3201,2904,17.2152
3796,3085,3467,3579,2188,17.2159
3928,3306,3529,2721,2474,17.2165
3523,2720,3340,2855,3006,17.2169
3752,3757,4029,2783,2296,17.2175
3751,2805,3723,2223,3742,17.2178
2952,4299,3706,2424,3000,17.2182
3346,2751,3043,3269,3209,17.2186
3561,2941,2938,3332,3089,17.2192
3679,3127,3366,2982,2496,17.2196
3145,3742,3696,1761,4351,17.2203
3764,2697,3094,2735,3431,17.2206
3567,2793,3371,2437,3469,17.2212
4080,2824,4138,2103,3343,18.1276
2875,2949,3651,2985,3388,18.1286
3593,3851,3613,1769,3846,18.1291
3778,3983,4080,1706,3549,18.1296
3186,2176,3824,4125,3665,18.13
3354,2848,3789,2646,3384,18.1304
3114,3952,3475,2108,3850,18.1312
3745,2375,3420,3446,3157,18.1316
3777,1903,4016,3647,3223,18.1325
3389,3789,3242,2176,3478,18.1329
3063,2655,3293,4060,3439,18.1333
3751,2906,2981,3148,3065,18.1336
3275,3931,3383,2359,2958,18.1342
3674,3137,3251,2642,2846,18.1347
3536,2690,3213,3284,3081,18.1358
3936,3326,3418,2257,2973,18.1366
3824,3410,3303,2249,3312,18.1372
3876,2762,3767,2510,2975,18.138
2432,4232,3348,2722,4132,18.1385
3146,3536,2624,3858,3441,18.1389
3989,2831,4203,2239,3183,18.1392
3445,2697,3278,3420,2921,18.1396
3674,3381,3022,2701,3034,18.14
2912,3654,2951,2557,3659,20.0467
3876,3134,3167,2712,2757,20.0487
3437,3984,3880,3153,1972,20.0496
3992,3482,2923,2859,2795,20.0502
3344,4273,3144,2862,2649,20.0506
3707,3258,2845,3237,2830,20.0511
3228,3925,3388,2715,2611,20.0516
3338,3709,3178,2670,2865,20.0523
3939,3596,3019,3741,2217,20.0529
3962,2729,3320,3628,2603,20.0533
3823,3248,3263,3594,2179,20.0537
3651,2951,4156,3149,2339,20.0541
3226,3085,4108,3533,2433,20.0545
2597,4067,2971,2675,4046,20.055
3454,4057,2934,2817,2903,20.0555
4107,2716,3615,2587,2850,20.0559
3800,2399,3456,2882,3197,20.0564
4242,2294,3622,2847,3092,20.057
4015,2615,3224,2746,3181,20.0574
3381,3064,2969,2968,3199,20.058
4084,3583,3314,2700,2464,20.0589
2904,3467,3675,2669,3086,20.0593
2431,4880,3760,3265,2964,20.06
3304,3212,4266,3203,2388,20.0604
2635,3358,3916,4011,2875,20.0608
4272,2391,3638,2507,3386,20.0611
3389,3006,3760,3593,2400,20.0616
4163,3320,3817,2820,2073,20.0624
3901,3375,3421,3264,2134,20.0632
4085,3193,3659,3150,2118,20.0639
3742,3390,3212,2322,3058,20.0643
3927,3522,3679,2259,2761,20.0651
3798,3220,4363,2399,2648,20.0658
3973,2972,3660,2197,3151,20.0663
4413,2490,3854,2598,3059,20.0671
3809,2452,3868,2427,3437,20.0675
3699,2668,4078,2472,3183,20.0682
3442,2892,3664,2711,2978,20.0688
3552,2676,3454,2666,3232,20.0694
3962,2714,3349,2722,2995,20.0703
3113,3526,4167,3107,2447,20.071
3014,3251,3465,2624,3340,20.0716
4224,2855,3666,2243,3078,20.0723
4278,2912,3847,2338,2817,20.0728
4047,3330,3399,2463,2724,20.0732
3785,3385,3003,2907,2785,20.0737
2548,3616,3598,2684,3532,20.0742
4037,3306,3469,2214,3015,20.0749
3546,4158,3325,2658,2572,20.0754
3687,4257,3541,2749,2245,20.076
3497,3412,2725,3115,3237,20.0765
3790,2661,4013,2336,3343,20.0773
3889,3213,4298,2263,2808,20.0778
2990,3047,3857,2679,3324,20.0784
4178,3405,3685,2305,2688,20.0805
4218,2334,3457,2412,3647,20.0815
3222,3677,2767,2743,3728,20.0822
3553,4332,3636,3300,2010,20.0827
3435,3547,3671,2155,3259,20.0832
3713,2848,3756,2168,3490,20.0839
3839,2862,4104,2774,2548,20.0846
3734,1920,4394,3741,3330,20.085
2658,3400,3388,2639,3786,20.0853
2402,3339,3259,3138,4069,20.0861
3846,2739,2902,3271,3254,20.0867
3499,2790,3550,3548,2654,20.0873
2698,4149,4239,2741,2997,20.0878
3631,2523,3134,3407,3270,20.0882
3089,3599,4142,2606,2789,20.0887
3627,3024,4131,2648,2681,20.0893
4366,3320,4087,1865,3143,20.0898
3849,3303,3690,2507,2631,20.6892
3863,3635,3261,2468,3034,20.6905
3617,2152,3570,3314,3777,20.6911
3936,2540,4574,3452,2524,20.6916
3952,2947,2973,2760,3792,20.692
3906,2130,4338,3105,3413,20.6925
4023,3525,3332,2650,2801,20.6929
3500,3152,3248,3080,2982,20.6933
3696,3061,3942,2790,2606,20.6937
3505,3250,3420,3505,2568,20.6942
3279,3482,4133,2213,2980,20.6948
3912,2651,4547,2936,2844,20.6958
3663,4197,3734,2014,3176,20.6964
3595,3333,3646,2102,3156,20.8928
3528,3512,3649,2001,3401,20.8949
3654,3488,3999,2622,2481,20.8962
4046,2627,4104,2706,2897,20.897
3759,3568,3592,3185,2297,20.8975
3673,3279,3854,2713,2575,20.898
3618,3469,3376,3094,2624,20.8985
4043,1828,4073,3286,3509,21.656
3293,2489,3789,2712,3501,21.6573
3608,2549,3007,3092,3487,21.658
3364,2299,3698,3060,3322,21.6586
3827,2238,3468,3140,3271,21.6592
3515,2451,3805,2912,3025,21.6599
3525,2041,3827,3602,3631,21.6607
3673,1920,4379,3302,3594,21.6616
3488,3217,3501,2249,3478,21.6625
3547,2743,3352,2630,3374,21.6633
3948,1995,4152,3163,3320,21.6642
3756,2428,3559,2792,3450,21.6648
3118,2396,3473,4077,3639,21.6653
3618,2553,3261,2978,3195,21.6664
3401,2599,3519,2873,3138,21.6672
3527,3344,4184,1994,3516,21.6681
3088,2819,4105,2574,3369,21.6686
3610,2284,3726,3035,3214,21.6693
3727,2782,3711,2448,3374,21.67
3092,2497,3480,3351,3336,21.6706
3116,2822,3309,2630,3943,21.6712
3498,3416,3085,2857,2876,21.6718
3732,2405,3547,3017,3082,21.6725
3692,3020,3007,2977,3142,22.2885
3533,3712,3605,2081,3204,22.2897
3556,2227,3545,2940,3475,22.2905
3708,2892,3587,2528,3142,22.2911
2192,3152,3726,2911,4145,22.2919
2338,3296,3559,2668,4381,22.2925
3989,1771,3892,3191,3770,22.2931
2437,3848,3844,2595,3846,22.2938
2446,3406,3289,2829,4018,22.2949
3451,3139,3240,2371,3427,22.2961
3592,3238,3456,2462,3100,22.2975
2691,4102,3407,2513,3719,22.2992
2774,3555,3283,3395,3273,22.2998
2520,3301,3720,3477,3400,22.3003
3186,2319,3851,2956,3560,22.3009
3397,3749,3559,2400,3095,22.3022
2991,3509,3025,3500,3330,22.3028
2461,3775,3869,3096,3504,22.3034
3475,3066,3265,2872,3085,22.3039
3456,3275,3410,2781,2991,22.3046
3866,2250,3361,3126,3544,22.3053
3673,3229,3152,2886,3048,22.3059
3202,3021,3847,2863,3118,22.3066
3619,1863,4198,3207,3855,22.3073
3338,2984,3893,2544,3227,22.308
3221,2812,3702,2954,3212,22.3087
2750,3628,3258,2894,3615,22.3099
3761,3162,3056,2557,3496,22.3111
2715,4029,3432,3014,3377,22.3119
3785,2769,3832,2646,2815,22.732
3596,3254,2864,3031,3079,22.7336
4111,3352,4182,2298,2440,22.7346
4202,3345,4117,2162,2600,22.7352
3746,3283,3145,2579,3357,22.7359
3505,3261,2929,3167,2919,22.7373
3100,3728,3305,4130,2362,22.7379
2984,3738,2887,3773,3013,22.7386
4008,3228,3541,2135,3296,22.7392
4002,2697,3980,2433,3388,22.7399
3367,2676,3349,3447,2932,24.0206
3776,2903,3464,3641,2254,24.0218
3251,3022,3218,3381,2890,24.0226
3473,3891,3410,3097,2209,24.0233
4091,2978,3535,2374,2959,24.0242
2836,3513,2808,3672,3372,24.025
3381,3790,3019,3256,2540,24.0269
3450,3574,3730,3046,2205,24.0279
3506,3513,3831,2234,3051,24.029
4085,2447,3974,2672,3051,24.0297
3660,2913,3046,3284,2905,24.031
3414,3412,3440,2393,3382,24.0317
3944,3207,3439,2651,2505,24.0325
2730,3499,3176,3987,2984,24.0332
2882,4164,3218,3575,2651,24.0338
3380,3370,3580,2918,2553,24.0344
3790,3485,3007,2789,2884,24.0353
2935,3513,3302,2732,3386,24.036
3027,3614,3693,2573,3055,24.0367
2344,3786,3110,3210,3828,24.0374
3403,3687,3260,2969,2557,24.038
2859,3847,3538,3524,2647,24.0387
3590,3849,3511,3694,1901,24.0393
4116,2975,4018,2867,2148,24.0399
3496,3024,3711,2984,2595,24.0405
4034,3222,3393,2867,2369,24.0412
3549,2792,3694,3504,2465,24.0421
3896,3542,3995,3359,1779,24.0434
3818,3415,3837,3689,1824,24.0442
3321,3226,3368,3509,2542,24.0448
4038,2848,3860,3197,2193,24.0455
4036,3168,3057,2755,3008,24.0462
3864,2865,3818,3627,2214,24.0469
4015,3715,3559,3310,1807,24.0477
4312,3048,3546,3294,2124,24.0487
3533,3979,3841,1931,3294,24.5357
4181,3188,3620,1928,3440,24.5373
4133,2910,3581,2473,2962,24.5382
3075,3663,3907,2420,3053,24.539
3649,3969,4259,2288,2643,24.5398
3704,3081,3831,2326,3105,24.5405
3820,3071,4249,2683,2454,24.5414
3606,4104,3973,2687,2087,24.5426
3613,3088,3896,2462,2945,24.5437
3761,2735,3946,3104,2593,24.5447
3717,2341,4125,2715,3291,24.5455
3166,3656,3842,2284,3213,24.5464
4114,3119,3726,2382,2868,24.5473
3723,2872,3686,2417,3199,24.5481
3413,4057,3855,2652,2314,25.9706
3915,3707,2992,3225,2537,25.9726
4061,3266,3634,2649,2460,25.9737
2611,3431,3891,3510,3217,25.9764
3499,3881,3480,2172,3123,25.9772
3664,3940,3861,2698,2241,25.9781
3878,2907,4137,2694,2608,25.9788
3202,3158,4083,3032,2775,25.9794
3737,2808,3921,2603,2935,25.9801
3566,3196,3436,2905,2902,25.9808
3938,2840,3293,3112,2923,25.9829
3835,4136,4093,2449,2208,25.9836
4264,3233,3764,1760,3743,25.9849
4130,3033,3295,2638,2854,25.9856
4049,3103,4369,2445,2575,25.9889
3199,3383,3932,2561,3043,25.9895
4021,3135,3409,2131,3453,25.9918
3459,3507,3836,2590,2704,25.994
3523,3841,3645,2607,2568,25.9955
2733,3748,4065,2621,3235,25.9972
4068,3412,3254,2617,2902,25.9991
3682,2850,3567,2971,2944,26.0013
3908,3004,4153,2354,2902,26.0019
3569,3291,3626,2545,2958,26.0027
4232,3462,3866,2400,2427,26.0064
3482,3824,3516,2641,2708,26.0103
3108,3253,3761,2528,3226,26.1126
3547,3778,3840,1948,3373,26.1143
3576,2396,3934,2659,3759,26.366
3555,2962,3726,2699,2933,26.3676
3641,3251,3464,3171,2655,26.3688
3453,2875,3403,2594,3533,26.3696
3911,3191,3337,2105,3774,26.3706
3958,3468,3182,2591,3223,26.3714
3771,2552,4331,2845,3171,26.3721
3737,3798,4067,1724,3221,26.3731
3187,3400,3668,2520,2952,26.8178
2660,3609,3641,4059,2883,26.8199
3204,3916,3883,2171,3151,26.821
2391,2986,3498,3874,3524,26.8227
3502,3219,3839,3627,2368,26.8255
3063,3817,3667,2080,3478,26.8265
3035,2735,3626,2932,3285,26.8277
2757,3571,3994,2887,3023,26.829
2963,3291,3793,2262,3822,26.8298
3233,2596,3696,3442,3009,26.8306
3468,2279,3973,3183,3580,26.8313
2954,3475,3269,4011,2703,26.8319
3208,3987,3911,1946,3523,26.8327
3385,4393,4197,1779,3489,26.8335
2841,3000,3213,3469,3288,27.3197
3017,3554,3282,3573,2635,27.3228
2387,3308,4123,3097,3557,27.3247
3794,3107,3330,3082,2542,27.3259
3469,3426,3646,2158,3384,27.3271
3086,3696,3331,3153,2989,27.3281
2869,3742,3589,3048,2932,27.3289
2632,4004,4241,2781,3258,27.3298
2817,4116,3755,3119,2777,27.3305
3063,3186,3112,3258,3619,27.3313
3587,3769,3786,2176,2943,27.3322
2972,2409,4397,3825,3782,27.3331
2641,3562,3686,3015,3430,27.3338
3050,2685,3420,3631,3364,27.3346
3323,3282,3813,2401,3148,27.3355
2663,2788,3716,3583,3510,27.3368
2833,2731,3678,3526,3307,27.3377
2592,2978,3807,3235,3689,27.3387
2496,3374,3695,2976,3742,27.4132
3440,2573,3414,2874,3433,27.4148
3466,3891,3608,1980,3449,27.938
3367,3339,3323,2053,3984,27.9409
2967,2941,3927,2378,3875,27.942
3262,2212,3375,2955,3922,27.9429
3416,3540,3414,2491,3189,27.9437
3503,2574,3567,2361,4106,27.9447
3026,2467,3778,2759,3771,27.9456
3221,3195,3490,2296,3748,27.9467
2561,2701,3393,3478,4110,27.9488
3425,3257,3861,1889,4116,27.9497
3280,2721,3341,2677,3644,27.9507
2707,2845,3226,3235,4346,27.952
3484,2783,3712,2270,4012,27.9529
3444,3048,3716,1980,4210,27.9541
3641,3071,3590,2427,3387,27.9558
3742,3371,3201,2466,3402,27.9575
3525,3417,3459,2361,3345,27.9588
3630,2927,3545,2027,4248,27.9598
3329,3225,3591,2429,3480,28.2015
3728,3415,3342,3471,1990,28.2034
3030,3524,3155,4002,2710,28.2049
3806,3542,3500,3141,1945,28.2066
2631,4318,3287,3719,2822,28.2081
3505,3779,3660,2533,2827,28.2091
3215,3367,3732,2612,2960,28.2108
2935,3887,3587,3008,2671,28.2117
3152,3841,3329,3113,2728,28.2126
3484,3990,3875,2797,2319,28.2136
3712,3244,3282,3388,2428,28.2152
3990,3360,3738,3027,1929,28.2163
3414,3786,3725,2669,2667,28.2174
3575,3983,3810,2661,2479,28.2184
3436,3638,3495,2860,2469,28.294
3574,3921,3709,2113,3181,28.9956
4121,3458,3885,2194,2676,28.9977
3974,3547,3016,2734,3056,28.999
4333,2745,4285,2381,3144,29.3891
3918,3549,3835,2322,2855,29.3919
4216,3677,3688,2123,3003,29.3928
4339,3276,3846,2083,3052,29.3937
3687,3990,4145,1842,3389,29.3948
4102,3367,4073,2208,2839,29.3957
3469,2380,3314,3201,3543,29.7738
3776,2439,3291,2447,3752,29.7758
3377,2269,3571,3489,3397,29.7772
3793,2838,3027,3247,3068,29.7783
3691,3087,2785,3154,3268,29.7792
3769,2878,2862,2812,3623,29.7802
3777,2667,2967,3164,3506,29.7813
3946,2543,3289,2639,3433,29.7823
3976,3311,2863,2776,3233,32.2613
3453,3230,3070,2269,3844,32.2626
3301,2376,4047,3490,3035,32.2637
3991,2411,3616,2801,3165,32.2656
4253,2600,3783,2416,3292,32.2669
4132,2754,3275,2402,3409,32.2682
3995,2865,4238,3291,2300,32.2698
3733,2920,3842,3735,2361,32.2711
3780,2275,4185,3151,3031,32.2722
4073,2992,4396,2961,2255,32.273
3881,2871,3269,2356,3482,32.2739
3438,3886,2874,2734,3341,32.2761
3477,3190,3235,2704,3289,32.2772
3967,2451,3451,2366,3720,32.2785
3859,4025,4120,2965,1888,32.2795
3367,3406,3445,2749,3035,32.2823
3570,2999,4190,3675,2394,32.2834
4501,2898,4094,2125,3385,32.2843
4186,2811,3456,2497,3148,32.2859
4086,3304,3294,2464,3019,32.2888
4162,2607,3848,2552,3132,32.2898
2737,4375,2892,3257,3529,32.2909
3343,3446,3280,2314,3590,32.2918
3872,2386,3928,2863,3177,32.2937
3500,3507,2915,2755,3293,32.2952
3949,2510,4447,3881,2599,32.2967
3483,2037,4388,3695,3403,32.299
3566,2789,3011,2695,3830,32.3
4043,2582,4160,2614,3144,32.301
2542,3647,3180,3720,3552,32.3029
3390,3723,3125,2800,3039,32.3044
3458,3148,3809,3173,2754,32.5407
3112,3916,3822,2657,2793,32.5425
3432,3452,3481,2515,3203,33.4188
3373,3926,3630,2134,3307,33.421
3911,3351,3619,2176,3199,33.4224
3212,3647,4203,2282,3231,33.4234
3397,3886,3795,2569,2752,33.4256
4162,3234,3625,2222,3126,33.4274
3420,4203,3475,2620,2756,33.4288
3548,3106,3612,2581,3245,33.4313
4216,3291,3806,2317,2865,33.4337
2899,4680,3433,3226,2850,33.4354
3059,3052,3670,2090,4021,33.4731
3808,3439,2901,3043,2945,33.8043
3244,4294,3981,1688,3816,33.8062
2999,3598,3863,2004,4115,33.8077
3071,3016,3085,2897,3700,33.8089
2980,3807,4008,1913,4021,33.8103
2970,2678,3476,2873,3707,33.8115
3614,3070,3216,2923,2918,33.8131
2976,3183,3164,2774,3511,33.8146
3677,2595,3069,3398,3131,33.8177
3122,3343,3518,2461,3374,33.8194
3633,2994,3092,3117,3118,34.0478
2791,3384,2894,3549,3633,34.0504
3749,2648,3223,3183,3160,34.0536
2537,3130,3331,3631,3760,34.0548
3238,2641,3313,3108,3572,34.0583
2907,3038,3025,3615,3675,34.0598
3943,3017,2908,3303,3187,34.0611
3198,3395,3674,2340,3720,34.0631
3257,2921,3525,2721,3616,34.0645
2922,3889,3470,2077,3889,34.0658
2668,3635,3907,2159,4016,34.0684
3217,3061,2841,3801,3744,34.0725
3426,2865,3174,2434,3880,34.1691
3720,2528,3309,2466,4163,34.1711
3271,3163,3896,2443,3472,34.6336
3024,2640,3163,3558,4059,34.6375
3060,3651,3074,3080,3684,34.6388
3170,2784,2996,3315,4295,34.6412
2924,3174,3236,4026,3015,34.9007
3606,2894,3363,3412,2733,34.9026
3911,2704,4045,2569,3228,34.904
2455,3764,3218,3615,3475,34.9051
2963,3395,3889,2497,3692,34.9064
3137,3484,3345,3001,3193,34.9078
3222,4045,3479,3241,2380,34.9092
3313,4038,3414,3105,2540,34.9105
3684,3021,3521,3082,2688,34.9116
3096,4084,3672,3000,2483,34.9128
3510,2932,4065,2578,3187,34.9142
3515,2901,3428,3548,2573,34.9154
3855,2973,3982,2774,2467,34.9175
3442,3294,4027,2158,3688,34.9188
2813,3570,3413,3897,2653,35.0421
3404,3297,3605,3419,2211,35.044
3961,3323,3901,2750,2162,35.046
4052,3316,3836,2614,2322,35.0476
3621,3251,3347,3524,2268,35.0491
3482,3424,3763,3089,2166,35.0514
3699,3378,3505,3194,2223,35.053
3883,3196,3743,3080,2207,35.0544
3306,2870,3694,2985,2819,35.0559
2515,4328,2869,3362,3473,35.19
3197,4048,2996,2748,3191,35.1922
3917,3235,3606,2271,3136,35.1938
3655,3290,3210,2715,3197,35.1951
3492,3369,3558,2655,3230,35.1973
3583,3362,3493,2519,3390,35.1989
3570,3496,3716,2325,3185,35.2008
3845,3333,3483,2393,2813,35.2435
3366,3434,3345,2732,2817,35.2467
3583,3388,3087,2837,2874,35.2494
3036,3851,2911,2756,3379,35.2516
3958,2487,3682,3037,2809,35.6373
4018,3051,3333,2784,2807,35.6394
4041,3368,3013,2835,2811,35.6408
3479,2588,3544,3376,2813,35.6421
4197,2926,4094,3895,2029,35.6436
4028,2691,3832,3165,2461,35.6447
3981,2804,3362,3088,2813,35.6461
3912,2132,3891,3627,3108,35.6477
3872,3492,2691,3360,2884,35.6494
3070,2522,3693,4059,3623,35.651
3562,3469,2875,3174,2815,35.6523
3982,2336,4041,3755,2760,35.6536
4110,3152,3724,2625,2476,35.6548
4129,2683,3914,2788,2776,35.656
3549,3641,3315,2373,3267,35.6573
4281,3348,3956,2376,2443,35.6587
3621,3609,2685,3314,2957,35.66
3859,3269,3718,2579,2549,35.6614
3561,3045,3034,3567,2959,35.6636
3730,2921,3356,3042,2886,35.6653
3539,3152,3195,3123,2811,35.6676
3865,3346,3071,3392,2442,35.6694
3691,3109,3970,3251,2242,35.9909
3613,2982,3812,3581,2287,35.9938
3022,3255,3620,4059,2729,35.9955
3427,3240,3000,3194,2930,35.9976
3519,3341,3391,3035,2599,36.0035
3854,3030,3622,3311,2209,36.0049
3404,2923,3320,3143,2926,36.008
2905,3297,3519,3462,3037,36.0109
3144,3572,3794,3170,2747,36.0125
2813,3196,3128,3621,3368,36.0155
2654,3809,2926,3396,3897,36.0175
4061,3165,3540,3248,2197,36.0188
3775,3331,3117,3176,2578,36.0214
3372,3856,3172,2142,3776,36.1535
2927,4406,3319,2166,3681,36.156
3388,4027,3232,2225,3338,36.1576
3474,3943,3495,2247,3176,36.159
3910,3281,3161,2184,3668,36.1603
4098,2948,3666,2299,3306,36.1623
3188,3794,3163,2197,3604,36.1641
3926,3452,3221,2267,3230,36.1668
3064,3569,3519,2179,3813,36.1685
3817,3156,2901,2267,4101,36.8545
2449,4748,3563,2373,4331,36.8573
3431,3892,3518,1826,3894,36.859
3150,4259,3545,1850,4143,36.8607
4175,2657,4059,2226,3532,36.8621
3517,3472,3700,1836,4132,36.8643
4157,2984,4012,1983,3424,36.8668
4189,2641,3644,2268,3723,36.8685
4073,2570,3736,2121,4132,36.8712
3040,4475,3755,1895,3889,36.8725
3619,3559,4023,1941,3532,36.8751
3643,3763,3631,1886,3548,36.8766
3798,3365,3046,2176,4007,36.8784
3629,3595,3612,2364,3162,37.0563
3854,2947,3972,2259,3163,38.2706
3573,4159,3699,2162,3041,38.7476
4111,3584,3688,2204,2933,38.7535
3630,3703,4068,2341,2671,38.7548
4157,3034,3669,2142,3323,38.7562
3536,3275,3967,2843,2709,38.7577
3694,4037,3877,2358,2535,38.7592
3620,4436,3544,2648,2490,38.7606
3787,3126,3975,2158,3408,38.762
4095,3413,3628,2121,3371,39.9378
3225,4607,4222,1832,3592,39.9392
3182,4742,3936,2231,3036,39.9419
3225,3425,3952,2118,3241,39.9818
3158,3604,3955,2017,3486,39.9847
3682,3988,3589,2105,3270,40.0342
3021,4441,3755,2004,3354,40.0692
2911,3152,3625,2492,3811,40.0719
2281,3571,3666,2876,4104,40.3732
3139,3845,3862,2366,3169,40.3756
2457,4125,3735,2980,3451,40.3775
3156,4361,4077,2017,3368,40.3797
2543,4783,3999,2211,4004,40.3815
3700,3714,3609,2408,3067,40.383
2298,4087,3881,2527,4303,40.3846
2474,4641,3950,2631,3650,40.3862
2963,2906,3355,2736,4063,40.6489
2444,4231,3714,2284,4539,40.6514
2981,3415,3321,2458,3785,40.6529
2727,3161,3758,2540,3912,40.6546
2262,3395,3373,3259,4251,40.6561
3185,3477,3692,2051,4153,40.6577
3783,3127,2837,3121,3420,40.6591
3198,3369,3063,2563,3842,40.6606
2847,3153,3147,3817,3829,40.6627
2828,3108,3842,2957,3599,40.9633
3822,2615,3632,2571,3563,40.9659
3605,2661,3890,2466,3506,40.97
3686,3382,4038,2447,2664,40.9716
3004,3662,3911,3061,2946,40.9732
3763,2749,4116,2621,3118,40.9746
3546,3135,4039,2085,3610,40.9777
4033,3225,4024,2628,2485,41.1649
3686,3486,4134,2682,2534,41.1682
4124,3218,3959,2492,2645,41.1701
3859,2815,3510,3690,2534,41.4839
3040,3522,2992,4173,3053,41.4862
3644,4125,3859,2241,2833,41.4881
3990,3718,3076,2817,2618,41.4897
3572,3109,3374,3555,2469,41.4911
3722,3242,3119,3559,2771,41.4927
3882,3586,3398,2630,2553,41.7493
3737,3599,3103,3671,2306,41.7517
2789,3643,3388,3396,2995,41.7533
3520,3645,3361,3566,2249,41.755
4133,3469,3404,2676,2480,41.7567
4305,3237,3983,2892,2123,41.7582
3631,3253,3586,2964,2480,41.7597
4030,3465,3950,2330,2516,41.7623
3551,3566,3812,2669,2520,41.7641
3748,3211,3687,3561,2172,41.7658
4227,3110,3825,3222,2168,41.7681
3359,2840,2967,2756,3860,42.0604
3383,2800,3132,3191,3305,42.0636
2426,3299,3424,3573,3514,42.0653
3036,3820,2788,3370,3663,42.0672
2726,3797,2972,3184,3594,42.0695
3103,2850,3241,2615,3881,42.0715
3127,2810,3406,3050,3326,42.0736
3602,2994,3508,2221,3705,42.0755
3427,3308,2954,2661,3406,42.0776
3017,3026,3616,3095,3072,42.0805
2923,4332,3250,2304,3415,42.0824
2712,3362,3075,3324,4138,42.0841
2673,4152,3756,2248,3808,42.0865
2952,4403,3802,2659,2870,42.7103
3860,2963,3107,2629,3195,42.7131
2683,3780,3659,2474,3511,42.7152
3807,3077,3203,3511,2617,42.7173
3499,3940,3978,2740,2365,42.7205
3187,2756,3363,2831,3502,42.7219
3666,2655,3501,2492,3498,42.7242
3726,3219,3152,2239,3496,42.7265
4147,3149,3757,2737,2511,42.7291
3212,3754,3328,2632,3049,42.7307
3769,3214,2943,2824,3223,42.7323
3247,3320,3014,2578,3500,42.734
3971,2595,3688,2633,3164,42.7364
4117,2739,3521,2390,3400,42.7393
2829,3924,3492,2231,3747,42.7413
3128,3230,3512,2450,3606,42.7431
3274,3374,3345,2207,3842,42.7461
3322,3538,3118,2587,3303,42.7485
4031,3159,3339,2380,3162,42.7507
3812,2799,3334,2249,3734,42.7524
3152,3190,3677,2885,3051,42.7542
3367,3349,3481,2273,3639,42.7561
3613,3066,2856,3181,3279,43.1293
2865,3278,3029,3218,4018,43.1316
3073,2810,3721,3495,3112,43.1333
3020,3815,3431,2816,3124,43.135
3130,3599,3221,2771,3378,43.1375
2361,4302,3325,2861,4027,43.1394
3121,3339,3158,2719,3735,43.1409
3133,3374,3372,3242,3110,43.1427
3590,2749,3176,3130,3275,43.1452
3062,3813,3307,2338,3839,43.1476
3175,3301,2845,3404,4087,43.1494
3243,3158,3162,3197,3364,43.1511
3328,4102,3084,2779,3087,44.2984
3847,2075,3741,3568,3530,44.3012
3916,2747,3212,3029,3235,44.3034
4062,2891,3045,2786,3471,44.3079
4156,2713,3416,2391,3695,44.3107
4070,3133,3234,2381,3457,44.3126
4010,2569,3583,2634,3459,44.3146
2193,3125,3428,3364,3800,44.4157
2626,2669,3775,3615,4095,44.4183
2759,3229,3422,2669,3454,44.4201
2270,4579,3579,3038,3282,44.4226
2817,2762,3522,2979,3827,44.6437
3244,3162,3522,2939,3003,44.6467
3402,2520,3296,3537,3405,44.6489
2116,3251,3540,3502,4015,44.6506
2543,3651,3540,3462,3191,44.6523
3385,3261,3738,3030,2676,44.6541
3666,2140,4043,3693,3304,44.6562
2877,3563,3383,4164,2940,44.6591
2752,3435,3824,2477,3459,44.6612
2893,3534,4040,2568,3132,44.6631
2484,4125,3689,3081,3295,44.666
2051,3924,3842,3000,3647,44.6677
2776,3362,3849,2978,3117,44.6696
2292,3805,3609,3606,3362,44.6718
3342,3073,3668,2492,3242,44.7501
2809,2932,3549,3340,3746,44.9337
3557,3029,4317,3246,2319,44.9366
3381,2475,4248,3142,2972,44.9393
2839,3342,3785,3687,2857,44.9416
3533,3140,4290,2730,2639,44.9442
3814,2019,4595,3393,3267,44.9462
3598,2429,3990,3247,3029,44.9483
3392,3041,4074,2639,2966,44.95
3373,3250,4219,2548,2872,44.9518
3274,2698,3934,2621,3407,44.9554
2714,2617,3347,3372,3990,45.1999
3147,2161,3694,3623,4285,45.2029
3197,2885,3677,2453,3554,45.235
2737,3255,3462,3582,3457,45.2941
3729,3479,3830,1954,3713,45.5184
3100,2831,3647,2634,3578,45.7443
3273,3016,3342,3236,3051,45.7473
3467,3133,3918,3263,2355,45.7492
3367,2744,3303,2914,3408,46.6638
3677,2767,3119,3100,3477,46.6677
2757,3675,4090,3122,2893,46.6701
2667,4271,3121,2803,3698,46.672
2343,3813,3408,2757,4173,46.6752
3607,2557,4335,2760,3037,46.6774
2993,3066,3451,2660,3627,46.6793
3846,2643,3441,2575,3404,46.6816
2874,2976,3949,2532,3733,46.6841
3698,2550,4270,2624,3197,46.6865
3317,3524,3164,2706,3152,46.6888
3027,3515,3736,2345,3528,46.692
2898,2936,4114,2967,3178,46.694
2997,4610,3469,2294,3333,46.6961
3513,2888,3136,2671,3644,46.6979
2753,3984,3809,2602,3163,46.6999
2978,4417,3936,3346,2459,46.7018
2162,4257,3617,3080,3605,46.7036
3736,2859,3651,2620,3150,46.7057
3069,3132,4346,2718,3145,46.709
3113,3095,3918,2355,3766,46.711
3836,2759,3499,2684,3179,46.8318
3467,2644,3151,2978,3437,46.8347
3996,2861,3343,2194,3906,47.1376
3552,3260,3201,2719,3166,47.1424
3590,3123,3461,3406,2560,47.1475
3493,3734,3350,2338,3270,47.1514
3850,2717,3510,2437,3670,47.1534
3648,3336,2765,2628,3729,47.1552
3505,3354,3516,3740,2438,47.622
3229,3874,3923,3254,2485,47.6258
2952,4029,3517,2383,3585,47.628
3599,3782,3617,3238,2400,47.63
3342,3433,3864,3680,2471,47.6319
4196,2844,3641,2909,2702,48.2063
3909,3186,2783,3394,3106,48.2141
4078,3062,3105,2869,3033,48.2304
4172,2884,3476,2474,3257,48.2324
3579,3985,3090,2825,3014,48.3833
3512,4164,3093,2724,3259,49.0762
3616,4024,3985,1763,3597,50.1844
4288,3193,3929,2195,3188,50.1879
3779,2295,3390,3520,3504,50.5899
3844,2352,3540,3579,3082,50.5925
3002,2742,3342,4011,3597,50.5944
2919,3081,3495,2866,3243,50.5964
2345,3790,3470,2952,3467,50.7172
2837,3517,3168,3414,3011,50.7211
3171,3429,3011,4116,2760,50.7237
2462,3748,3571,3549,3159,50.7258
2362,4306,3685,2603,3666,50.7281
3432,3366,3334,2647,3443,50.7301
3304,3358,3769,3117,2644,50.7319
3147,3540,2984,3600,3080,50.7336
2655,3813,3286,3138,3536,50.7355
2503,3148,3244,3550,3869,50.7382
3337,3533,3413,2524,3254,50.7402
2210,3641,3643,3015,3999,50.7422
3137,4095,3886,2070,3396,50.7441
2503,3757,3565,2665,4435,51.0713
3559,2687,3745,3028,2750,51.1326
3992,2231,4092,3279,3045,51.1365
3776,2641,3487,3133,2807,51.1389
4168,2785,4161,3383,2392,51.1409
3691,3005,3874,3016,2372,51.2593
3009,3285,3747,3630,2654,51.2628
3226,3239,3489,3735,2711,51.2649
2985,3396,3720,3114,2974,51.2671
3551,2758,3875,2654,3318,51.2737
3532,2967,4020,2563,3224,51.2756
2691,3530,4092,3162,3154,51.4397
3732,2018,3545,3034,4055,51.6315
3873,2117,3761,3125,3728,51.6353
3878,2162,3378,2791,4291,51.6382
2860,2761,3180,3129,4226,51.6719
2655,3091,3496,2991,4094,51.6753
3356,2602,3478,2468,3906,51.6778
3172,2611,3611,2516,4007,51.6964
3489,2406,3548,2839,3720,51.8563
3430,2880,3697,2458,3824,51.8595
3496,2342,3667,3142,3629,51.9713
3106,4055,3061,2884,3031,51.9969
3153,3614,3209,3248,2940,52.0726
2684,4204,3191,2837,3400,52.0758
2845,3911,3303,3338,2911,52.0787
3062,3865,3045,3443,2968,52.0813
3222,3394,3827,3013,2703,52.2924
3537,2848,3301,3106,3089,52.2977
3128,2658,4197,3099,3041,52.7756
2676,2758,3589,4012,3585,52.7791
2736,3322,3240,3759,3583,52.7818
3298,3006,3638,2801,3293,52.7844
3188,3222,3848,2846,3039,52.7874
2968,3423,3204,2825,3855,52.7997
3336,2869,3898,3488,2687,52.802
3596,2463,3947,2519,3797,52.8044
3267,2485,3781,3534,3143,52.8065
3786,2806,3746,2853,2939,53.0894
3618,3289,3451,2795,2962,53.092
3848,2426,3763,2428,3732,53.096
3271,3698,3437,2862,3051,53.0981
4265,2611,3302,2898,3096,53.1001
4151,2513,3460,2311,3892,54.5068
4224,2674,3716,3184,2542,54.5098
4180,2280,3895,2795,3240,54.5118
3924,2866,3060,2941,3209,54.5141
3951,2471,4417,2902,2998,54.5221
3574,3785,3134,2745,3211,54.5263
4247,2991,3396,3235,2546,54.5285
3648,3386,3467,2455,3256,54.5306
3389,3364,3098,3383,3089,54.5357
3499,3148,2888,3338,3343,54.5378
3016,4638,3534,3823,2542,55.5418
3653,3196,3057,3253,3127,55.546
3225,3475,3763,3083,2779,55.7051
3108,4464,3717,2241,3118,55.7086
3502,3656,3631,2643,2855,55.7127
3044,4130,3908,2224,3254,55.7148
2911,3929,3439,3121,3297,55.7184
3870,3060,2942,3064,2897,56.3434
3946,2304,3628,2643,3674,56.3475
3522,2991,3440,2170,3970,56.4546
3798,2471,3033,2656,3923,56.4577
3845,2748,2878,3142,3372,56.4598
4070,2516,4131,3222,2577,56.4621
4116,2148,3961,2907,3561,56.464
4014,2061,3638,2802,4161,56.4668
3552,3401,3676,2517,3081,56.469
3624,3078,3763,2275,3370,56.4712
3900,2558,3356,2761,3323,56.4735
3569,3268,3285,2656,3419,56.4759
3804,2992,3242,2487,3354,56.4779
3575,3789,3494,2487,2850,56.4805
4015,2706,3653,3603,2626,56.484
3004,3925,3540,2353,3155,56.5437
3221,3879,3282,2458,3212,56.548
2738,4379,3252,2999,3168,56.7172
3006,3689,3387,2395,3332,56.7199
3615,3374,3186,3454,2568,56.7232
3030,3616,3412,2896,2990,56.7254
3120,3579,3671,2419,3197,56.9022
2968,2914,3629,2831,3530,56.906
3612,3306,3369,2881,2741,56.9087
3460,2641,3327,3293,3074,56.9111
3185,2868,3371,2936,3587,56.9134
3144,3468,3698,2935,2877,56.9165
3636,3195,3396,3397,2421,56.9197
2679,3702,3313,3654,3216,56.9224
2985,3430,3844,2482,3729,56.9245
2415,3311,3327,3153,4131,56.9587
3141,3267,3394,2655,3574,56.9617
2944,3115,3500,2645,3969,57.0769
3577,3153,3588,2977,2485,57.1068
3750,2596,3230,3060,3502,57.3334
3502,3858,3678,1905,3686,57.4722
3733,3417,3368,2385,3152,57.4759
2980,4094,3254,2643,3134,57.5197
3449,3504,3272,3054,2674,57.5225
3874,3370,3320,2670,2580,57.5246
3527,3631,3430,2724,2629,57.5271
3459,3993,3392,2304,3130,57.5295
4205,3418,3625,2618,2336,57.5957
3559,3281,3814,2754,2921,57.5998
3619,3845,3465,2501,2919,57.602
3844,3763,3098,3618,2028,57.8261
3165,4226,3721,2580,2837,57.8291
4106,3708,3494,3174,1967,57.8319
3875,3684,3549,2721,2299,57.8344
3820,3874,3071,3102,2348,57.8369
4082,3819,3467,2658,2287,57.8392
3797,3557,3391,3051,2344,57.8454
3712,3763,3897,2661,2332,57.8485
3505,3288,3377,3454,2714,57.8515
3681,3842,3446,3558,2061,57.8537
4059,3502,3787,2607,2283,57.8559
3994,2454,4039,2808,2891,57.9217
4000,2985,3600,2510,2799,57.9252
4251,2868,3606,2556,2726,57.9278
3665,3295,3446,2439,3309,57.9301
3528,2421,3678,3341,3100,58.1699
4207,2968,3953,2731,2308,58.1729
3961,1965,4025,3592,3395,58.1753
3867,2896,3399,3505,2414,58.1776
3119,3575,3311,2677,3558,58.18
4007,2320,3816,3002,3096,58.1829
4129,2841,3795,3061,2353,58.186
4013,2851,3377,2704,3004,58.1885
4152,3158,3475,3112,2357,58.1907
3704,2975,3747,3445,2447,58.1928
4083,2486,4004,3651,2652,58.1949
4128,3269,3448,2596,2677,58.1976
3829,3033,3139,2818,3020,58.2004
3843,3007,3372,2989,2734,58.2028
4105,2952,3768,2545,2673,58.2052
4023,3126,3791,2518,2708,58.237
3828,2970,3394,2332,3296,58.24
3664,3507,2825,2711,3291,58.4328
3204,3519,4102,2971,2607,58.4365
3340,3049,3112,2665,3766,58.4389
3528,3977,3815,3017,2132,58.4413
3712,2534,3855,2666,3388,58.4436
3688,2574,3690,2231,3943,58.446
3750,3087,3007,2721,3529,58.4491
4012,3032,3403,2277,3468,58.4518
3742,2944,4091,3013,2499,58.4543
3088,3529,3684,2614,3258,58.4566
3774,3047,3172,3156,2974,58.4589
3412,3987,3397,2660,2783,58.4611
3174,3109,3866,2624,3496,58.4637
3442,3136,3435,2770,3166,58.4669
3364,3009,3277,3100,3211,58.4699
3626,2954,3673,2656,3150,58.4769
3668,3024,3210,2813,3270,58.6802
3762,2846,3581,2418,3494,58.6839
3809,3123,3426,2904,2943,58.6871
3685,1932,3921,3362,3803,58.6895
3754,2604,3392,2823,3508,58.6917
3429,3026,3462,2324,3828,58.8626
3396,2441,3570,2993,3578,58.8664
3875,2340,3708,2654,3574,58.8691
3803,2988,2882,2745,3715,59.5587
4175,2473,3625,2746,3337,59.5653
3667,2099,4397,3640,3575,59.568
4059,2402,3717,2599,3746,59.5724
3913,2528,3229,3190,3398,59.5746
3710,3390,3842,2636,2631,60.3107
3335,2532,3263,2576,3974,61.281
3437,2619,3586,2681,3374,61.2847
3365,2942,3499,2923,3085,61.2885
3644,2153,3944,2818,4246,61.2911
3746,2240,4267,2923,3646,61.2933
3776,2650,4503,3270,2757,61.2965
3793,2848,3197,2087,4215,61.3541
3895,2935,3520,2192,3615,61.3578
2356,3785,3476,2772,4235,61.3976
2848,3512,3174,3234,3779,61.4005
3646,3295,3637,2557,2839,61.5824
3762,2949,3768,2623,2881,61.7489
3055,2917,3577,3315,3638,61.7513
3046,3491,3410,3137,3033,61.791
2624,3640,3540,3090,3402,61.8509
3093,3050,3558,3501,2942,61.8547
3440,3800,3859,3356,2256,61.858
3178,3855,3463,3800,2317,61.8607
3362,3673,3701,3686,2301,61.8641
3002,3301,3394,3696,2970,61.8667
2893,4263,3683,3275,2761,61.8693
2785,3347,3652,3591,2913,61.8715
3631,3249,3184,3695,2611,61.9548
3946,3043,4088,3849,2102,61.959
3080,3382,3676,3093,2925,62.0974
3140,3946,3327,2840,2923,62.101
3232,4047,3718,2681,2592,62.1034
3711,3946,3856,2342,2588,62.1059
3632,3673,3025,3302,2467,62.1087
3724,3774,3416,3143,2136,62.1116
3349,4005,3819,3278,2284,62.1141
3841,3732,3517,3740,1828,62.1166
3701,3457,3736,3092,2132,62.1188
3609,3356,3345,3251,2463,62.1222
3980,3764,3142,3284,2115,62.1251
3641,3742,3706,2214,2936,62.1758
4189,3247,3565,2535,2774,62.1802
3489,3077,3664,2626,3269,62.1824
3495,3648,2878,3073,3060,62.3825
3564,3432,3589,2863,2725,62.3967
3654,2382,3485,3582,2997,62.4727
3677,2699,3165,3633,3001,62.4767
3992,2493,4069,3787,2492,62.4797
3186,3396,3308,2778,3313,62.6074
3747,2907,3717,3030,2522,62.6121
3678,3123,3006,3240,2857,62.6145
3655,2806,3326,3189,2853,62.6172
4193,3360,4008,2072,2999,62.8621
3351,3143,3500,2906,3006,62.924
3461,2927,3290,2861,3260,62.9284
3852,2930,3559,2767,2741,62.9913
3314,3505,3570,2725,2849,62.9958
3290,3545,3405,2290,3404,62.9987
3400,3329,3195,2245,3658,63.0016
3424,3289,3360,2680,3103,63.0043
3683,3054,3237,3292,2814,63.0077
3213,2390,3588,3060,3564,63.0763
2666,3233,3321,3437,3596,63.1572
2863,3768,3599,2557,3417,63.1615
3009,3912,3432,2314,3653,63.1642
3308,3218,3452,2533,3512,63.1669
3257,2960,3513,2959,3154,63.1696
2899,4128,3642,2359,3399,63.1721
3068,3438,3283,2695,3549,63.1746
2812,3377,3154,3194,3832,63.1778
3198,3434,3662,2578,3258,63.1804
2308,4401,3450,2837,3841,63.1829
3437,3553,3631,2401,3291,63.1854
3141,2524,3974,3293,3246,63.6111
2732,3678,3607,2629,3704,63.6134
3279,3215,3783,2710,3199,63.6158
3620,2423,4112,2954,3242,63.6186
3177,3128,3460,2605,3799,63.6209
3760,3125,3601,2654,2939,64.5681
3901,3224,3817,2745,2612,64.5713
3650,3341,3811,2699,2685,64.5736
3811,3086,4140,2593,2853,64.6805
3386,3220,4092,2977,2947,65.014
3823,3258,3433,2434,3326,65.0329
3434,3084,3548,2503,3439,65.1036
3536,3171,3871,2608,2839,65.1085
3752,2761,4476,2754,3077,65.1117
3949,2759,3447,3199,2528,65.2005
4165,2349,4052,3345,2766,65.2042
3925,2870,3420,2683,2848,65.2068
3589,2812,3437,2271,3725,65.2809
4081,1882,3635,2903,3916,65.2848
3958,2361,3104,2838,3690,65.2877
4005,2638,2949,3324,3139,65.2903
4128,2159,3480,3389,3365,65.2945
3636,3089,3282,2757,3174,65.2971
4060,2448,3427,2943,3090,65.2997
3964,2882,3313,2669,3121,65.3022
4175,2596,3724,3785,2393,65.3047
2479,4264,3786,3200,3358,65.5038
3731,3028,3317,3520,2610,65.5082
2971,3991,3484,3662,2902,65.5111
3682,2827,3226,3082,3405,65.5818
2920,3530,3603,2896,3136,65.7036
3389,2940,3621,3307,2676,65.7085
3467,3067,3779,2977,2631,65.7114
3868,2839,3759,2968,2672,65.714
3565,3494,3690,3411,2023,65.7167
3643,3621,3848,3081,1978,65.7193
2976,3287,3260,3009,3381,65.7963
2554,3436,3390,2962,3750,65.8422
3023,2846,3408,3373,3290,65.8465
2614,4000,3041,2709,3748,65.8748
3254,3606,3291,2871,3255,65.8786
3083,3410,3059,3120,3288,65.881
2775,3707,3153,3210,3259,65.8841
2992,3661,2895,3315,3316,65.8874
3269,3962,2965,3395,2978,66.0488
3030,4043,3770,3275,2614,66.0523
3999,3544,3499,3227,2245,66.1385
3070,3742,3177,2712,3271,66.2147
3380,3765,2993,2898,3340,66.2187
3315,3412,2946,3333,3368,66.395
3239,3209,3362,4164,2786,66.3984
2823,3685,3248,2871,3824,66.4009
3255,2848,3295,3586,3370,66.4034
3292,3095,3266,3282,3364,66.4062
3576,3694,3737,2340,2976,66.6608
3474,3607,3414,2235,3576,66.6642
2538,3969,3805,2943,3585,66.9645
2597,3495,3656,3324,3481,66.9677
3114,3257,4054,3672,2871,66.9728
3192,3384,4212,3342,2826,66.9789
3122,3400,2970,3380,3901,66.9814
2852,3312,3658,4116,2932,66.9839
3126,4055,3937,1905,4127,67.1478
4054,2779,3881,2030,4038,67.4247
4178,2319,3925,3774,2841,67.517
3698,2627,4441,3835,2672,67.5201
3963,2878,2953,2927,3482,67.9828
3593,2970,3259,2943,3567,67.9929
4073,2418,3300,3372,3165,67.9961
3457,3440,4249,3249,2408,67.9993
3528,4335,3153,2807,2821,68.7742
3644,4325,3571,3164,2170,68.7778
3266,3181,3588,2773,3259,69.1616
3219,2904,3743,2287,3810,69.1652
3711,1974,3941,2919,4001,69.168
3690,2540,3733,2959,3175,69.1709
3414,3060,4140,2473,3222,69.1744
3770,3289,3751,1879,4063,69.2662
3872,3376,4074,1984,3463,69.2698
3496,3652,3238,2815,2699,69.3344
3520,3541,3265,3331,2379,69.3394
3344,2987,3196,3227,3032,69.3433
3152,3737,3233,2878,2858,69.3473
3188,3704,3638,3051,2602,69.3751
3381,3769,3353,2640,2979,69.3791
3229,3104,3311,3052,3312,69.3823
2971,4090,3561,2515,3094,69.4011
2776,3745,3637,2320,3653,69.4974
3010,3492,4141,3165,2824,69.5236
2717,3836,3998,2597,3221,69.5278
2522,3491,4074,2402,3780,69.6259
2798,2971,3667,2888,3733,69.6299
2581,3017,3925,2783,3676,69.6334
3318,3440,3741,2929,2921,69.6364
3043,3667,3785,2572,3434,69.6399
2826,3713,4043,2467,3377,69.6425
2846,3232,3370,3153,3562,69.7476
3527,3191,3396,2250,3773,69.8148
3586,2717,3247,2631,3669,69.8184
3381,3047,3563,2493,3537,69.8219
3127,2793,4000,2575,3664,69.8563
3635,2550,3381,2596,3956,70.0488
3706,2360,3290,2944,3777,70.0529
3922,1950,3895,3090,4015,70.0565
3552,2042,4201,3106,4100,70.1185
3523,2824,3436,3090,2876,70.2562
3495,3290,3540,3283,2371,70.2976
3319,2736,3471,3179,3024,70.3023
3798,2635,3609,2840,3020,70.3062
3974,3189,3678,2944,2367,70.3093
2910,3890,3104,2515,3482,70.3421
3457,3427,3280,2596,2977,70.3462
3379,3300,3122,2926,3022,70.3498
3858,3199,3260,2587,3018,70.3528
3199,3758,2815,3267,3326,70.4878
3139,3194,3164,3520,3328,70.4918
2858,3639,3414,2870,3601,70.787
2974,3629,3832,3227,2950,70.7911
3393,3590,4059,2764,2670,70.9159
3503,3374,3849,2719,2924,70.92
2814,3449,3398,3429,3538,70.9889
2822,2902,3422,3769,3821,70.9925
4007,2955,3731,2435,3146,71.1087
3469,3530,3742,2393,3254,71.1122
3431,3382,3023,2523,3672,71.3012
3758,2876,3112,3073,3412,71.3114
4020,2821,3508,2629,3351,71.3142
2483,4121,3329,3339,3656,71.938
2806,3752,3178,2837,4122,72.1069
2853,4029,3023,3323,3571,72.1108
3799,2808,3668,3568,2636,72.3288
3712,2995,2947,2881,3555,72.5489
3900,2662,3452,2996,3193,72.5591
3804,3096,3338,2722,3224,74.3107
3597,4119,3864,2597,2486,74.3699
3731,3977,4085,2062,3202,74.4239
3594,2974,3619,2685,3206,75.0095
2539,4159,3155,3072,3494,75.0529
2936,3597,3710,2517,3442,75.1115
2741,2869,3998,2980,3465,75.2177
2824,2530,3845,4125,3819,75.2214
2682,3343,4147,2599,3569,75.2241
2993,3316,3591,3083,3174,75.2681
3518,3627,3737,2596,2589,75.5383
3745,2906,3239,2644,3337,75.5526
3528,2952,3497,2539,3280,75.5567
3737,2637,3704,2701,3356,75.7169
3654,2129,4524,3211,3500,75.8058
3732,3014,3868,2132,3648,75.8332
3702,2371,3378,2697,3711,75.9511
3497,2701,3694,2559,3579,75.9556
2923,2397,3833,3396,4606,75.9785
3243,2421,3520,2864,3828,76.0005
3643,2819,2916,2539,3937,76.0415
3497,2675,3083,2782,3701,76.0457
3896,2740,3063,2817,3738,76.0864
3678,3178,4008,2167,3917,76.2565
2845,2634,3911,3487,3512,76.4148
2905,3198,3562,3234,3510,76.4196
2821,2674,3746,3052,4067,76.4224
2436,3788,3544,2823,3970,76.4252
2376,3224,3893,3076,3972,76.4285
2367,3773,3573,3192,3618,76.4317
2512,2879,3606,3583,3752,76.4351
2307,3209,3922,3445,3620,76.439
2691,4231,3286,3238,3143,76.5003
3205,3696,3110,2845,3590,76.5052
2631,3667,3635,3491,3145,76.5082
2836,3337,3319,3629,3277,76.5109
2607,3707,3470,3056,3700,76.514
3075,2928,3309,2970,3940,76.5881
3135,3492,2960,2717,3938,76.5917
2621,4027,3136,3110,3491,76.5946
2766,3133,3169,3501,3625,76.5979
3245,3032,3307,3162,3621,76.6015
2561,3463,3485,3363,3493,76.6053
3076,3156,2985,3687,3694,76.7728
4079,2857,3854,2313,3469,76.8552
3224,3421,3592,2376,3602,77.1947
2833,4004,3829,2445,3597,77.1995
3242,2850,4196,3109,3139,77.2031
3459,2077,4223,3260,3958,77.3018
3594,3329,3286,2360,3517,77.3835
3540,2674,3645,2633,3733,77.3876
3921,2096,3660,2956,4019,77.4794
3829,1985,3917,3244,3873,77.4846
4014,2728,3296,2852,3169,77.4879
3456,3005,3221,2740,3576,77.4909
3945,2056,3825,3391,3464,77.4938
3589,2862,3248,3236,3263,77.4971
3822,2535,3294,3326,3238,78.1015
3845,2852,2974,3377,3242,78.1092
3595,4156,3150,2908,2576,78.7627
4201,3541,3415,3297,2156,78.7678
3540,3637,3116,2827,3141,78.7711
4027,2968,3319,3434,2775,78.8466
4105,3095,3477,3104,2730,78.8502
2552,3905,4040,3129,3321,80.0136
3249,4563,3933,2332,2791,80.08
2876,4363,3753,3175,2846,80.0872
3576,3685,3556,2155,3358,80.1592
4058,2638,3623,3188,2701,80.6358
2855,4337,3353,3596,2860,80.7109
3052,3251,3841,2583,3484,80.7329
3345,2758,3442,3118,3354,80.788
3497,3423,3484,2706,3021,80.7918
3521,3312,3511,3222,2701,80.7949
2601,4083,3790,3678,2987,80.93
2732,3858,3043,3168,3737,81.0644
3897,2527,3775,2883,3123,81.3226
3692,2857,4091,2745,2991,81.3275
3345,2508,3843,2969,3228,81.3695
3706,3564,3456,3187,2184,81.812
3621,3770,3962,2797,2172,81.8632
3957,3447,3462,3233,2111,81.9273
3872,3653,3968,2843,2099,81.9746
3720,2988,3926,3255,2432,81.98
3245,3536,3118,2918,3455,82.0531
3337,3637,3509,2759,3124,82.0569
3752,3014,3437,3125,2574,82.0599
3667,3220,3943,2735,2562,82.1063
3515,2555,3901,3147,2895,82.1121
3575,3119,3552,2894,2893,82.1155
4003,2897,3443,3171,2501,82.1854
3826,3002,3558,2940,2820,82.2308
3249,3056,3177,2801,3606,82.2882
3871,2965,3185,2917,3023,82.3359
3659,3094,3072,2857,3369,82.3402
3761,3181,3395,2962,2769,82.345
3573,3514,2890,2847,3131,82.3485
3826,2031,4137,3453,3476,82.5102
3337,2980,3533,2802,3588,82.5147
3707,2888,3227,2786,3503,82.6407
4196,1939,3831,3437,3391,82.6467
4126,2223,3714,2700,3501,82.6497
3743,4035,3702,2608,2539,83.0811
3548,3879,3305,2422,3127,83.084
3572,3839,3470,2857,2572,83.0903
3658,3419,3652,2867,2810,83.0937
3366,4521,4034,2929,2483,83.6005
3087,4258,3392,2363,3470,83.6699
3532,3708,3245,2339,3565,83.679
3901,3257,2912,2906,3530,84.0823
3640,3980,3696,2263,2796,84.586
3753,3539,3637,2689,2782,84.9471
3776,3810,3960,1710,3494,85.4381
3993,2581,3473,3129,3123,85.4607
4110,2539,3574,3726,2815,85.4649
3643,2869,3618,2366,3464,85.4683
3847,2672,3124,3094,3128,85.486
3379,3872,3988,1948,4058,85.7743
3376,3074,3844,3113,2471,85.9755
3760,3301,3276,3462,2745,86.1016
3737,2984,3596,3411,2741,86.1062
4024,3170,4246,3519,2057,86.11
3969,3360,3768,3900,2106,86.1137
3192,4187,3034,3761,2720,86.2076
4275,3053,4252,3565,1984,86.2938
4220,3243,3774,3946,2033,86.2977
4005,2653,3721,3806,2764,86.3007
3565,3852,3028,3201,2712,86.4483
3657,3953,3419,3042,2381,86.4522
3713,3710,3076,3155,2626,86.5001
3800,2220,3696,3698,3227,86.7386
4046,2731,4200,2941,2767,86.7434
3898,2852,3648,3241,2804,86.7476
4070,2620,4227,3457,2447,86.7511
3948,2099,4248,3398,3190,86.7541
3123,3219,2944,3807,3437,86.8537
2984,3392,3360,3372,3335,86.8858
4057,2634,3263,3446,3062,86.9503
4126,2418,3974,3236,2727,86.9546
4034,2317,3583,3395,3058,86.9587
3666,3112,3487,2758,3053,87.1073
3588,2985,3329,3088,3098,87.1112
3680,3086,3720,2929,2767,87.1149
3223,3310,3957,3062,2701,87.4528
3185,3447,3697,2375,3307,87.4576
3547,3768,3670,3108,2226,87.4965
3625,3895,3828,2778,2181,87.501
3509,3905,3410,2421,2832,87.5041
3079,2646,3633,2670,3865,87.5397
3103,2606,3798,3105,3310,87.5443
2634,3196,3780,2694,3770,87.5484
3137,3299,3526,2300,3782,87.5745
3077,2735,3875,2553,3784,87.579
3223,2879,3708,2310,4020,87.5834
3008,2720,3904,2922,3432,87.5866
3403,3104,3346,2716,3390,87.6199
3427,3064,3511,3151,2835,87.6251
2958,3654,3493,2740,3295,87.6293
3547,3337,3421,2356,3545,87.6565
3345,2612,3939,3204,3098,87.7182
2798,3075,3763,3123,3603,87.7222
3274,2802,4030,2856,3277,87.7867
3598,3260,3743,2902,2802,87.9184
3333,2900,3196,2588,3738,87.9583
3357,2860,3361,3023,3183,87.9626
2888,3450,3343,2612,3643,87.966
3391,3553,3089,2218,3655,87.9924
3331,2989,3438,2471,3657,87.9969
3262,2974,3467,2840,3305,88.0009
3477,3133,3271,2228,3893,88.0049
3421,3813,3820,3070,2410,88.0692
3528,3056,3593,2774,3150,88.1331
4219,3161,3321,2960,2706,88.9059
3591,3234,3096,2720,3461,89.424
3877,3893,3923,2073,3255,89.6443
3881,2730,4096,3833,2573,90.6355
3593,3028,3586,3218,2528,90.9104
3800,3125,3506,3170,2538,91.0928
3784,3691,3614,2857,2139,91.1261
4051,3008,3512,3216,2465,91.303
4035,3574,3620,2903,2066,91.3361
3943,3473,3229,3062,2397,91.3405
3846,2575,3487,3108,2928,91.8302
3830,3141,3595,2795,2529,91.8625
3732,2509,3643,3252,2952,91.8671
3738,3040,3204,2954,2860,91.871
4097,2458,3493,3154,2855,92.044
3989,2923,3210,3000,2787,92.0771
3161,3243,4089,2430,3291,92.4952
3485,3701,3802,2476,2816,92.5646
3595,3485,3592,2431,3070,92.5994
3745,3010,3335,2879,3207,92.8661
3198,3473,3159,2798,3712,92.8713
3643,2923,3012,2774,3807,92.8742
3557,3343,2830,2764,3569,92.8778
4055,2897,3689,1878,4024,92.9157
3969,3317,3507,1868,3786,92.9217
3624,3182,3859,2510,3240,93.3417
3917,3428,2972,2989,3092,93.7646
4050,3285,2999,3485,2779,93.7692
4399,2811,3771,2020,3985,94.2589
4313,3231,3589,2010,3747,94.2633
3775,3806,3600,1968,3855,94.2669
4405,3332,3980,1851,3416,94.5823
4087,2403,3844,2734,3347,94.9799
3784,2968,3834,2457,3137,94.9953
4020,2582,3847,2633,3592,95.017
2586,3714,3210,3411,3501,95.0621
3287,3225,3192,2888,3313,95.1011
2332,3460,3647,3493,3628,95.1545
3033,2971,3629,2970,3440,95.192
3201,3346,3102,3477,3392,96.6831
2576,3832,4065,3630,2979,97.4671
2900,4290,3778,3676,2504,97.5362
3082,2998,4123,2912,3350,97.6025
3287,2668,3807,3050,3482,97.6434
3396,3816,3337,2577,3221,97.8593
3963,2786,3946,2166,3878,97.9605
3662,2493,3649,3111,3362,98.1661
3014,3284,3870,3114,3216,98.334
4032,2401,3343,3095,3277,98.4225
3969,2260,3433,3336,3480,98.4282
3676,2329,3358,3140,3513,98.4608
3476,3303,3307,2810,3277,98.6007
3566,2545,3568,3185,3259,98.6324
3316,3712,3203,2581,3401,102.18
2975,2818,3376,3663,3701,104.82
3771,2978,3593,3293,2796,105.895
3342,3383,4053,2715,2933,108.028
3571,3192,3531,2608,3175,108.091
3428,3324,3408,2979,2986,108.14
3361,3503,3411,2878,3231,108.213
3174,3070,3845,3061,3113,108.36
4030,2637,3496,3053,3100,109.314
3988,2771,3340,3185,2801,112.55
3828,2881,3269,3003,3034,112.569
2702,3368,3341,3477,3543,112.707
3403,2879,3323,2954,3355,112.719
3627,2991,3991,2714,2894,113.413
3089,3566,4002,2672,3002,113.417
3737,2775,3781,2669,3148,113.436
3365,3046,3595,3158,2955,113.454
3413,4024,3715,2718,2527,113.474
3523,3808,3505,2673,2781,113.492
3718,2984,3926,2578,3054,113.524
4042,3442,3639,2624,2579,113.543
3504,4017,3650,2582,2687,113.547
2453,3353,3755,3202,3856,113.603
3346,3358,4018,2738,3143,113.67
2645,3847,4036,3261,3331,113.881
3151,3013,4094,2543,3702,113.944
3298,3334,3510,2642,3287,114.006
3408,3118,3300,2597,3541,114.027
2707,3607,3318,3120,3729,114.046
4045,3062,3434,2632,3111,114.065
4026,3271,3579,2541,3017,114.201
3688,3684,3534,1892,4035,114.276
3774,3264,3716,1902,4273,114.28
4176,3300,3860,2089,3295,114.428
3202,3125,3943,3098,2988,118.123
3667,2883,3177,3209,3252,122.029
