obj0,obj1,obj2,cpu
3271,3043,3459,0.20107
2373,5076,2823,0.201086
5491,4850,811,0.201105
5468,5273,677,0.20112
5504,4686,864,0.201135
5043,5405,783,0.201148
5487,1362,4081,0.201162
4077,1865,4585,0.201178
5807,1843,2999,0.20119
6136,2959,1886,0.201211
928,6021,5104,0.201227
2866,5660,2094,0.201239
3090,5353,1987,0.201253
1260,5862,4215,0.201275
2209,3335,4856,0.201291
4441,5174,1109,0.201308
4589,5570,912,0.201343
3977,5799,1195,0.201359
3958,5665,1223,0.201385
3726,5713,1365,0.2014
3745,5847,1337,0.201413
5494,1451,3878,0.201426
5497,1681,3411,0.201443
5118,1586,3959,0.201465
5804,1613,3466,0.201482
5797,1524,3669,0.201495
5146,1407,4408,0.20151
5111,1497,4162,0.201526
3261,2446,4959,0.201546
2795,2811,4914,0.201562
3062,2877,3938,0.20158
2386,3183,4798,0.201608
3415,2408,4457,0.201627
5706,2800,2066,0.201651
3615,3507,2760,0.201672
5994,2611,2145,0.201698
6143,2277,2418,0.201713
5864,4185,1064,0.201728
5556,4418,956,0.201745
3532,4327,2160,0.201765
3836,5433,1399,0.201792
985,5966,4845,0.20181
948,5381,5304,0.20183
2669,3709,3526,0.20185
3387,5994,1621,0.201868
1406,4342,5402,0.201886
2637,3131,4300,0.201902
1066,4962,5620,0.201934
4331,5454,1075,0.20195
3486,5822,1545,0.201993
2814,2979,4242,0.202011
2885,3029,3996,0.202046
1968,3953,4301,0.202063
3881,2043,4502,0.202088
3611,2230,4540,0.202105
3258,2699,4021,0.202121
2618,2963,4972,0.202145
3340,3920,2664,0.202162
3248,4643,2210,0.202183
5215,2272,2872,0.202206
1069,5835,4672,0.202241
1005,5326,5045,0.202262
1089,5195,4872,0.202285
3094,3195,3517,0.202305
1945,6062,3184,0.202328
2092,5831,3020,0.202345
1592,5629,3738,0.202365
2817,4900,2472,0.202396
1645,4304,4469,0.202424
1890,5192,3470,0.202445
1501,5948,3836,0.202475
1812,3784,5249,0.202492
1957,3620,4983,0.202513
1270,4540,5502,0.202534
1327,4485,5243,0.202553
1309,4720,4769,0.202574
1463,4287,5143,0.202599
1869,3729,4990,0.202625
2035,3726,4492,0.202647
5056,5241,836,0.202677
3664,5963,1399,0.202697
4990,1821,3678,0.202716
4500,1677,4671,0.202761
3006,2780,4341,0.20278
3151,4759,2229,0.202809
5731,4149,1099,0.202829
5650,3426,1619,0.202853
5855,2466,2339,0.202885
5621,2029,2889,0.202906
4120,5117,1349,0.202934
4068,5385,1257,0.202966
4055,5549,1204,0.202991
5102,4583,1085,0.203015
2907,3242,3715,0.203048
2767,3448,3680,0.20307
1791,5364,3546,0.203096
3187,5237,1968,0.203127
2527,4257,3265,0.203164
2402,4574,3177,0.203209
2498,4759,2911,0.203237
1517,4978,4191,0.203261
1123,4907,5361,0.203298
1207,4776,5188,0.203321
5669,2652,2229,0.203345
4818,2289,3151,0.203371
3056,4236,2714,0.203409
1567,4198,4960,0.203449
2121,3444,4863,0.203486
2640,4211,3172,0.203512
4908,4753,1109,0.314362
1086,5760,4770,0.314399
1318,5856,4264,0.31443
4209,5222,1251,0.314451
2937,4400,2728,0.314468
1893,4274,4231,0.314489
2966,3898,3082,0.314513
3238,2560,4515,0.314539
4866,5042,1003,0.314555
5722,3837,1323,0.31458
4350,5588,1047,0.314595
4775,5456,941,0.314608
1640,5265,3865,0.314623
1459,5597,4023,0.31464
1739,5093,3789,0.314663
1002,5891,4943,0.31468
1760,6064,3497,0.314696
4099,5502,1217,0.314712
4531,3645,2131,0.314727
3241,3485,3178,0.314765
3751,4826,1814,0.314782
3105,4584,2447,0.314807
3983,4778,1672,0.314829
2625,3996,3419,0.314852
5579,4277,1161,0.314873
4885,5176,975,0.31489
4756,5322,969,0.314907
5472,4569,1077,0.314928
3411,5335,1774,0.314949
3312,5507,1850,0.31497
1768,4591,4143,0.314988
1234,5987,4437,0.315028
4118,5636,1189,0.315042
4295,3909,2084,0.315059
3981,3963,2247,0.315089
3204,3431,3271,0.315154
2765,3790,3454,0.315175
2743,3577,3735,0.315193
1919,4690,3824,0.315232
2473,3127,5238,0.315272
4450,4357,1672,0.315351
2515,4528,3084,0.365266
4602,5406,965,0.365316
3668,2237,4469,0.365343
1336,5310,4349,0.365363
5095,3350,2007,0.36538
2228,5860,2883,0.365403
2230,5429,2949,0.365418
4983,1732,3881,0.365432
2832,4618,2668,0.365455
4653,2436,3147,0.365476
5050,4851,993,0.365501
4654,5138,1057,0.365519
3202,2602,4424,0.365536
2852,2818,4843,0.365553
2771,5212,2426,0.365579
2291,4835,3191,0.365599
2544,4026,3438,0.365617
4642,1777,4208,0.365642
5738,3232,1751,0.365668
5677,2930,2029,0.365692
5683,3256,1759,0.365714
4997,2900,2448,0.365729
1818,6038,3420,0.365747
2547,5519,2533,0.365769
5052,2876,2440,0.365786
5114,2169,3156,0.365808
5300,1983,3266,0.365828
5826,2596,2302,0.365847
4256,2453,3426,0.365886
5622,2954,2037,0.365916
5640,2782,2192,0.365934
5034,3048,2285,0.365956
4708,2412,3139,0.365976
5585,2806,2200,0.365999
5059,2193,3164,0.366021
4262,3169,2767,0.382425
5083,4484,1252,0.38248
3555,2888,3577,0.382523
4098,1983,4387,0.382541
4689,2144,3691,0.382568
3902,2161,4304,0.382603
4554,2147,3638,0.460901
3850,2934,3253,0.460971
4465,1767,4425,0.460994
4472,1856,4222,0.461015
3586,2792,3740,0.461038
3898,3926,2363,0.461074
3651,3346,3043,0.461113
5414,3690,1572,0.461157
4247,2917,2974,0.46121
4750,1969,3721,0.461318
5486,4101,1276,0.461345
3747,4446,2146,0.46158
4565,4937,1262,0.461618
4960,4105,1558,0.461664
5032,4516,1262,0.461693
3408,4786,2204,0.461743
4107,4541,1825,0.461783
4493,4526,1558,0.461804
4628,4413,1549,0.46183
5460,5018,790,0.529476
5447,5182,737,0.529539
3392,2538,4520,0.529608
4056,2139,4309,0.529634
2576,3119,4894,0.529666
3448,2635,4117,0.529701
5108,4973,928,0.529739
1276,5396,4575,0.529784
5277,4314,1228,0.529857
5089,3024,2277,0.52993
5096,2341,3001,0.529967
5151,2317,2993,0.529988
1256,6036,4375,0.530012
1699,4142,4792,0.530088
1475,4449,4899,0.530119
3943,2266,4173,0.530151
2851,3145,4118,0.530175
3162,3428,3311,0.530254
5245,2007,3274,0.530284
4100,4639,1653,0.530352
5014,5438,806,0.614161
1449,4617,4644,0.614253
1476,5207,4224,0.614295
6099,2811,2049,0.614344
3630,4066,2314,0.614363
5037,5015,940,0.61439
1400,5759,4090,0.614438
2129,4128,3961,0.614481
2613,4267,3238,0.61451
2431,3659,3991,0.614533
5646,3108,1922,0.614589
5058,3202,2170,0.61462
5701,3084,1914,0.614659
3346,4382,2364,0.614742
2930,4357,2822,0.614784
2389,4574,3345,0.614958
1819,3913,4833,0.615014
5167,4100,1414,0.615145
2674,5790,2446,0.615218
2036,5990,3235,0.615257
2810,3511,3567,0.615292
3249,4498,2383,0.615333
2549,3240,4307,0.615427
3002,3918,3063,0.615475
3438,3659,2818,0.61552
3286,3602,3013,0.615556
4243,2109,3988,0.6156
4649,1866,4005,0.61566
4662,2210,3443,0.615696
2738,3950,3326,0.615813
3638,4816,1925,0.615857
3735,4700,1906,0.615919
3693,4989,1800,0.61597
2142,3562,4665,0.616016
4717,2186,3435,0.616056
4019,4384,1856,0.616107
4535,4964,1257,0.616155
3188,5092,2141,0.616205
3596,5105,1819,0.616256
4236,2020,4191,0.616295
4713,4265,1543,0.616341
3977,4673,1750,0.616403
4587,4696,1349,0.616462
4547,3981,1856,0.616514
4218,4856,1503,0.616568
3337,4536,2305,0.630474
2670,5717,2457,0.630596
3931,4971,1607,0.630623
3612,4123,2401,0.630672
4269,5704,1109,0.630697
2457,5992,2656,0.630723
2734,5621,2413,0.630745
2191,5659,2944,0.676859
1333,5815,4361,0.676943
2668,4059,3306,0.676974
1558,5425,3947,0.677004
4676,4801,1251,0.677029
2845,3907,3248,0.677062
2769,5545,2381,0.677092
1859,5892,3421,0.677119
2004,6052,3212,0.677145
1864,4776,3877,0.677199
4851,4532,1394,0.677225
4634,5090,1145,0.677347
2420,4161,3610,0.677384
1992,4365,4166,0.677419
1417,5684,4188,0.677444
4159,3296,2863,0.677514
4058,3940,2270,0.677594
2729,4791,2834,0.68787
4006,2905,3367,0.749417
3511,3274,3311,0.749499
4361,5164,1311,0.749659
4289,4753,1607,0.750011
4403,2888,3088,0.75012
4422,3027,2916,0.750154
4876,3407,2273,0.750182
5105,4471,1293,0.766659
5408,4196,1344,0.766826
3867,5390,1476,0.766854
4352,5051,1368,0.766884
3583,5706,1526,0.766914
5923,3656,1476,0.766948
3956,4582,1810,0.766976
3471,4921,1918,0.767014
3928,4796,1718,0.767056
5848,3148,1807,0.824347
3450,3836,2720,0.824418
3642,4243,2216,0.824451
5144,2964,2341,0.824523
2698,6187,2334,0.824607
5205,3266,2063,0.824638
3380,6276,1664,0.824671
3662,4721,1912,0.824699
3358,4559,2266,0.824739
3268,5317,1928,0.824777
3044,5624,2035,0.82481
5348,2606,2606,0.824841
1405,6022,4006,0.824895
1454,4880,4560,0.824926
1481,5470,4140,0.824961
5149,3892,1616,0.825002
5920,3559,1511,0.82504
3645,5829,1427,0.825094
2982,5874,2069,0.825126
5038,2444,3018,0.825157
5793,3172,1815,0.825188
5293,2630,2614,0.82522
3166,4152,2770,0.825326
5792,3774,1360,0.825419
2679,6053,2362,0.825457
5199,2940,2333,0.82549
2725,5483,2474,0.825529
3734,3389,2984,0.825581
3476,2436,4370,0.84379
3010,2801,4325,0.843957
5811,3000,1970,0.844028
2600,3103,4970,0.844056
5883,3411,1674,0.844142
5827,4037,1227,0.844206
1244,5111,4730,0.916247
1604,4533,4502,0.91637
1456,5847,4024,0.916418
4850,3706,1907,0.916451
5239,4024,1449,0.916494
2064,3499,5122,0.916531
4936,4299,1398,0.916564
1482,4401,5101,0.916623
4032,4094,2120,0.91667
4415,4853,1414,0.91671
4421,4412,1662,0.916755
3387,3163,3345,0.91687
3472,2415,4386,0.916911
2829,2932,4399,0.916948
3731,3627,2646,0.91704
4034,3352,2697,0.917083
5450,2603,2575,0.91716
4930,4740,1150,0.917212
5941,4309,1038,0.917295
1224,5751,4530,0.917327
1658,4057,5275,0.917369
1715,4002,5016,0.917406
1555,5675,3948,0.917519
5074,2738,2656,0.917717
3103,3479,3395,0.917877
2644,3578,3892,0.917916
2762,3159,4208,0.917958
3027,2898,4143,0.918001
4373,5142,1308,0.918039
3493,2533,4188,0.918273
3689,2355,4271,0.91832
3060,3416,3508,0.918471
3236,3064,3664,0.918517
3178,2997,3824,0.918558
5889,4577,946,0.918599
1362,4692,5046,0.918636
1462,4341,5601,0.918678
2483,3882,3852,0.918728
4034,5285,1483,0.918936
1425,4456,5360,0.918986
1598,4143,5501,0.919023
3584,5561,1699,0.919079
4880,4030,1748,0.946758
4422,3634,2311,0.94686
2841,4215,2994,0.946912
3011,5040,2376,0.947114
2783,4992,2622,0.992155
3821,5251,1573,0.992239
4625,4088,1815,0.992295
3606,5549,1695,0.992345
3255,3823,3047,0.992396
2702,5108,2684,0.992451
3544,5799,1729,0.992542
3685,5212,1708,0.99258
3365,4363,2410,1.00542
3118,3783,3090,1.00547
3175,3933,2917,1.00552
2597,4009,3552,1.03394
2773,4346,3007,1.03398
2525,4448,3311,1.03402
3092,4487,2568,1.03411
3050,4776,2462,1.03421
3212,3987,2824,1.03429
2731,4635,2901,1.0344
3838,4567,1980,1.03444
3183,2713,4754,1.09104
4362,3637,2389,1.15557
1975,3812,4718,1.16243
2031,3909,4315,1.16251
1653,5035,3980,1.16256
1877,4728,3873,1.1626
1906,4226,4227,1.16265
1648,5717,3672,1.20639
1316,5950,4149,1.20653
2383,5776,2741,1.20658
2284,5948,2817,1.20663
2384,3791,3917,1.20667
3055,4002,3055,1.20673
1747,5545,3596,1.2068
2809,6108,2184,1.20685
1811,4033,4599,1.2069
2355,4293,3563,1.20697
2233,3692,4236,1.20716
2064,5635,3180,1.20722
2607,5469,2634,1.20728
1464,4636,4627,1.20733
2032,4644,3731,1.20738
2288,5328,3073,1.20744
2699,3327,4281,1.20758
2668,4875,2876,1.20764
2349,4734,3315,1.20772
2674,4434,3124,1.20799
1808,4951,3838,1.20808
4096,4078,2087,1.22537
5353,3914,1524,1.22549
3743,3804,2548,1.22554
6116,4040,1181,1.22578
4027,3357,2812,1.22589
3772,3171,3216,1.22594
5737,3798,1368,1.27623
4176,3609,2443,1.27638
4767,4468,1449,1.27645
4787,4946,1145,1.27653
5809,4209,1072,1.27675
5176,5213,871,1.2768
5189,5049,924,1.27684
5355,4374,1201,1.27689
5241,4781,1016,1.27695
4722,5378,1000,1.277
4735,5214,1053,1.27705
4041,3722,2452,1.27711
3794,4185,2276,1.27717
5851,4349,1011,1.27739
3023,3145,3763,1.30079
2562,3613,3871,1.30093
1551,4178,5136,1.301
2586,3818,3674,1.30105
2846,3297,3821,1.30111
2408,3537,4395,1.30116
2778,4225,3170,1.30127
2231,3689,4453,1.30137
1882,4102,4554,1.30143
1266,5079,5001,1.30148
3025,4805,2490,1.30153
2736,4514,3064,1.30159
2338,3920,3978,1.30165
2143,3798,4460,1.30171
3214,4041,2772,1.35016
3199,3482,3218,1.35035
4054,4321,1964,1.35041
1232,4691,5750,1.35049
1510,4253,5219,1.35054
1676,3982,5349,1.3506
1592,4113,5522,1.35066
5591,4355,1064,1.35071
5137,4520,1193,1.35078
3022,3634,3276,1.35084
2944,3296,3622,1.3509
5539,4623,972,1.35097
1426,4384,5392,1.35103
1150,4831,5447,1.35108
4039,3762,2410,1.35113
4444,2270,3626,1.35125
4622,4633,1457,1.35136
5085,4788,1101,1.35142
4047,2287,3905,1.35161
5421,3155,2098,1.35167
4850,2027,3643,1.35173
4640,2092,3709,1.35179
2355,5649,2885,1.35186
5537,3433,1812,1.35191
4590,3285,2475,1.36459
4716,3037,2613,1.43699
3726,2843,3575,1.43715
3705,2725,3773,1.43722
5329,4219,1386,1.43743
3517,2677,4054,1.4375
6044,2835,2057,1.43764
5166,3657,1877,1.43771
6212,3928,1309,1.43787
5384,4195,1378,1.43798
4062,2569,3664,1.45191
2091,4240,3975,1.492
3436,2526,4259,1.49216
2816,2929,4716,1.49222
2242,4339,3656,1.49228
3259,3866,2910,1.49241
2114,5013,3378,1.49267
3587,2625,3940,1.49274
2530,3881,3792,1.49281
3497,3399,3099,1.49287
2681,3980,3473,1.49294
4563,3636,2241,1.49299
3632,2348,4342,1.49305
1963,4914,3697,1.49312
3609,2838,3659,1.4934
3509,5605,1763,1.49348
4250,5570,1137,1.51818
3759,5501,1607,1.51842
3740,5367,1635,1.51848
4845,4951,1063,1.55144
3625,5683,1667,1.55166
4754,5365,1001,1.55172
4387,4555,1626,1.55178
4272,3814,2276,1.55194
4735,5231,1029,1.55204
4864,5085,1035,1.5521
2812,4717,2640,1.57156
3398,4552,2275,1.57173
3411,3751,2918,1.57186
3230,4368,2556,1.57205
3110,4868,2300,1.57212
2062,4742,3621,1.5722
3050,4250,2829,1.57227
2635,5483,2593,1.59823
2316,5342,3032,1.59843
2015,4875,3558,1.5985
3563,4980,1884,1.59858
3572,4163,2447,1.59874
3453,5260,1850,1.59889
3380,4171,2543,1.62531
3338,4460,2437,1.62556
5618,2746,2226,1.64165
4315,4513,1723,1.64179
5781,3308,1735,1.64192
5405,3443,1816,1.64203
5957,2463,2308,1.64212
5658,2177,2726,1.64218
5545,3572,1688,1.64226
5045,3415,2015,1.64238
4809,3679,1968,1.64245
4738,3445,2168,1.69969
5545,2304,2751,1.6999
4502,3709,2121,1.69996
4304,3314,2610,1.70003
3736,3886,2554,1.7001
5272,2669,2508,1.70017
5778,3211,1770,1.70035
4701,3297,2331,1.70041
4170,4017,2112,1.70055
5183,2714,2558,1.77366
3936,3613,2543,1.77382
4721,2669,2941,1.7739
5887,2898,2024,1.77398
5677,3227,1847,1.77404
4466,2483,3345,1.77415
5561,2949,2133,1.77422
5616,2925,2125,1.77428
5238,2690,2550,1.77435
5771,2620,2310,1.77441
3633,3888,2492,1.77448
5622,3251,1855,1.77456
4713,3926,1840,1.81297
4066,3693,2387,1.81307
5301,3832,1592,1.81316
5620,3931,1425,1.81324
5356,3808,1584,1.8133
4887,2175,3480,1.8136
3554,3155,3440,1.81367
4128,2986,3103,1.81412
2696,3968,3498,1.8142
2699,5461,2593,1.81433
2792,4153,3232,1.81459
1486,5906,3944,1.83271
2043,5822,3217,1.83287
2041,6253,3151,1.83294
1474,5358,4256,1.83315
4380,3631,2351,1.83321
5378,3875,1560,1.87911
1453,5868,4048,1.87929
2343,6198,2787,1.87936
3459,4120,2598,1.87948
1461,6110,3940,1.87956
3664,5786,1486,1.87963
3219,6521,1861,1.87978
2759,6223,2329,1.87984
2622,6501,2452,1.87991
4006,5458,1378,1.8802
3602,6036,1520,1.88041
1634,5536,3890,1.8805
4064,4749,1718,1.88057
1609,4796,4418,1.88066
4994,5314,957,1.88081
4058,5190,1470,1.88088
5221,3946,1597,1.88097
4044,4271,2022,1.88104
3356,6243,1738,1.88122
4201,4200,1985,1.88128
3895,3746,2608,1.95958
6249,4076,1146,1.95973
6177,3665,1442,1.96
4918,3077,2498,1.96023
6305,3450,1593,1.96055
5012,2767,2779,1.96103
4868,4029,1781,1.96125
3827,2976,3237,1.96715
4698,3706,1989,1.96734
4171,3440,2538,1.96742
4029,3545,2550,2.02236
3783,2729,3584,2.02257
5721,4625,902,2.02266
5755,3626,1523,2.02274
5447,3520,1712,2.02281
3685,3081,3249,2.02293
5708,4789,849,2.02309
5601,5081,765,2.02318
4418,3863,2092,2.02326
5502,3496,1704,2.02333
5501,4062,1321,2.0234
5556,4038,1313,2.02348
5065,4096,1545,2.02363
4189,2486,3601,2.02373
1170,5964,4532,2.05102
2701,4404,3141,2.0512
2446,4218,3545,2.05128
3280,2614,4287,2.05138
2384,4314,3557,2.05167
4184,2892,3185,2.05176
4581,2875,2906,2.05222
1615,4346,4774,2.09404
1733,3927,5090,2.09425
1461,5165,4332,2.09434
2394,3867,3896,2.09443
2519,3550,3984,2.09451
2642,3765,3592,2.0946
2141,4676,3649,2.09468
3765,2380,4108,2.0948
5076,4468,1328,2.09501
1289,4636,5491,2.09511
1255,4924,5002,2.09519
2365,4369,3542,2.09528
3513,2885,3617,2.09563
5233,4465,1201,2.1026
3841,3543,2702,2.17615
5493,4033,1415,2.17651
4142,4010,2176,2.17659
4814,3826,1875,2.17668
4531,4328,1718,2.17691
5040,4656,1206,2.17699
5494,4491,1077,2.17724
5442,4759,985,2.17732
5429,4923,932,2.17741
4657,3897,1912,2.17749
5046,4215,1454,2.17758
4397,3476,2480,2.17768
4887,3255,2391,2.26756
4009,3268,2934,2.28803
4943,4690,1217,2.36723
4485,4294,1780,2.36743
2833,5449,2337,2.37944
2213,4841,3302,2.37972
2532,4982,2863,2.3798
2514,5308,2776,2.37988
2791,4727,2739,2.37997
2738,5237,2459,2.40354
3374,5597,1837,2.40392
2471,4815,2977,2.404
3393,5731,1809,2.40419
2611,4609,3012,2.40427
2736,4292,3100,2.41386
2596,4498,3065,2.41402
2378,4450,3504,2.42818
2626,4348,3200,2.42839
3076,4072,2984,2.4285
4910,3528,2024,2.465
4396,3758,2140,2.46529
5073,2834,2489,2.46538
4494,3497,2294,2.46549
4105,3479,2591,2.46558
5744,3160,1898,2.46566
5581,2598,2389,2.46574
5382,3010,2179,2.46584
2554,4516,3237,2.50581
4551,4249,1770,2.50614
5655,1947,3193,2.50623
3882,4333,2137,2.50663
4367,3994,2029,2.50673
4911,2465,3036,2.5069
4690,2822,2828,2.50698
4647,2323,3523,2.50707
5394,2035,3213,2.50732
5425,2937,2231,2.59399
5369,3563,1784,2.59419
5388,2789,2394,2.59427
4420,3434,2496,2.59437
6107,3728,1405,2.59449
6035,3317,1701,2.59458
6163,3102,1852,2.59525
5212,3634,1821,2.5956
5133,3827,1737,2.59569
4976,3898,1774,2.59578
5574,2603,2504,2.59622
3934,4355,1966,2.81323
4358,4610,1616,2.81352
3650,4671,2016,2.81363
3589,5265,1774,2.81372
2959,4352,2733,2.81391
3553,4787,2035,2.814
3099,3649,3211,2.84654
1909,5719,3322,2.84678
2861,4116,3022,2.84688
2223,4316,3811,2.84698
1577,5952,3799,2.84707
2608,4925,2775,2.84715
1970,5125,3564,2.84725
2194,4818,3457,2.84733
1626,4810,4353,2.84742
4801,3290,2391,2.8476
3354,3835,2807,2.84779
4856,3266,2383,2.84805
3816,3880,2424,2.84814
5389,3196,2143,2.84823
5295,3803,1680,2.84832
5234,3501,1958,2.84844
5179,3525,1966,2.84854
5137,4181,1490,2.86132
5574,3581,1649,2.86148
4753,3185,2450,2.89449
4601,4184,1762,2.89473
5189,4090,1514,2.89485
6081,2983,1894,2.89512
5868,3680,1484,2.8952
5565,3955,1433,2.89528
5487,2751,2412,2.89537
5402,3393,1924,2.89566
2252,4775,3487,2.92163
2256,4652,3565,2.92171
2476,4468,3380,2.9218
1965,5807,3256,2.9486
2490,5967,2623,2.9489
2639,3977,3513,2.94898
3200,6387,1889,2.96921
5296,4757,1008,3.02495
4325,3275,2716,3.05717
5731,3769,1456,3.05746
5573,4147,1266,3.05776
5628,4123,1258,3.05785
5787,3143,1903,3.05794
5732,3167,1911,3.05803
5676,3793,1464,3.05811
5354,2932,2336,3.05822
4533,4606,1528,3.127
4560,3758,2080,3.12724
4575,4317,1634,3.12734
4004,3825,2302,3.12744
3740,3982,2370,3.16587
3456,4298,2420,3.16633
3725,3423,2816,3.16643
4281,3356,2594,3.16659
3548,3575,2874,3.16669
4198,4378,1807,3.16678
3366,5056,2082,3.16695
3934,5172,1553,3.16707
3760,4460,2066,3.16717
5595,3672,1589,3.17597
4139,3461,2606,3.22344
5756,3024,1978,3.22362
5107,2816,2504,3.22381
5700,3650,1531,3.22392
5168,3118,2226,3.22401
5112,3744,1779,3.2241
4710,2833,2783,3.22425
5162,2792,2496,3.22438
5557,3436,1768,3.22447
1406,5285,4456,3.24477
1150,5486,4836,3.28182
1206,5753,4571,3.28239
3857,3349,2918,3.2927
4020,2566,3704,3.2928
4069,2818,3395,3.29292
4176,2142,4163,3.35936
3971,2546,3784,3.35951
3613,3520,3008,3.35979
3476,2915,3728,3.35998
2326,3269,5024,3.38559
2004,3585,5348,3.38586
2149,3421,5082,3.38596
1416,5293,4450,3.38605
2321,3929,4060,3.38615
2439,3510,4376,3.38624
2061,3530,5089,3.38634
1759,3999,5059,3.38644
1655,4088,5242,3.38654
2792,2904,5069,3.38678
2741,3041,4406,3.38689
2351,3728,4186,3.41674
2616,3467,4121,3.41714
2407,3301,4600,3.41726
2537,3282,4479,3.41737
2558,3400,4281,3.41747
2337,4135,3888,3.64113
1765,4948,3953,3.64137
2369,5250,2983,3.64165
1916,5047,3634,3.64175
2514,3983,3830,3.64186
2220,5157,3298,3.66563
1587,4923,4301,3.66601
2767,4735,2813,3.66642
1446,5182,4542,3.66652
2993,5366,2289,3.72295
2692,4899,2815,3.72316
3346,3300,3418,3.72334
4034,4281,2087,3.80604
4335,4748,1561,3.80657
4573,4281,1750,3.80674
4492,4677,1524,3.80686
3959,4798,1712,3.86329
3917,5087,1606,3.86347
4359,4407,1744,3.86358
4317,4696,1638,3.86369
4534,4138,1887,3.86379
3589,5299,1715,3.89487
4393,4136,1957,3.89515
3865,4131,2275,3.89529
3699,5019,1749,3.89549
3527,5549,1749,3.89573
3496,4291,2429,3.89585
2391,4805,3243,3.89599
4018,5618,1279,3.89612
2820,4666,2838,3.89639
2107,5118,3508,3.89663
2551,5040,2764,3.93225
3009,5436,2201,3.93285
2928,5552,2263,3.93295
1703,5585,3738,3.93305
2186,5469,3091,3.93321
2644,5865,2528,3.93338
2663,5999,2500,3.93353
2789,4573,2953,3.93381
2068,5156,3411,3.93395
1784,5469,3676,3.93406
2676,4723,2852,3.96854
2995,4864,2413,3.96891
3203,4323,2601,3.96905
2311,5152,3179,3.96928
2193,4839,3499,3.96954
2774,4462,3006,3.96964
1909,5152,3764,3.96976
3228,4740,2403,4.00146
3270,4451,2509,4.00164
2951,4310,2948,4.00197
5490,1592,3614,4.02604
5800,1754,3202,4.02634
4743,1880,3924,4.02646
5503,2898,2234,4.02658
4253,4198,1978,4.02679
5304,3310,2024,4.02691
5405,3159,2080,4.02701
5156,1726,3738,4.02712
5149,1637,3941,4.02723
3409,2944,3798,4.02733
5008,3267,2178,4.02755
4547,2058,3841,4.02766
3782,2614,3823,4.02777
3966,3054,3139,4.06648
4190,2447,3683,4.06667
3926,2305,4170,4.06678
3868,2822,3522,4.06689
5216,1818,3576,4.06702
4414,3655,2281,4.06713
4934,2409,3037,4.0674
5340,2166,3054,4.06752
4836,2177,3420,4.06762
4613,3243,2491,4.06773
3824,3616,2756,4.06791
4288,2679,3300,4.06803
5526,1980,3164,4.06817
5617,3657,1633,4.08162
4116,2991,3165,4.0819
4388,4085,1969,4.11369
5308,2448,2757,4.11398
5317,2222,3053,4.11411
4340,3093,2859,4.11445
4902,3855,1853,4.11474
4603,3558,2177,4.12545
5379,4393,1192,4.12585
5613,3278,1782,4.12597
5470,3064,2019,4.12608
5685,3689,1486,4.12621
5799,3092,1892,4.12633
5871,3503,1596,4.12643
5927,2877,2043,4.12653
5082,3998,1563,4.1691
5154,4409,1267,4.16932
4164,3614,2505,4.16954
2985,2747,5010,4.28598
4028,4334,2087,4.37492
3893,4447,2096,4.37528
2575,3475,4192,4.39033
2185,4053,4169,4.39058
1898,5662,3426,4.39069
2320,4333,3545,4.3909
2445,4016,3633,4.39106
1816,5322,3631,4.42561
2002,4411,3961,4.42597
2418,4436,3503,4.4261
2321,4552,3522,4.42621
2260,5146,3280,4.42636
4063,4152,2113,4.44296
3308,4634,2267,4.44325
1999,4623,3918,4.44336
3024,4950,2317,4.44347
2637,4423,3129,4.44359
2963,5544,2075,4.44371
2927,5066,2336,4.44383
3644,5112,1768,4.44395
5240,3827,1688,4.44406
4512,4515,1588,4.46677
2133,5412,3215,4.46768
4750,4048,1777,4.46807
4372,3813,2202,4.46822
3646,5286,1765,4.46834
2452,5553,2776,4.46845
4194,4115,1999,4.46857
4088,4260,1938,4.46874
4578,4292,1730,4.57259
3369,6079,1791,4.5728
4405,3592,2387,4.6182
4583,3290,2590,4.61915
1560,5938,3864,4.67136
5536,3999,1429,4.85758
5591,3975,1421,4.85823
4610,4254,1742,4.86964
4523,3198,2752,4.91576
3712,3079,3378,4.91588
3967,3265,2974,4.91599
3516,3257,3295,4.91612
1130,6126,4636,4.91624
4677,4375,1608,5.01951
4979,4604,1341,5.07508
4163,2407,3791,5.21238
4359,2229,3874,5.21332
2542,6082,2593,5.44781
1850,5282,3757,5.44816
2536,5655,2669,5.47085
2235,5188,3195,5.47134
3577,2803,3843,5.50852
2377,4098,3723,5.50881
2252,4415,3635,5.50893
2210,4704,3529,5.50906
2993,3587,3482,5.50944
4269,2010,4308,5.52216
3762,2329,4221,5.52247
2044,4373,3912,5.52261
3566,2507,4138,5.52275
3389,2659,4196,5.52312
3795,4932,1742,5.68275
3630,4504,2133,5.71444
3439,4900,2161,5.71497
4398,4550,1607,5.71514
4379,5247,1230,5.71539
4269,5527,1196,5.71554
3840,5385,1545,5.71568
4846,4826,1230,5.71581
4613,4999,1205,5.73547
4307,4961,1405,5.76138
3849,4565,1968,5.76173
3797,4758,1903,5.76203
2181,5206,3175,5.78944
2223,4917,3281,5.78981
2910,4456,2794,5.78994
1698,5322,3822,5.79008
1999,5789,3296,5.79018
3302,4561,2364,5.83099
3035,4139,2882,5.849
2915,4639,2626,5.8495
2348,4600,3369,5.8498
3093,4603,2567,5.88253
2846,4023,3247,5.90348
5397,3486,1909,5.92601
4059,3230,3024,5.95462
5027,2585,2922,5.95507
5332,3415,1947,6.00686
6256,3394,1678,6.007
6312,2768,2125,6.0071
4801,4135,1728,6.05416
2969,4842,2532,6.23702
3965,2980,3211,6.46017
4220,3166,2807,6.46067
3515,2746,3907,6.46094
3931,3806,2396,6.49692
3498,3128,3447,6.4973
4022,2466,3780,6.49776
3753,3314,3043,6.49792
4445,3576,2280,6.49817
2276,5158,3252,6.55681
4484,4729,1496,6.55728
3076,3837,3182,6.64492
3268,4244,2678,6.64529
5519,3605,1657,6.64548
4490,3948,2037,6.64603
5513,3279,1927,6.64618
5458,3303,1935,6.6463
2124,5706,3155,6.76312
2062,5956,3189,6.76331
4935,2798,2820,6.95842
3204,3426,3471,7.23457
3381,3274,3413,7.23469
4810,2362,3320,7.23501
4511,4039,1977,7.23518
3778,3257,3134,7.23576
4801,2588,3024,7.23591
5594,4238,1206,7.28587
5649,4214,1198,7.28638
3025,2754,4482,7.35688
3374,2819,3907,7.35731
3345,3452,3239,7.35747
3223,2720,4226,7.3576
4379,4701,1556,7.35773
3629,3005,3503,7.35801
4935,4634,1334,7.35823
2684,3096,4665,7.39114
4524,3026,2832,7.39141
2335,3599,4559,7.39157
3877,2837,3480,7.39172
5993,3399,1724,7.60172
2809,2995,4884,7.79558
3093,2724,4781,8.09179
3776,3392,2944,8.15455
2205,5603,3063,8.40889
2267,5353,3029,8.40905
2369,5623,2885,8.42659
2947,5509,2322,8.42687
2392,5036,3117,8.47425
2320,4312,3789,8.5689
4973,2343,3078,8.61872
3867,3946,2402,8.61904
5283,2505,2666,8.61919
4232,4107,2038,8.61933
4005,2988,3180,8.61947
3795,3317,3003,8.61974
3605,2766,3881,8.61988
4763,2672,2901,8.62017
4048,3329,2764,8.64026
4960,1904,3655,8.64041
5224,2046,3168,8.64054
5350,1798,3579,8.64068
5357,1887,3376,8.64099
4953,1815,3858,8.64112
2827,4530,2988,8.64125
4816,3971,1811,8.67136
4416,4362,1779,8.6719
3999,2132,4380,8.67209
5344,3438,1912,8.67232
5933,2606,2241,8.67246
5557,2741,2322,8.67258
5930,2974,2008,8.67272
4792,2971,2654,8.67285
5767,2412,2499,8.67299
4482,2809,3066,8.67314
4570,2088,3839,8.6733
4046,2750,3506,8.67343
4150,2231,4061,8.67357
3948,2518,3889,8.67371
5457,2250,2911,8.67399
5002,2642,2831,8.67412
5347,1568,4046,8.69799
4950,1585,4325,8.69835
5618,1799,3356,8.69852
4169,2329,3881,8.69864
4544,1828,4308,8.69878
4957,1674,4122,8.69892
4551,1917,4105,8.69905
4304,1855,4588,8.6992
5354,1657,3843,8.6995
5242,1934,3437,8.69963
4815,2059,3618,8.69976
5221,1816,3635,8.69993
4054,4264,2093,8.75226
5606,4084,1304,8.75266
5590,3047,2047,8.75301
5534,3673,1600,8.75316
4966,4245,1544,8.75335
5038,4656,1248,8.75363
4512,4660,1530,8.7538
5451,4478,1137,8.7936
5558,4186,1221,8.79403
5486,3775,1517,8.79418
5542,3149,1964,8.79433
4574,3794,2066,8.79448
5442,2658,2553,8.79464
5032,4190,1503,8.79497
5364,2932,2327,8.89136
5048,3983,1719,8.95148
2525,5018,2883,9.01989
2650,4701,2971,9.02026
4264,3898,2235,9.13121
4450,1947,4260,9.30366
4355,4061,2046,9.30401
4709,1958,3843,9.34176
3590,2504,4264,9.34209
4063,2228,4106,9.34225
6075,2954,1982,9.3424
6020,2978,1990,9.34254
4185,2620,3510,9.34271
4440,2806,3106,9.34287
3741,2603,3945,9.34326
5636,2417,2685,9.34341
5019,2120,3431,9.34354
5205,2576,2774,9.3437
5260,2552,2766,9.34438
4902,2851,2723,9.34452
2173,3778,4462,9.35328
1908,4039,4527,9.35361
1585,4390,4695,9.3539
1385,5545,4303,9.37827
1717,5312,3826,9.37871
1778,4718,4068,9.37886
2036,5453,3387,9.37903
1807,4216,4422,9.37917
1446,4951,4545,9.37936
1941,5005,3719,9.37951
1414,5043,4657,9.3797
1638,5358,4041,9.46483
4231,4521,1769,9.4731
3930,4054,2295,9.52488
4486,3987,2073,9.52552
1722,6112,3590,9.64677
4555,3492,2336,9.75839
4499,4118,1889,9.7588
5676,4021,1341,9.75932
4536,3353,2508,9.75965
4272,5059,1409,9.77878
4252,4581,1713,9.77949
3814,4663,1972,9.77971
3988,5375,1459,9.77988
2960,4207,2957,10.087
2130,4000,4250,10.0873
2414,3684,4200,10.0875
3052,3484,3411,10.0876
3785,3265,3131,10.0878
3229,3332,3353,10.0879
4518,4047,1974,10.0881
3573,3796,2654,10.0882
3962,4114,2196,10.0884
3244,3891,2907,10.0886
2591,3532,4142,10.0887
2964,5399,2248,10.1031
2833,4398,2994,10.1037
2772,4992,2752,10.1038
2716,5501,2552,10.104
4291,4633,1684,10.1041
2745,3062,4390,10.242
2492,3295,4566,10.2425
1704,4803,4240,10.27
1751,4148,4674,10.2705
1766,4707,4228,10.2706
3172,3108,3892,10.3745
2880,2918,4748,10.4513
2937,2863,4489,10.4517
2084,5089,3514,11.1633
1211,5443,4858,11.19
3773,2625,3926,11.2107
3164,2647,4944,11.2112
3769,2604,3942,11.2303
3092,5194,2213,11.3274
2652,4482,3119,11.3389
2166,4992,3388,11.4017
2334,5016,3119,11.4123
2454,4516,3375,11.4128
2143,4464,3847,11.4432
2803,4196,3142,11.4522
3330,3568,3140,11.4701
3577,4148,2460,11.4706
3526,3390,3223,11.4708
4746,3877,1922,11.5522
4450,2126,3906,11.5526
3955,2495,3850,11.5527
4957,1807,3993,11.5529
4529,2326,3513,11.5531
5457,2114,3030,11.5818
5060,2131,3309,11.5822
3808,3223,3147,11.5824
5147,1952,3442,11.5826
5247,2443,2853,11.583
3856,4215,2257,11.5832
4205,3206,2868,11.5834
4850,2460,3132,11.5835
3801,2166,4636,11.5966
4308,1847,4723,11.597
4122,2127,4253,11.6329
4747,1739,4188,11.6333
5153,1496,4205,11.6335
4740,1650,4391,11.6336
4866,2089,3607,11.6339
4768,1857,3990,11.6342
4220,2359,3870,11.6344
5741,3063,1933,11.6479
5645,2795,2162,11.6869
5589,3421,1715,11.6874
5661,3832,1419,11.6877
4367,3278,2676,11.6879
5135,3836,1701,11.6881
5207,4247,1405,11.6882
5335,2633,2574,11.6885
5615,4129,1239,11.7362
5507,3866,1457,11.7617
5563,3240,1904,11.7622
4595,3885,2006,11.7624
5365,2845,2393,11.7625
5053,4281,1443,11.7627
3247,5228,2025,12.4379
2862,5834,2254,12.453
3547,5228,1787,12.4533
4514,5598,1001,12.507
3361,6142,1692,12.5075
5078,5153,906,12.5077
5482,4930,860,12.5078
5666,4581,954,12.508
4624,5318,1035,12.5081
5679,4417,1007,12.5083
5534,4662,952,12.5085
4676,5050,1127,12.5086
4574,4952,1220,12.5088
4968,5433,872,12.5091
3397,5171,1934,12.5392
4634,4660,1361,12.5396
5088,4495,1232,12.5398
4139,5251,1321,12.5399
3063,5758,2007,12.5401
2346,5643,2924,12.5402
3681,4855,1884,12.5404
4115,4212,2059,12.5405
3855,5567,1371,12.5407
4087,5519,1229,12.5409
3287,5451,1900,12.541
4119,4773,1625,12.5413
4074,5683,1176,12.5415
2744,5617,2446,12.5418
4939,5466,895,12.6619
5393,5301,766,12.662
5027,5274,859,12.6968
5533,4841,822,12.6972
5481,5109,730,12.6973
5079,5006,951,12.6975
2205,3518,4679,12.8581
3395,3304,3301,12.8585
3081,2851,4079,12.8589
3140,3118,3705,12.8591
4235,3584,2493,12.8593
3157,3771,3112,12.8595
2833,2953,4383,12.8598
2902,3585,3516,12.8601
2843,3318,3890,12.8603
3569,2558,4025,12.8848
2080,5270,3407,12.8852
2645,5258,2687,12.8854
2328,5168,3103,12.8856
2295,3857,4091,12.8857
2413,3438,4407,12.8859
2356,3493,4666,12.8861
4167,2368,3867,12.9598
3672,2737,3811,12.9607
3980,2320,4080,12.9895
5419,5182,851,13.1084
5471,4914,943,13.1097
5023,4638,1320,13.1101
3429,2592,4427,13.4591
1187,5889,4630,13.8017
1223,5678,4669,13.8023
3783,2447,4023,13.9388
3458,2739,3978,13.9393
4460,5308,1081,13.9746
3704,5346,1680,13.9754
4081,4517,1826,13.9756
4539,4913,1263,13.9758
3435,4275,2459,13.976
4002,4912,1644,13.9762
3814,5066,1714,13.9763
4408,4646,1566,13.9888
3950,5105,1579,14.002
3649,4638,2105,14.0025
4088,4900,1570,14.024
2041,5309,3300,14.0936
2329,4833,3287,14.1028
2178,4734,3606,14.1032
3153,3720,3198,14.1888
4133,3869,2275,14.3674
4591,4265,1712,14.3679
5061,3954,1614,14.3966
5133,4365,1318,14.397
5628,3996,1374,14.3972
5612,2959,2117,14.3974
5556,3585,1670,14.3977
5117,3328,2061,14.3979
5098,3189,2233,14.3981
4793,4013,1795,14.6225
2337,3942,4003,14.6233
2613,3612,3929,14.6235
4490,4288,1744,14.6236
4237,4080,2017,14.6238
4492,3546,2321,14.624
2753,4061,3273,14.646
2468,4962,3138,14.6464
2782,3559,3627,14.6466
2878,3744,3361,14.6467
3917,3441,2756,14.6469
3037,3745,3223,14.6471
4733,3795,1966,14.6473
3624,3473,2928,14.6474
4002,3708,2503,14.6476
4295,3676,2331,14.648
2549,5437,2757,14.7916
5110,4407,1302,14.8806
4006,3769,2498,14.8811
4554,4474,1524,14.8813
3926,3796,2480,14.9046
4304,4031,2055,14.9047
4762,4427,1492,14.9049
4899,4079,1653,14.9051
3267,4973,2204,14.9174
2779,6071,2272,14.9178
3043,5280,2311,14.918
3075,4566,2708,14.9182
4993,5347,866,14.9361
2379,6046,2773,14.9366
2663,5733,2508,14.9368
5006,5183,919,14.9369
3345,5822,1838,14.9372
5643,3957,1419,15.01
5698,3933,1411,15.0102
2520,3902,3765,15.1724
2296,4209,3872,15.1729
3824,5452,1519,15.1891
4681,5011,1147,15.1898
3743,5568,1581,15.19
4545,4985,1243,15.2105
3683,3712,2710,15.2112
3643,3370,3143,15.2486
4157,3140,3027,15.2494
2038,5559,3301,15.3997
2099,4965,3543,15.4001
2595,3420,4194,15.4004
2477,3839,3878,15.4005
2352,4156,3790,15.4007
2128,4463,3897,15.4009
2323,4658,3436,15.401
2382,3366,4621,15.424
4078,4234,2082,15.6089
3125,2644,5059,16.2268
3585,2481,4279,16.2672
2483,4014,3729,16.2796
4427,4780,1538,16.4013
4429,5193,1229,16.4113
4798,5033,1075,16.4119
3893,4671,1896,16.412
4107,5034,1542,16.4463
4984,3410,2111,16.6706
4470,3640,2227,16.6711
5479,3041,2167,16.6713
4555,2935,2837,16.6827
5050,2566,2893,16.6831
3882,3105,3234,16.719
4540,2298,3544,16.7196
4563,1999,4042,16.729
6045,2045,2801,16.7516
4594,2248,3626,16.7524
5428,1748,3547,16.7526
4969,4714,1216,16.806
4918,4394,1452,16.8408
4460,3998,2015,16.8411
4974,3768,1899,16.8414
3483,4267,2535,17.1157
3993,3099,3112,17.3356
4940,3207,2336,17.3365
4507,2869,2996,17.3367
5075,3645,1926,17.3369
5589,3415,1810,17.337
4995,3183,2328,17.3372
4215,3359,2660,17.3542
4593,3594,2235,17.3548
5244,3016,2280,17.3551
2289,5266,3125,17.4555
2325,5744,2864,17.4561
4299,3737,2326,17.5992
4446,1955,4125,17.9232
4453,2044,3922,17.9238
4040,2198,4108,17.924
4843,1938,3846,17.9243
4895,2278,3305,17.9509
2325,3950,4044,17.9515
2443,3531,4360,17.9517
2627,3481,4074,17.9521
4950,2254,3297,17.9523
4498,2295,3584,17.9527
4125,2528,3672,17.9529
2688,3117,4649,17.9531
4070,3307,2876,18.2667
3434,2382,4598,18.6269
2370,3996,3951,18.6274
2332,3915,4048,18.6389
3924,2374,4023,18.6757
3671,3008,3463,18.6927
3525,5665,1757,18.7624
2802,5126,2594,18.7759
2721,5242,2656,18.7766
4296,4605,1698,18.8778
3029,4260,2928,18.8781
3896,4996,1666,18.8783
2889,4466,2893,18.891
2667,4741,2930,18.925
4589,3386,2424,18.9778
4360,2417,3662,18.9788
5247,2579,2734,18.9792
5896,2379,2528,19.1056
4970,3188,2291,19.1061
4660,3026,2703,19.1064
5520,2514,2609,19.1065
5454,3095,2124,19.1068
3902,3342,2982,19.1264
5449,3627,1680,19.1705
5008,2527,2995,19.1714
4140,3663,2508,19.1717
5067,4453,1370,19.1719
5521,4038,1384,19.172
5505,3001,2127,19.1722
4995,4042,1666,19.1724
5108,3018,2406,19.1726
4040,3172,3097,19.1728
5398,5091,911,19.813
5472,4735,1073,19.8596
3020,3166,3832,20.1355
2772,3268,4136,20.1365
2715,3372,4067,20.1588
5238,4081,1525,20.4801
3895,2227,4472,20.5719
3713,2499,4137,20.609
2467,4989,3137,20.716
2672,3527,3981,20.8295
3608,5433,1687,21.0991
4228,5356,1223,21.0998
3718,5153,1721,21.1
3770,4960,1786,21.1002
3299,4287,2605,21.3071
4490,4244,1866,21.3537
4799,3057,2601,21.3888
5900,2770,2196,21.4019
5405,3139,2140,21.403
4034,2042,4626,21.5233
4680,1772,4363,21.5237
4003,2419,3985,21.536
5859,2231,2691,21.5592
5483,2366,2772,21.5598
4515,3011,2874,21.5601
5494,2526,2624,21.5728
5540,3046,2071,21.5993
4250,3782,2296,21.616
4650,3391,2328,21.6168
4236,2234,4001,22.2809
3070,4151,2857,22.3897
3009,4745,2615,22.3902
3910,4431,2049,22.3904
5341,3091,2202,22.4721
4650,4601,1506,22.4888
5432,2775,2420,22.4891
4904,3909,1813,22.4894
4977,4049,1681,22.4896
5280,3774,1732,22.4898
5032,4025,1673,22.49
3289,2546,4864,23.0848
1727,4820,4176,23.1433
3378,3040,3635,23.1919
4073,2188,4225,23.2027
3064,3637,3236,23.2032
2500,4313,3331,23.2034
4566,5081,1217,23.5406
3124,4718,2419,23.6569
3582,5114,1856,23.6574
3014,4998,2385,23.6576
2695,4857,2824,23.6578
5016,2684,2662,23.8372
5422,2441,2679,23.8379
4619,2701,2941,23.8381
5025,2458,2958,23.8385
4337,2387,3664,23.8387
4743,2144,3681,23.8389
5457,2378,2787,23.8391
3673,3086,3311,23.8554
3920,3666,2631,23.8558
4097,3514,2573,23.856
4735,2821,2827,23.912
5141,2578,2844,23.9126
4514,4101,1933,23.9339
5368,3295,1979,23.9345
3847,2704,3720,23.9707
4342,2335,3776,23.9711
3838,2220,4543,23.9713
4486,3740,2226,24.0009
5515,2617,2564,24.0143
2846,4458,2964,24.7552
5150,3326,1999,24.8642
4768,3902,1832,24.8649
4654,3599,2139,24.8781
4272,4175,1972,24.8787
5169,4370,1312,25.5169
5221,4303,1320,25.5298
5263,4443,1259,25.5304
5859,3554,1607,25.5684
6000,4015,1284,25.5976
5441,3194,1982,26.1538
5386,3218,1990,26.1543
4617,3451,2302,26.1782
5319,3660,1747,26.1787
5264,3684,1755,26.1789
5534,3370,1867,26.2103
5479,3394,1875,26.2108
5612,3412,1760,26.2395
5318,4226,1364,26.2693
5772,4061,1235,26.2699
4965,4677,1258,26.5391
5274,3961,1557,26.5398
4971,4236,1506,26.54
4541,4422,1608,26.5402
3681,5445,1680,26.5406
4120,3945,2188,26.5717
4423,3670,2239,26.5725
4979,3603,2017,26.5728
4064,3203,3023,28.2604
2920,3425,3677,28.2681
4577,2705,3131,28.4003
3986,2544,3827,28.4132
3790,2722,3744,28.4302
4155,4603,1768,28.7104
2570,5174,2736,28.7759
2489,5290,2798,28.7764
3509,4361,2401,28.848
5597,2172,2822,28.9813
5287,2010,3234,28.982
5590,2083,3025,28.9823
5280,1921,3437,28.9825
3745,2824,3673,28.9827
4319,2655,3336,28.9829
4315,3150,2768,28.9912
4680,3311,2404,28.992
3741,3319,3105,28.9924
4381,3716,2286,29.0017
4937,2281,3265,29.0432
4533,2209,3747,29.0436
4946,2055,3561,29.0438
4939,1966,3764,29.0441
4935,2868,2652,29.0931
5127,3013,2375,29.1144
5503,2878,2294,29.115
4480,2824,3023,29.1153
4461,2685,3195,29.1155
5542,3475,1723,29.1699
5578,3981,1402,29.187
5159,3693,1768,29.1874
4127,3466,2668,29.1879
4197,3606,2526,29.1881
5577,3412,1831,29.1974
4897,4303,1512,29.2334
4953,3677,1959,29.2341
4439,3907,2075,29.2343
4549,3900,2005,29.2346
5026,4657,1234,29.2479
4675,3969,1881,29.2484
5717,3206,1866,29.2584
4887,3111,2441,29.2744
4959,3522,2145,29.2753
5703,2570,2533,29.5878
5293,1894,3469,30.2109
5832,2922,2032,30.2321
4803,3265,2412,30.2328
3470,4314,2416,30.7473
4978,4729,1174,30.748
4520,4333,1737,30.7482
4116,4556,1783,30.7484
3706,5235,1669,30.7596
3816,4955,1703,30.761
3938,5187,1527,30.7615
4048,4907,1561,30.7618
4604,4840,1339,30.7623
4656,4572,1431,30.7625
4035,5071,1508,30.7627
4758,3866,1926,30.7779
4384,4192,1917,30.7906
5023,4927,1087,30.8078
4569,5092,1216,30.8084
3725,5369,1641,30.8087
3835,5089,1675,30.8089
4067,5041,1533,30.8091
3957,5321,1499,30.8093
4054,5205,1480,30.8095
1466,5428,4248,30.8825
5225,3744,1759,30.9618
5280,3720,1751,30.9623
5224,4346,1304,30.9625
5283,4921,955,30.9627
3285,4976,2122,31.5276
4186,3999,2092,31.5282
3569,4660,2072,31.5284
4216,3294,2779,31.5429
3660,3361,3001,31.5439
3483,3513,3059,31.5442
3827,3977,2360,31.5444
4733,4743,1239,31.5479
5135,4846,1018,31.5482
5187,4578,1110,31.5484
3845,4616,1962,31.5721
4129,4300,1912,31.5728
5087,4024,1531,31.5731
4303,5012,1399,31.5733
4114,3741,2358,31.5735
4425,5244,1223,31.5738
4522,5128,1204,31.5741
5064,4447,1397,31.6024
4499,5551,1070,31.603
4676,3778,2003,31.6384
5113,3178,2162,31.639
5456,2929,2305,32.5885
5395,2627,2583,32.5891
4844,3616,2076,34.1614
3686,3283,3151,34.1626
4933,3040,2454,34.163
4330,3846,2192,34.1633
4654,2638,3049,34.1635
5051,2621,2770,34.1638
4536,3057,2733,34.164
3474,3498,3101,34.1842
5417,2947,2287,34.2071
4089,3091,3090,34.2331
5080,4088,1586,34.4136
5210,3783,1714,34.4809
5268,4252,1309,34.4927
5196,3841,1605,34.4933
4810,3856,1872,34.4935
5635,3651,1608,34.5021
5614,3560,1668,34.5274
5175,3486,1984,34.6221
4915,3978,1770,34.8511
4487,3739,2174,35.478
5001,3509,2058,35.4785
4500,3552,2272,35.4788
1746,4810,4180,35.5616
4492,4547,1645,36.0828
3395,4892,2178,36.8023
4087,4589,1806,36.8284
4339,2631,3357,37.0822
4084,2445,3761,37.0829
4221,3050,3041,37.0834
4683,3095,2658,37.0836
4280,2267,3844,37.1337
4417,2872,3124,37.1342
4940,3901,1844,38.6963
4892,4052,1745,38.7178
2266,4085,4134,39.5444
2195,4490,3742,39.7944
2640,4107,3366,39.8855
3079,3748,3183,39.8865
4379,5424,1143,40.0004
3869,5221,1641,40.0247
5258,2526,2820,40.422
4551,2381,3511,40.4229
4861,2543,3099,40.4232
4523,3977,2032,40.5204
4715,4122,1755,40.5429
4928,3425,2165,40.5434
4631,3737,2084,40.7217
4678,3384,2389,40.7275
2995,4830,2472,40.9959
1321,5268,4457,41.0722
1289,5360,4569,41.0886
1621,5127,4092,41.0893
1845,4820,3985,41.0895
1513,5053,4462,41.0897
2800,4710,2780,41.2381
3239,4351,2597,41.2387
3804,4576,1988,41.2422
3707,4692,2007,41.2425
2760,5937,2300,41.4307
3581,4837,1974,41.4531
4039,5233,1411,41.4537
3755,5549,1461,41.454
3297,5153,2024,41.4543
3987,5501,1319,41.4545
3877,5781,1285,41.4547
4887,5549,934,41.455
5049,5001,1060,41.4552
4997,5269,968,41.4554
4493,5068,1282,41.4557
4919,4557,1349,41.466
4478,4743,1542,41.4819
4020,4347,2105,41.4827
3461,6160,1602,41.4865
3774,5683,1433,41.5008
3206,5567,1962,41.5027
3896,5915,1257,41.5031
4058,5367,1383,41.5034
4006,5635,1291,41.5037
4452,5848,1035,41.5042
4906,5683,906,41.5044
3902,4315,2142,41.8418
3210,3637,3217,41.8521
3033,3789,3275,41.8529
3914,4694,1857,41.8644
5115,4368,1322,41.865
4661,4533,1451,41.8653
4718,4184,1685,41.8789
4844,4147,1659,42.8856
4456,4349,1770,42.9131
4496,4112,1958,42.9796
4458,5029,1325,43.9602
3531,4239,2463,43.961
4360,5290,1171,43.9725
3902,4894,1734,43.9732
3850,5087,1669,44.045
5045,3850,1726,44.5699
5117,4261,1430,44.5709
5010,4553,1346,44.5713
5173,3635,1877,44.5717
4574,4120,1825,44.5891
4598,3401,2382,45.4371
4218,3908,2230,45.4501
3532,4196,2474,45.6391
2346,4188,3876,45.7563
4524,4894,1303,45.8048
5080,4827,1081,45.8057
5028,5095,989,45.8061
4918,5375,955,45.8063
4472,5162,1211,45.8066
5372,5210,826,45.807
2360,5912,2801,45.8284
2460,5930,2711,45.8664
2651,5836,2527,45.867
2887,5426,2401,45.8882
1803,5996,3528,45.8976
3281,6271,1827,46.0031
3693,5622,1582,46.026
3300,6405,1799,46.101
1429,5257,4444,47.0334
1554,4940,4532,47.0339
1194,5518,4760,47.0342
2706,4664,2929,47.0384
3138,4076,2976,47.0617
3804,4115,2305,48.7451
4262,4511,1742,48.7459
4288,4830,1573,48.7858
3920,4393,2131,48.8126
4356,4839,1501,48.8235
3252,4320,2561,50.6841
3349,4204,2542,50.6847
2735,4659,2840,50.685
3177,4447,2609,50.7011
4473,3374,2534,50.7114
4939,3009,2579,50.712
4776,3099,2585,50.7123
5299,2992,2272,50.7377
1709,5123,3914,51.0235
1497,5618,3991,51.0405
1625,4944,4269,51.0411
1444,5276,4427,51.0414
1596,5446,3915,51.0417
1776,5043,3950,51.0427
2441,5796,2739,51.1145
3407,5572,1804,51.115
3891,3120,3192,51.968
3695,3298,3109,52.019
4287,3560,2424,52.5849
3840,3949,2397,52.6024
4829,3588,2105,52.6032
3496,3485,3096,52.6035
4676,3878,1966,52.6141
3763,2462,4186,53.5233
3531,4835,2030,54.0594
3618,5135,1811,54.0816
3400,4300,2518,54.2298
3046,4222,2849,54.2366
5550,2652,2525,54.4686
4951,3858,1802,54.7548
3454,4959,2111,55.739
2674,5253,2598,55.7559
3414,2923,3802,55.7769
3369,3287,3332,55.7777
4131,3154,3015,55.7779
3171,3712,3189,55.7914
3049,3111,3862,55.7916
3455,3396,3139,55.7919
3228,5087,2226,56.0528
3167,5681,1984,56.0534
3944,2541,3867,56.8036
3881,2500,3994,56.8262
1905,6224,3288,58.0422
2521,3164,4957,58.1854
3641,5106,1780,58.7631
3660,5240,1752,58.79
4166,4598,1749,58.8244
2921,4539,2761,58.9538
4790,3540,2140,59.2518
4949,2717,2837,59.2531
4543,2960,2820,59.2534
4146,2977,3099,59.2536
4552,2734,3116,59.2539
4165,3116,2927,59.27
4412,3696,2247,59.2706
3876,3172,3189,59.2709
4989,3128,2350,59.2769
5660,1960,3167,59.2773
5148,2305,3047,59.2775
4742,2548,3030,59.2778
4345,2565,3309,59.278
4751,2322,3326,59.2783
4364,2704,3137,59.2947
4611,3284,2457,59.2953
4187,2856,3195,59.2956
4075,2760,3399,59.2959
4100,2562,3624,59.2962
4963,3362,2273,59.6144
4311,1944,4385,59.7274
5000,3510,2110,59.7717
5026,3256,2247,59.835
4972,3016,2489,59.846
5164,3161,2212,59.8465
5327,3723,1721,59.8647
4457,2880,3022,59.9118
2683,3549,3822,60.7378
3340,3789,2978,60.7386
4899,3868,1856,60.7892
5030,3961,1769,60.9746
4843,3607,2091,61.382
4540,3882,2040,61.3827
4898,3583,2083,61.3835
2658,6009,2503,61.508
5959,4111,1218,61.8083
3380,6099,1751,61.9094
3299,6215,1813,61.9298
3318,6349,1785,62.098
5865,3583,1519,62.3805
5907,3723,1458,62.3813
5411,3748,1648,62.3817
5143,3566,1886,62.3883
5088,3590,1894,62.3891
4690,3379,2327,62.4042
5277,3677,1767,62.4049
5804,3578,1615,62.5158
4839,3045,2600,62.5431
5701,3932,1417,62.6794
4634,3092,2662,63.6334
4237,3109,2941,63.6344
4689,3068,2654,63.6346
4256,3248,2769,63.6538
4653,3231,2490,63.6546
4786,3694,2059,63.655
5240,3529,1930,63.6553
5629,3847,1472,63.7082
2711,3351,4083,64.2141
2950,3207,3927,64.2311
3834,4390,2149,64.2374
4335,3819,2171,64.253
4724,4137,1713,64.3765
1419,5262,4483,64.4664
1803,3893,5009,64.4673
1187,5166,4989,64.4675
1305,4747,5305,64.4678
1547,4588,4761,64.468
1706,4094,4994,64.4688
1927,4182,4334,64.4863
2330,3610,4384,64.4866
2156,5525,3182,66.5814
3210,3857,3039,66.7074
4073,2652,3631,66.7163
3566,2971,3544,66.7169
3448,3390,3228,66.7173
3432,5007,2106,66.7808
4371,3491,2518,66.7894
3997,5314,1508,67.0639
4341,4329,1892,67.2176
2618,5446,2700,67.2907
2085,5936,3150,67.3385
2165,5243,3351,67.4025
2711,5177,2678,67.442
3024,4700,2509,67.4468
4965,3271,2283,67.6171
4629,2817,2924,67.6176
4619,3249,2475,67.6285
4309,3087,2887,67.6291
4839,2488,3101,67.6346
5276,2416,2869,67.6351
4964,1896,3790,67.6447
4469,2265,3734,67.645
4829,2920,2652,67.6453
4519,2758,3064,67.6456
4891,3389,2196,67.6635
3969,2926,3367,67.7373
4086,2713,3530,67.752
5140,1863,3645,67.7797
4179,2597,3544,67.7808
5450,2025,3233,67.7811
4007,2440,3969,67.7961
4632,2388,3405,67.7973
4734,2370,3385,67.8032
4083,3266,2872,67.8037
4479,3455,2440,67.8193
4944,3123,2421,67.8451
4547,3140,2700,67.8458
4562,3099,2648,67.8585
5143,2711,2631,67.8668
4746,2728,2910,67.8674
4761,2687,2858,67.8796
4911,3011,2585,67.8858
4028,3224,3052,67.8984
6136,2188,2621,67.9098
5760,2323,2702,67.9113
4489,2895,3013,67.9118
5450,2161,3114,67.912
4356,2912,3094,67.9216
4891,3369,2256,67.945
5421,1659,3750,67.9639
4315,1936,4520,67.9736
4605,1998,4085,68.104
4507,1766,4468,68.1696
4909,3286,2337,68.2267
5484,2739,2466,68.2722
4989,3108,2410,68.2731
4526,3171,2726,68.3395
4854,2863,2743,68.469
4647,3639,2159,68.6374
4997,3340,2177,68.6418
5088,3890,1709,68.6578
5016,3479,2005,68.6581
5196,2928,2387,68.6643
4799,2945,2666,68.6649
4818,3084,2494,68.6802
5287,3478,1919,68.6809
4529,3140,2756,68.6812
5215,3067,2215,68.6816
4641,3236,2552,68.6819
5708,2583,2507,68.757
5638,2706,2365,68.8096
5263,3621,1852,68.8253
5191,3210,2148,68.8263
4881,3048,2560,68.8274
5848,2377,2542,68.8313
5538,2215,2954,68.8319
5401,2881,2325,68.8462
5352,3763,1693,69.0162
5551,3351,1903,69.0403
5660,3910,1444,69.5799
2183,4761,3561,70.2882
2416,4518,3279,70.3009
3116,4227,2771,70.3017
2832,4543,2821,70.3021
2355,5112,3037,70.321
2771,5137,2579,70.3219
4277,2652,3376,70.3882
5238,1918,3477,70.3885
5176,2625,2761,70.3891
3962,2405,4001,70.4042
4457,2036,4057,70.405
4267,3084,2927,70.4054
4729,3129,2544,70.4056
4012,2898,3331,70.406
5554,2860,2336,70.4132
5764,2531,2513,70.4362
4255,2373,3829,70.6553
4329,3533,2531,70.6646
1545,4961,4350,70.7079
1574,4459,4704,70.7092
1682,4533,4334,70.7193
4622,3626,2165,71.047
4121,3669,2379,71.0476
4068,2925,3324,71.0552
4580,3463,2271,71.0558
5265,3508,1909,71.0766
4883,4084,1742,71.0775
4828,4108,1750,71.0778
5210,3532,1917,71.0781
4709,3575,2131,71.0783
4464,3420,2522,71.2775
4519,3396,2514,71.2781
2620,4219,3424,71.4065
1910,4043,4404,71.4729
1933,4816,3807,71.4739
1782,4717,4126,71.4743
2061,4142,4085,71.4747
2186,3825,4173,71.4751
1881,4545,4050,71.4756
2131,4600,3670,71.4872
2223,4139,3897,71.4879
2415,4284,3620,71.4882
3295,5710,1865,71.6767
3392,5594,1846,71.6778
2027,5689,3421,71.7677
3057,4091,2887,73.0881
3001,4600,2687,73.0894
2809,4193,3191,73.0899
2758,3406,3828,73.0993
3906,3701,2603,73.1003
3562,3237,3302,73.1006
2870,3502,3624,73.1011
3047,3350,3566,73.1014
4310,4578,1699,73.1156
3795,4691,1963,73.1163
4641,2445,3314,73.269
4579,3152,2598,73.2697
4180,2712,3305,73.27
4244,2462,3593,73.2703
4084,3521,2542,73.2706
4524,3176,2606,73.2709
4586,2469,3322,73.2712
4235,2688,3297,73.2715
4146,3332,2713,73.2861
4161,3891,2267,73.287
4600,2917,2727,73.2874
4543,3315,2434,73.2877
3802,2868,3412,73.2879
3625,3020,3470,73.2883
4968,3470,2140,73.3186
4974,3796,1870,73.319
4473,3839,2084,73.3193
4913,3494,2148,73.3196
4550,4209,1809,73.334
4932,3633,1976,73.3347
4989,3235,2269,73.335
4672,3427,2294,73.3454
5188,2823,2479,73.3606
4693,3093,2612,73.4886
4708,3207,2482,73.5872
3789,2524,3974,74.8401
4186,2507,3695,74.8409
4044,2710,3570,74.8412
4377,2303,3801,74.9523
3593,2702,3891,74.9699
3990,2685,3612,74.9709
1702,4054,5318,75.3583
1281,4996,4971,75.3825
1925,3728,5189,75.3834
2605,3239,4506,75.4836
2085,3617,4924,75.6238
1639,4321,4803,75.635
1871,4417,4297,75.6353
1459,4491,5061,75.6498
1985,3642,4963,75.6507
1341,4910,4745,75.651
2950,4037,3115,77.4441
3252,3568,3145,77.4448
3075,3720,3203,77.4451
3978,5180,1536,77.7588
3560,5222,1842,77.9459
4498,4258,1855,77.9586
2255,5353,3106,78.044
2040,5560,3263,78.0476
3134,5119,2289,78.2446
2740,5013,2774,78.2471
4396,2875,3118,78.42
4606,2546,3295,78.4558
4597,3036,2756,78.4737
4200,3053,3035,78.4744
5121,2682,2762,78.5309
4961,1666,4257,78.5637
4664,2001,3945,78.565
4621,4311,1709,78.9015
5189,3739,1765,78.9778
5109,3655,1890,79.3225
4911,3260,2379,79.3428
5088,3564,1950,79.3771
4915,3065,2552,79.5777
4934,3204,2380,79.5961
4999,4027,1735,79.7021
4971,3352,2217,80.1492
1457,5064,4417,81.6216
1564,4906,4365,81.6223
1484,5555,4108,81.6492
3512,4771,2176,81.8575
2508,5641,2710,82.0414
2480,5660,2722,82.0521
1834,5068,3775,82.0829
1840,4627,4023,82.0837
2217,4580,3649,82.084
1657,4852,4157,82.0968
2160,4098,4024,82.0976
1837,4449,4192,82.0981
1630,4365,4757,82.0986
1962,4132,4280,82.0991
3438,5028,2019,82.1968
3276,5576,1893,82.1975
3373,5460,1874,82.1979
3357,5144,2081,82.2464
3073,5460,2131,82.2471
3195,5692,1955,82.2474
3134,4866,2373,82.2773
3214,5826,1927,82.3128
2767,4482,3085,83.6235
2959,4889,2581,83.6244
3005,3639,3460,83.6338
3061,5283,2229,83.691
3345,4967,2179,83.6918
1483,4329,5133,84.7937
1032,5250,5131,84.8037
1694,4203,4933,84.8046
1392,4672,4903,84.8049
3034,3006,4128,85.4015
1404,5220,4591,85.4462
1198,4979,5261,85.4472
1649,4058,5263,85.4599
1012,5890,4931,85.4662
1293,5528,4565,85.4667
2838,3184,4045,85.4983
2418,4072,3699,85.4992
2543,3755,3787,85.4995
2514,4257,3433,85.4998
2720,3603,3729,85.5001
2990,4348,2879,85.5004
2975,3789,3325,85.5007
2661,3336,4103,85.501
2798,3941,3383,85.5013
2329,3569,4580,85.5015
1868,3783,5448,86.6792
1928,3697,5222,86.9282
2108,4090,4278,86.9499
1799,4856,4056,86.9559
1616,5081,4190,86.9764
1770,4262,4632,86.978
4861,3435,2246,87.7429
3902,2316,4269,88.0832
4098,2138,4352,88.1935
2892,4418,2901,89.0351
4684,3787,1996,90.5392
5252,3215,2052,90.5649
5324,3626,1756,90.5656
5145,3507,1968,90.5659
2558,3866,3734,91.2058
4481,3413,2444,91.2464
4426,3437,2452,91.247
3986,3782,2388,91.2473
3871,3745,2617,91.2529
1670,4644,4438,91.4975
5314,3799,1704,91.7371
4518,4252,1861,91.99
5320,3448,1973,92.0208
4732,3542,2221,92.0405
4231,3585,2435,92.0412
6092,4147,1183,92.3652
4194,3817,2241,92.4855
4183,3819,2253,92.4983
3894,3875,2515,92.4992
4214,4295,1937,92.5069
4077,4568,1820,92.5462
4583,4135,1783,92.5467
4572,4137,1795,92.5592
4395,4289,1853,92.5599
4194,3437,2598,92.8486
4597,3857,2043,92.8647
1270,5065,4980,93.7198
1558,4401,5033,93.7339
1209,5659,4738,93.7397
3943,3096,3123,94.8021
3748,2719,3784,94.8228
4427,3272,2685,95.5208
4482,3248,2677,95.5214
3780,2687,3909,96.2803
3856,4948,1712,96.9236
3746,5228,1678,96.9243
3765,5362,1650,96.9849
4081,2423,3796,97.1792
4487,2180,3813,97.18
4884,2163,3534,97.1803
5254,2203,3150,97.1971
4944,2041,3562,97.1983
4648,3867,2005,97.4504
4563,4122,1837,97.4706
5017,3707,1851,97.4713
4386,4274,1895,97.4717
5216,3295,2061,97.5061
5052,3644,1959,97.5521
5489,2930,2304,97.7391
2938,3735,3418,98.8508
4545,3924,2029,99.1448
3610,4989,1820,99.2698
3500,5269,1786,99.2706
3597,5153,1767,99.2709
3529,5105,1882,99.3189
3908,4232,2157,99.3442
4464,4165,1935,99.3448
3590,4511,2124,99.3507
3480,4791,2090,99.3513
4198,4176,1994,99.3517
3577,4675,2071,99.352
5476,3963,1503,99.4084
4380,3251,2708,100.226
4652,3833,2035,100.71
3685,2678,3911,101.725
2554,3946,3665,102.383
4363,4334,1847,102.799
4474,4296,1792,102.933
4814,2286,3392,103.213
5124,2448,2980,103.215
4600,3110,2647,103.215
5024,1957,3569,103.23
5334,2119,3157,103.231
4810,2781,2824,103.231
4966,2254,3281,103.241
4277,2245,3879,103.372
4683,2002,3896,103.372
5053,2042,3512,103.388
4578,2897,2928,103.395
4529,2968,2936,103.41
4647,2549,3252,103.411
4939,1864,3961,103.516
4954,1577,4460,103.536
4447,1896,4373,103.537
4841,1632,4344,103.548
4487,4123,1951,104.3
5382,2742,2497,104.438
5309,3471,1946,104.77
4521,2913,2989,105.883
4535,2702,3171,105.895
3770,2932,3503,105.896
4424,3122,2843,105.896
3962,3077,3226,105.897
4765,2966,2708,105.947
4517,2097,3836,105.948
4827,2259,3424,105.949
4772,2283,3432,105.949
4710,2990,2716,105.949
4270,3335,2652,105.949
4459,2394,3548,105.965
5353,2872,2460,105.991
4858,3241,2404,105.992
3922,2617,3792,107.218
4692,2367,3425,107.219
4437,2181,3829,107.22
4295,2384,3704,107.22
4747,2343,3417,107.22
4633,2003,3912,107.328
4943,2165,3500,107.329
4491,2206,3787,107.329
3814,2632,3799,107.753
3618,2810,3716,107.844
3451,2977,3709,107.86
3784,2580,3988,109.739
3892,5192,1610,109.901
4416,4782,1550,109.915
4070,4519,1838,109.927
4340,4637,1638,109.931
4439,4359,1684,109.936
3873,5058,1638,109.948
4397,4648,1578,109.962
3792,5174,1700,109.967
3780,5361,1656,110.38
3799,5495,1628,110.403
5670,2553,2576,111.029
4645,1862,4117,111.08
4375,1997,4299,111.083
4405,4952,1446,111.589
4521,4705,1465,111.65
5089,4133,1521,111.672
3482,3789,2811,112.811
2459,4431,3487,112.812
3198,4105,2861,112.813
4472,2661,3298,112.898
4593,5086,1192,113.487
4528,5518,1047,113.489
4573,4608,1496,113.5
4521,4876,1404,113.501
3215,2946,3862,114.497
3580,3528,2965,114.498
3883,3253,3016,114.498
3862,3135,3214,114.498
3705,2620,3997,114.575
2112,3536,4841,114.582
2360,3434,4537,114.583
2289,3384,4783,114.583
2332,3783,4171,114.595
1183,5559,4785,115.181
1415,5655,4279,115.182
2618,3894,3647,115.305
2282,5055,3258,115.54
3148,5153,2258,115.624
4437,4242,1885,115.655
3954,4687,1866,115.925
4323,4527,1712,115.934
2190,5177,3343,116.081
5021,1727,4036,116.549
4955,2024,3705,116.549
4572,2035,3907,116.921
3717,2723,3841,116.935
5204,2592,2712,117.031
5180,2859,2468,117.037
5348,2881,2408,117.052
4899,2996,2633,117.057
3925,3220,3110,117.889
3669,3109,3398,117.895
4432,2004,4228,118.022
4707,3600,2110,118.271
4652,3624,2118,118.271
5157,2643,2723,118.278
5295,3506,1862,118.292
5240,3530,1870,118.292
5800,2525,2467,118.299
5745,2549,2475,118.299
2488,3878,3832,118.723
2204,4194,3882,118.724
2198,4635,3634,118.724
1476,5184,4315,118.74
1980,4501,3989,118.75
2038,5401,3468,118.762
1415,5778,4073,118.766
4726,4644,1423,119.755
5790,4047,1289,119.783
4706,4166,1727,119.809
5215,3977,1590,119.81
4714,2738,2869,120.762
4199,2851,3133,120.762
4317,2755,3148,120.763
4208,2625,3429,120.763
5120,2495,2886,120.763
3974,2657,3683,120.764
3919,2681,3691,120.764
4263,2601,3421,120.764
5059,3770,1815,120.807
5004,3794,1823,120.808
5763,2377,2630,120.815
5708,2401,2638,120.816
4905,2661,2900,120.816
3478,2906,3822,121.187
3038,3098,3920,121.445
4532,3992,1990,121.686
2134,3817,4427,121.79
2418,3501,4377,121.79
1980,3741,4951,121.791
2755,3019,4828,121.806
1665,4169,5077,121.856
2254,3929,4171,121.882
1722,4114,4818,121.906
2024,3645,4848,121.907
1888,3843,4948,121.918
4187,2576,3584,122.692
4373,3032,2927,122.692
4132,2600,3592,122.692
4428,3008,2919,122.693
2802,3844,3361,124.368
4111,3070,3086,124.427
4116,2519,3746,124.431
4012,5313,1514,124.634
2959,4769,2619,124.78
2381,4883,3182,124.8
2183,4917,3438,125.019
5143,2587,2808,125.236
5353,2258,2985,125.251
5043,2096,3397,125.252
4317,3558,2533,125.272
4454,3086,2781,125.386
4057,3103,3060,125.387
4393,3557,2419,125.396
4273,3155,2910,125.402
4968,2856,2665,125.411
4571,2873,2944,125.412
4907,3327,2303,125.42
3992,2549,3757,125.425
4653,2674,2991,125.425
4256,2691,3270,125.425
4168,2717,3367,125.434
3904,2575,3854,125.434
4592,3145,2629,125.435
4472,2743,3120,125.441
5167,2444,2875,125.45
4418,2345,3738,125.459
4946,1953,3758,125.593
4848,1721,4141,125.666
4432,2289,3841,125.879
4910,3999,1767,126.53
4966,3373,2214,126.54
5165,2961,2424,126.561
3896,3853,2442,127.526
4069,3067,3126,127.593
3304,3297,3458,127.594
4536,2236,3664,127.707
4782,2971,2663,127.708
5684,2544,2571,127.732
5739,2520,2563,127.733
3739,4245,2212,128.38
4635,3439,2263,128.389
4501,3263,2664,128.395
4327,4151,1964,128.424
5059,3694,1913,128.508
4462,4162,1945,128.721
4465,3156,2756,128.74
4410,3180,2764,128.741
5216,4262,1363,129.077
4838,4027,1788,129.101
4745,3355,2319,129.793
4894,3021,2592,130.119
1575,4383,4939,130.943
3102,3870,3129,130.971
3909,4434,2069,130.987
4652,4213,1678,130.996
4298,4752,1611,131.044
5041,4531,1220,131.052
4953,5386,941,131.129
3749,2831,3537,131.149
4146,2814,3258,131.149
3694,2855,3545,131.15
3740,3057,3241,131.15
4091,2838,3266,131.15
4127,3193,2885,131.159
3606,2881,3642,131.16
3950,3345,2943,131.16
3910,2907,3395,131.185
3965,2883,3387,131.186
4120,2651,3526,131.199
3787,3031,3430,131.525
3833,3233,3126,131.526
3681,2511,4107,133.029
3433,2613,4411,133.03
4195,2281,3991,133.082
4496,2669,3283,133.083
3485,2689,4024,133.273
3882,2672,3745,133.274
3999,2459,3908,133.344
3911,2485,4005,133.356
4013,3234,2895,133.74
4402,3552,2437,133.805
4433,2875,3034,134.01
2916,5201,2400,136.394
3926,2788,3573,136.656
4500,2619,3236,136.657
3978,2700,3663,136.725
4188,2371,3840,136.824
4587,2407,3467,136.834
4413,2197,3986,136.86
4489,3023,2889,136.879
4181,2914,3207,136.888
5003,2793,2773,136.921
4622,3097,2724,137.555
4524,3358,2570,137.943
5379,4067,1433,138.547
5435,3441,1880,138.567
3261,4257,2651,140.382
3131,3754,3143,140.383
2977,4573,2701,140.383
2962,3677,3354,140.39
2933,4179,3000,140.391
2709,4486,3107,140.414
2916,5167,2459,140.432
2692,5474,2566,140.444
4271,3750,2349,140.503
4332,2628,3368,140.652
3993,2759,3503,140.664
4784,3105,2536,140.71
4439,2093,4025,141.028
4318,2414,3702,141.029
4614,2822,3029,141.03
4382,4251,1946,141.106
3323,4161,2639,141.332
4183,2962,3095,141.414
3609,3131,3432,141.415
4509,5384,1075,141.938
4502,4742,1432,142.069
4489,4906,1379,142.07
4392,5022,1398,142.07
4372,4888,1481,142.075
4044,4346,1995,142.08
4937,5509,927,142.352
5391,5344,798,142.352
1799,4076,4832,144.113
3148,4050,3016,144.151
2479,3587,4149,144.193
2656,3435,4091,144.194
3382,4168,2618,144.199
3098,4484,2668,144.2
3190,3761,3122,144.2
4934,5252,969,144.492
4598,3291,2426,144.638
4660,2584,3142,144.639
4254,2827,3125,144.64
4605,2608,3150,144.64
4661,3219,2449,144.648
4987,3609,1968,144.729
5050,3537,1991,144.738
5249,3125,2201,144.763
3535,2800,3883,145.666
3731,2622,3966,145.836
3897,2563,3957,145.87
3899,2248,4456,145.886
3951,3237,3079,146.647
3637,2784,3857,146.648
3441,2962,3774,146.757
3578,3567,3054,146.758
1954,3992,4690,148.618
2310,3502,4585,148.63
2235,3984,4156,148.631
2498,3550,4304,148.631
1961,3894,4823,148.721
1872,5765,3532,148.793
5524,3358,1920,149.548
5427,3965,1516,152.566
4975,4290,1479,152.644
5031,3664,1926,152.65
5543,3718,1535,152.659
5599,3092,1982,152.665
2799,4212,3034,153.583
3006,4071,3055,153.583
2575,4519,3141,153.599
2738,4806,2792,153.625
4011,3329,2917,153.648
4048,3075,3104,153.752
4562,2845,2988,153.76
3910,3768,2585,154.373
3629,5123,1792,154.664
3519,5403,1758,154.665
3616,5287,1739,154.666
3927,4366,2129,154.682
3609,4645,2096,154.687
3994,3592,2596,155.471
3650,3128,3295,155.472
4241,3014,3027,155.779
4771,3135,2505,156.143
5006,4604,1340,156.24
5554,4311,1242,156.241
5303,3667,1810,156.278
5359,3041,2257,156.307
2448,4341,3524,156.859
2654,3687,3820,156.86
2224,4648,3631,156.884
2050,3599,5098,157.009
1602,4832,4503,157.01
1114,5110,5434,157.023
1171,5055,5175,157.034
1378,5139,4610,157.035
1586,4848,4420,157.043
1259,5945,4522,157.059
1317,5733,4368,157.071
1525,5442,4178,157.079
2730,3110,4415,157.084
2310,3998,4069,157.085
2490,4052,3630,157.093
2696,3398,3926,157.093
2951,3584,3522,157.093
4329,4260,1923,158.458
3199,3774,3072,160.116
2760,4133,3255,160.126
3437,3307,3261,160.136
3759,3249,3232,160.194
1588,5803,3898,162.995
3552,5746,1664,163.196
2870,5657,2334,163.21
3471,5862,1726,163.274
2808,5907,2368,163.489
4104,3508,2652,165.378
5435,5012,872,165.527
4958,5600,867,165.661
5412,5435,738,165.662
1787,4285,4459,171.243
1732,5868,3657,171.273
1633,6040,3733,171.274
2045,4259,4134,172.747
2465,3371,4480,172.748
2347,3790,4164,172.749
3196,2745,4460,172.757
1785,3860,5163,173.011
1667,4279,4847,173.012
1728,3915,5422,173.029
1308,4803,5076,173.03
1932,4018,4782,173.48
2612,3529,4099,173.542
3825,3186,3176,174.751
2285,3916,4108,174.976
1897,5982,3396,175.806
2698,3012,4899,175.905
5545,2733,2467,179.471
4957,2827,2715,179.537
4533,5732,973,180.01
4987,5567,844,180.01
5095,5137,875,180.016
4641,5302,1004,180.017
4621,4824,1308,180.03
5075,4659,1179,180.031
1584,5280,4111,181.216
1599,5494,3898,181.222
1900,5961,3372,181.243
2025,5644,3460,181.244
5361,2892,2377,182.54
5347,3177,2177,182.63
4914,2750,2850,182.64
5560,2480,2587,182.658
5212,2042,3339,182.764
5462,2248,2970,182.771
5730,2469,2632,182.916
3424,3722,2971,183.706
4495,2782,3098,184.022
4647,2665,3127,184.026
5457,3369,1916,184.28
3840,3806,2544,184.321
4595,3858,2032,184.354
4656,4160,1754,184.366
4808,3161,2442,184.389
4869,3463,2164,184.401
6194,4100,1154,185.907
6122,3689,1450,185.909
6250,3474,1601,185.923
3923,2423,4065,186.547
3457,2788,4020,186.584
3836,3386,2953,186.793
3727,2601,3982,186.855
5487,4474,1167,187.53
5025,4097,1652,187.54
4427,2549,3304,188.05
4157,2684,3486,188.076
3760,2701,3765,188.077
3781,2819,3567,188.078
4102,2708,3494,188.078
3954,2825,3462,188.204
4298,3289,2763,188.205
4317,3428,2591,188.227
3880,3255,3118,190.521
3983,2775,3461,190.555
4079,2843,3328,190.561
4478,2406,3517,190.569
4574,2474,3384,190.575
4951,2130,3359,190.586
4593,2613,3212,190.596
5623,2444,2653,190.652
5833,2115,2830,190.747
4324,2383,3808,190.855
5735,1883,3213,190.86
4970,2113,3545,190.861
5454,1884,3497,191.043
4430,2294,3804,191.31
5076,2024,3541,191.328
4332,2062,4187,191.414
4948,1900,3826,191.426
4978,1792,3924,191.431
4925,4482,1419,191.978
3662,3255,3160,192.494
3977,2791,3524,192.509
4169,2936,3247,192.518
4503,3242,2701,192.966
3547,3838,2716,193.296
4825,2882,2764,193.414
4585,5464,1065,193.92
4774,5110,1092,194.294
5228,4945,963,194.295
5342,4538,1148,194.356
5796,4373,1019,194.357
5779,3938,1307,194.358
5724,3962,1315,194.358
5718,3636,1585,194.368
5663,3660,1593,194.369
5852,3747,1466,194.387
4754,4632,1396,194.429
5130,3730,1833,194.441
5075,3754,1841,194.442
3517,3007,3603,195.328
4012,2638,3659,195.354
3838,2705,3576,195.359
3857,2844,3404,195.368
4326,2988,2972,195.403
4311,2429,3418,195.404
4960,2637,2892,195.566
3796,2994,3470,195.612
4404,2605,3303,195.776
5038,3606,2004,195.901
4765,2809,2775,195.941
5488,4226,1268,196.075
5543,4202,1260,196.076
5482,3900,1538,196.086
5581,4402,1153,196.391
5653,4813,857,196.392
4904,2052,3601,196.63
4897,1963,3804,196.652
4431,2328,3759,197.173
4771,3013,2605,197.814
4832,3315,2327,197.824
4125,3283,2868,197.834
4947,4028,1737,197.844
5221,3633,1869,197.87
5359,2919,2357,197.896
3893,2542,3973,198.206
2328,4285,3845,199.108
5256,2217,3149,200.204
5459,1799,3529,200.267
5466,1888,3326,200.289
4092,3040,3168,200.307
4587,2671,3224,200.314
5060,2395,3066,200.343
4606,2810,3052,200.349
5144,1722,3909,200.738
4941,1811,4029,200.908
4518,4693,1515,201.962
3536,4004,2511,203.288
3799,3969,2461,203.297
4092,3937,2289,203.301
3837,4471,1985,203.335
4393,4404,1763,203.342
3776,5065,1743,203.378
3889,3898,2407,203.465
3834,3922,2415,203.465
4384,3529,2463,203.471
4329,3553,2471,203.471
4403,3668,2291,203.481
4348,3692,2299,203.482
4118,3475,2679,203.572
3960,3173,3064,203.576
4455,2804,3120,203.591
4474,2943,2948,203.634
4989,2830,2684,203.638
4776,2645,2933,203.647
4928,2528,2962,203.65
5577,2736,2436,203.737
5516,2434,2714,203.748
4394,3221,2766,204.183
3966,4268,2132,204.231
4021,4244,2124,204.232
3823,5597,1346,204.915
4107,5281,1296,204.916
4561,5116,1167,204.916
3365,5201,1909,204.931
3649,4885,1859,204.932
2857,5821,2281,204.951
4511,5058,1250,205.02
3803,5119,1650,205.118
4087,4803,1600,205.118
4541,4638,1471,205.119
3895,4396,2104,205.119
4083,4242,2034,205.129
4906,4721,1296,205.208
5718,4313,1046,205.242
5264,4478,1175,205.243
4886,4243,1600,205.282
3842,5731,1318,205.308
3384,5335,1881,205.314
3364,4857,2185,205.371
4541,4258,1828,206.44
4486,4282,1836,206.441
5718,3933,1403,206.891
5663,3957,1411,206.893
5560,4311,1213,207.103
3154,3975,2868,207.551
2906,4077,3172,207.561
2930,4282,2975,207.567
5154,4264,1361,207.656
4685,3870,1936,207.657
4700,4429,1490,207.658
4185,4542,1754,207.675
4639,4377,1625,207.675
3463,4940,2063,207.708
3747,4624,2013,207.709
4720,4907,1186,207.718
5174,4742,1057,207.719
4705,4348,1632,207.719
3921,5336,1500,207.741
4205,5020,1450,207.743
4570,4299,1730,207.784
5543,4582,903,207.794
5074,4188,1478,207.795
5089,4747,1032,207.795
4290,5176,1346,207.811
4574,4860,1296,207.812
5028,4695,1167,207.812
4559,4301,1742,207.812
4532,5149,1190,207.958
4986,4984,1061,207.959
5066,5170,898,208.023
5520,5005,769,208.023
3932,3661,2569,208.056
4482,3268,2617,208.082
4427,3292,2625,208.083
4182,3169,2877,208.087
4501,3407,2445,208.092
4446,3431,2453,208.093
4201,3308,2705,208.097
4716,3195,2441,208.099
4655,2893,2719,208.119
4571,3487,2419,208.189
4453,4325,1828,208.195
4590,3626,2247,208.199
5105,3513,1983,208.202
5044,3211,2261,208.216
5304,3101,2193,208.265
5243,2799,2471,208.286
4748,3069,2604,208.413
5198,3689,1868,208.453
4428,2909,3062,209.021
3602,3163,3322,209.843
3980,3398,2897,209.91
3406,3341,3239,210.068
1943,3949,4773,211.432
2623,3460,4090,211.646
4526,3863,2054,211.687
4915,4181,1596,211.827
1946,3918,4806,212.038
1906,4064,4532,212.112
1594,4788,4540,212.116
2003,3863,4547,212.12
4801,3990,1822,212.286
5481,4655,1024,212.324
4998,2644,2862,212.875
5053,2620,2854,212.876
1615,5296,4100,213.747
3865,3194,3145,214.605
4261,4726,1635,216.253
3565,3371,3179,216.277
4198,3792,2350,216.331
4499,4259,1824,216.376
3808,3290,3035,216.475
3703,2821,3713,216.479
4322,3060,2919,216.527
3859,4698,1829,217.088
4097,4231,2018,217.096
3719,3996,2443,217.107
4275,3929,2221,217.111
2299,4642,3550,217.248
4088,4658,1773,217.703
4108,5136,1469,217.75
5033,4909,1093,217.803
5487,4744,964,217.803
4477,4976,1315,217.81
5445,5033,858,217.939
4435,5265,1209,217.946
4636,2851,2898,218.778
4587,2573,3289,218.898
2718,3635,3802,219.387
3505,3279,3341,219.477
3336,3037,3675,219.483
2956,3168,3991,219.484
2708,3270,4295,219.497
3309,3457,3258,219.677
2760,3346,3908,219.682
2512,3448,4212,219.696
4163,3127,3056,220.486
2419,3701,4163,221.178
2268,3602,4482,221.203
2084,3652,4768,221.21
2258,4049,4143,221.283
4169,3293,2852,223.037
4850,4385,1524,223.48
3527,3589,2947,224.541
3272,3403,3351,224.543
3905,3824,2522,224.58
3211,4750,2286,224.801
3150,5344,2044,224.805
3374,5037,1937,224.835
3435,4443,2179,224.844
3226,4277,2658,224.845
3991,4376,1957,224.849
2381,5832,2798,225.029
4010,5397,1315,225.074
5020,5165,964,225.084
3552,5001,1878,225.089
3181,5128,2225,225.115
3639,5524,1662,225.13
2957,5435,2332,225.146
3929,5513,1377,225.187
3558,5640,1724,225.235
3990,4919,1619,225.269
4444,4754,1490,225.27
4546,4852,1397,225.276
4029,5531,1287,225.44
3571,5135,1850,225.447
4009,5053,1591,225.498
3551,4657,2154,225.503
3658,5658,1634,225.526
3675,5678,1596,225.822
3476,3912,2673,227.055
3243,4573,2531,227.067
3880,4789,1769,227.101
3865,4230,2215,227.102
4436,4722,1547,227.108
3533,4182,2333,227.119
3518,3623,2779,227.119
3341,3775,2837,227.12
4089,4115,2111,227.125
3897,3708,2615,227.126
3270,3725,3083,227.131
3285,4284,2637,227.131
3093,3877,3141,227.132
3309,4489,2440,227.143
3294,3930,2886,227.143
3117,4082,2944,227.144
2622,3604,3928,227.156
3472,4776,2091,227.163
3457,4217,2537,227.164
3248,5083,2198,227.169
3922,4500,1875,227.181
3907,3941,2321,227.182
4478,4433,1653,227.187
4311,3224,2761,227.625
3981,4350,2101,228.579
3634,3743,2665,228.634
3483,3644,2984,228.662
3935,4210,2139,228.697
4491,4143,1917,228.705
3868,5245,1649,228.73
4023,4061,2207,228.737
4324,4528,1681,228.756
4874,4902,1211,228.763
3871,4243,2213,229.765
4329,4639,1650,229.769
2854,4474,2922,230.128
3129,4061,3018,230.254
3976,3768,2523,230.269
4471,3399,2579,230.279
4490,3538,2407,230.298
4689,3126,2617,230.345
4292,3143,2896,230.346
3925,4410,2087,230.985
4383,4806,1524,230.993
4951,4234,1580,231.078
5023,4645,1284,231.079
3243,4036,2683,232.007
3034,3870,3162,232.008
3019,4343,2790,232.029
3182,4630,2441,232.06
2892,4609,2725,232.333
3055,4896,2376,232.377
3116,4302,2618,232.39
2058,4499,3895,232.586
2105,4366,3958,232.594
1907,4400,4214,232.595
1834,4806,4002,232.601
1502,5039,4479,232.606
1683,4707,4321,232.61
1773,5400,3760,232.626
1441,5633,4237,232.63
1622,5301,4079,232.634
4414,5174,1269,232.782
5424,4942,918,232.79
3132,3609,3316,234.242
4981,4647,1309,235.339
4370,3149,2816,236.272
4884,2919,2700,236.286
2924,3895,3122,237.748
3217,3863,2950,237.755
3327,3838,2990,237.759
2700,4202,3229,237.781
2863,4489,2880,237.826
3863,3289,3083,238
2286,4095,3911,238.205
3484,5878,1602,238.315
5405,3719,1736,239.129
4623,2878,2866,240.875
4452,3425,2584,241.558
3831,4912,1737,242.748
3770,5506,1495,242.752
1900,4490,4065,243.117
1719,4822,4223,243.123
5521,4415,1174,243.864
4994,4483,1362,245.561
3278,3841,3030,246.947
4842,4922,1137,250.816
4781,4620,1415,250.825
4437,4067,2020,250.843
5410,4350,1193,250.861
5397,4514,1140,250.864
5405,3422,1918,250.897
3849,4161,2268,250.908
4307,4557,1705,250.926
4294,4721,1652,250.937
4822,4444,1441,250.941
4809,4608,1388,250.944
4878,3818,1888,250.974
4817,3516,2166,250.983
4841,3670,2051,251.954
5169,3686,1871,252.069
5373,4202,1356,252.085
4350,2360,3696,252.277
4435,2690,3260,252.372
4553,2271,3576,252.378
4959,2028,3593,252.381
4546,2182,3779,252.408
4952,1939,3796,252.411
4080,2547,3734,252.807
4099,2686,3562,252.842
5456,1569,3996,255.034
5463,1658,3793,255.046
4026,4161,2191,255.379
4853,4397,1474,255.428
4594,3589,2247,255.454
5052,3985,1684,255.475
4790,4595,1428,255.644
3758,2797,3705,256.644
4253,2428,3761,256.662
2316,4328,3681,257.435
2441,4011,3769,257.436
2290,3912,4088,257.446
2092,4635,3788,257.453
2217,4318,3876,257.454
3398,4104,2628,257.804
4646,3974,1897,259.28
5022,4456,1386,259.395
5035,4292,1439,259.401
4067,2614,3651,259.649
4005,3321,2935,259.653
3661,2857,3634,259.657
4086,2753,3479,259.664
3680,2996,3462,259.672
4175,2627,3518,259.712
5648,3918,1439,260.244
1307,4857,5075,260.718
1425,4438,5391,260.721
2959,3855,3176,261.28
2897,3951,3188,261.283
3324,4016,2812,261.285
3077,3436,3492,261.288
3015,3532,3504,261.29
3421,3900,2793,261.292
2711,3957,3480,261.303
2735,4162,3283,261.36
1567,4760,4562,262.848
4488,4177,1922,264.89
4022,3200,3063,265.304
5685,4066,1276,266.696
5023,4022,1749,266.79
4938,4142,1642,271.084
4994,3516,2089,271.092
5307,3982,1488,271.112
5363,3356,1935,271.125
5506,3570,1698,271.148
5562,2944,2145,271.162
3928,4422,2037,271.242
4386,4818,1474,271.249
4954,4246,1530,271.284
4296,3779,2321,271.983
4277,5432,1217,272.266
4846,5201,1048,272.278
4270,4790,1574,272.494
3812,4394,2137,272.51
4296,5566,1189,272.621
3192,4228,2723,273.514
2945,3648,3403,273.517
2721,3955,3510,273.537
3331,3823,2810,273.581
3234,3939,2829,273.583
2987,3359,3509,273.586
3887,3756,2588,273.589
3543,3292,3287,273.594
2739,3461,3813,273.601
3010,4246,2936,273.606
2763,3666,3616,273.609
2515,3768,3920,273.613
3673,3691,2724,273.672
3631,3980,2618,273.822
3401,3397,3299,273.936
3915,3167,3183,273.988
2311,3665,4369,275.338
5400,4158,1373,276.74
2378,4232,3669,277.453
2157,4327,3819,277.454
2006,4228,4138,277.465
1962,4394,4053,277.471
1933,4634,3926,277.479
2154,4539,3776,277.48
1601,4867,4403,277.484
1782,4535,4245,277.488
2317,4826,3427,277.491
1872,5228,3684,277.503
1540,5461,4161,277.51
2873,4087,3162,278.868
3111,3620,3351,278.937
2915,3798,3268,279.078
2667,3900,3572,279.096
1741,4764,4278,279.939
