obj0,obj1,obj2
16338,24039,16151
16462,23989,16138
16576,21828,14084
16700,21778,14071
16824,21728,14058
16948,21678,14045
17072,21628,14032
17152,21626,16125
17169,21578,16149
17186,21530,16173
17203,21482,16197
17220,21434,16221
17237,21386,16245
17254,21338,16269
17271,21290,16293
17288,21242,16317
17305,21194,16341
17322,21146,16365
17339,21098,16389
17356,21050,16413
17373,21002,16437
17390,20954,16461
17407,20906,16485
17424,20858,16509
17441,20810,16533
17458,20762,16557
17475,20714,16581
17492,20666,16605
17509,20618,16629
17526,20570,16653
17543,20522,16677
17560,20474,16701
17577,20426,16725
17594,20378,16749
17611,20330,16773
17628,20282,16797
17645,20234,16821
17662,20186,16845
17679,20138,16869
17696,20090,16893
17713,20042,16917
17730,19994,16941
17747,19946,16965
17764,19898,16989
17781,19850,17013
17798,19802,17037
17815,19754,17061
17832,19706,17085
17849,19658,17109
17866,19610,17133
17883,19562,17157
17900,19514,17181
18007,19512,17144
18024,19464,17168
18131,19462,17131
18148,19414,17155
18255,19412,17118
18272,19364,17142
18379,19362,17105
18396,19314,17129
18503,19312,17092
18520,19264,17116
18627,19262,17079
18644,19214,17103
18751,19212,17066
18768,19164,17090
18875,19162,17053
18892,19114,17077
18999,19112,17040
19016,19064,17064
19123,19062,17027
19140,19014,17051
19247,19012,17014
19264,18964,17038
19371,18962,17001
19388,18914,17025
19469,17627,12971
19977,17617,14916
19994,17569,14940
20011,17521,14964
20028,17473,14988
20045,17425,15012
17196,21578,14019
17320,21528,14006
20062,17377,15036
17444,21478,13993
17568,21428,13980
17666,21251,13288
20079,17329,15060
20096,17281,15084
20113,17233,15108
20130,17185,15132
20147,17137,15156
20164,17089,15180
20181,17041,15204
20198,16993,15228
20215,16945,15252
20232,16897,15276
20249,16849,15300
20266,16801,15324
20283,16753,15348
20300,16705,15372
20317,16657,15396
17790,21201,13275
20334,16609,15420
17914,21151,13262
17923,21664,13220
20351,16561,15444
18047,21614,13207
18171,21564,13194
18295,21514,13181
20368,16513,15468
18419,21464,13168
18543,21414,13155
18667,21364,13142
20385,16465,15492
18791,21314,13129
18915,21264,13116
19039,21214,13103
20402,16417,15516
19090,21864,12900
20419,16369,15540
20436,16321,15564
20453,16273,15588
20470,16225,15612
19214,21814,12887
19338,21764,12874
20487,16177,15636
19462,21714,12861
19586,21664,12848
19710,21614,12835
19834,21564,12822
20504,16129,15660
19958,21514,12809
20082,21464,12796
20206,21414,12783
20521,16081,15684
20330,21364,12770
20454,21314,12757
20559,17050,12175
20538,16033,15708
20555,15985,15732
20572,15937,15756
20589,15889,15780
20606,15841,15804
20623,15793,15828
20640,15745,15852
20657,15697,15876
20674,15649,15900
20691,15601,15924
20708,15553,15948
20725,15505,15972
20742,15457,15996
20816,17463,12107
17276,21576,16112
17293,21528,16136
17310,21480,16160
17327,21432,16184
17344,21384,16208
17361,21336,16232
20759,15409,16020
17400,21526,16099
17378,21288,16256
17417,21478,16123
17434,21430,16147
17395,21240,16280
17451,21382,16171
17412,21192,16304
17468,21334,16195
17429,21144,16328
17485,21286,16219
17446,21096,16352
17524,21476,16086
17541,21428,16110
17502,21238,16243
17463,21048,16376
17558,21380,16134
17519,21190,16267
17575,21332,16158
17480,21000,16400
17536,21142,16291
17592,21284,16182
17553,21094,16315
17497,20952,16424
17609,21236,16206
17570,21046,16339
17648,21426,16073
17514,20904,16448
17665,21378,16097
17626,21188,16230
17587,20998,16363
17643,21140,16254
17531,20856,16472
17604,20950,16387
17660,21092,16278
17548,20808,16496
17677,21044,16302
17621,20902,16411
17716,21234,16169
17733,21186,16193
17565,20760,16520
17694,20996,16326
17638,20854,16435
17750,21138,16217
17582,20712,16544
17711,20948,16350
17767,21090,16241
17655,20806,16459
17599,20664,16568
17784,21042,16265
17728,20900,16374
17672,20758,16483
17801,20994,16289
17745,20852,16398
17840,21184,16156
17616,20616,16592
17857,21136,16180
17689,20710,16507
17818,20946,16313
17874,21088,16204
17762,20804,16422
17633,20568,16616
17706,20662,16531
17835,20898,16337
17891,21040,16228
17779,20756,16446
17650,20520,16640
17908,20992,16252
17852,20850,16361
17723,20614,16555
17796,20708,16470
17925,20944,16276
17964,21134,16143
17869,20802,16385
17981,21086,16167
17667,20472,16664
17740,20566,16579
17813,20660,16494
17942,20896,16300
17998,21038,16191
17886,20754,16409
17684,20424,16688
17757,20518,16603
17830,20612,16518
17959,20848,16324
18015,20990,16215
17903,20706,16433
18032,20942,16239
17774,20470,16627
17976,20800,16348
17701,20376,16712
18038,21101,13249
17847,20564,16542
17920,20658,16457
18049,20894,16263
18088,21084,16130
18105,21036,16154
17993,20752,16372
17791,20422,16651
17864,20516,16566
17718,20328,16736
17937,20610,16481
18066,20846,16287
18122,20988,16178
18010,20704,16396
17881,20468,16590
17808,20374,16675
18139,20940,16202
18083,20798,16311
17954,20562,16505
17735,20280,16760
18027,20656,16420
18156,20892,16226
18162,21051,13236
18100,20750,16335
17898,20420,16614
17825,20326,16699
17971,20514,16529
17752,20232,16784
18044,20608,16444
18173,20844,16250
18212,21034,16117
18229,20986,16141
18117,20702,16359
17915,20372,16638
17988,20466,16553
17842,20278,16723
18061,20560,16468
18190,20796,16274
18246,20938,16165
17769,20184,16808
18134,20654,16383
18263,20890,16189
18005,20418,16577
17932,20324,16662
18207,20748,16298
18078,20512,16492
17859,20230,16747
18151,20606,16407
17786,20136,16832
18280,20842,16213
18259,21001,15353
18224,20700,16322
18022,20370,16601
18095,20464,16516
17949,20276,16686
18168,20558,16431
17876,20182,16771
18276,20953,15377
18297,20794,16237
18242,21049,15329
18241,20652,16346
17803,20088,16856
18039,20322,16625
18112,20416,16540
18293,20905,15401
18314,20746,16261
17966,20228,16710
18185,20510,16455
17893,20134,16795
18258,20604,16370
18310,20857,15425
17820,20040,16880
18331,20698,16285
18129,20368,16564
18056,20274,16649
18202,20462,16479
17983,20180,16734
18275,20556,16394
18327,20809,15449
17910,20086,16819
18348,20650,16309
18146,20320,16588
18219,20414,16503
18073,20226,16673
17837,19992,16904
18344,20761,15473
18292,20508,16418
18000,20132,16758
18365,20602,16333
17927,20038,16843
18361,20713,15497
18236,20366,16527
18163,20272,16612
18309,20460,16442
18090,20178,16697
18382,20554,16357
17854,19944,16928
18017,20084,16782
18378,20665,15521
18253,20318,16551
17944,19990,16867
18326,20412,16466
18180,20224,16636
18399,20506,16381
18107,20130,16721
18395,20617,15545
17871,19896,16952
18034,20036,16806
18270,20270,16575
18343,20364,16490
18197,20176,16660
18416,20458,16405
17961,19942,16891
18412,20569,15569
18124,20082,16745
18051,19988,16830
18360,20316,16514
17888,19848,16976
18287,20222,16599
18433,20410,16429
18429,20521,15593
18214,20128,16684
17978,19894,16915
18141,20034,16769
18377,20268,16538
18450,20362,16453
18304,20174,16623
18446,20473,15617
18068,19940,16854
17905,19800,17000
18231,20080,16708
18158,19986,16793
17995,19846,16939
18467,20314,16477
18394,20220,16562
18463,20425,15641
18321,20126,16647
18085,19892,16878
18248,20032,16732
17922,19752,17024
18480,20377,15665
18484,20266,16501
18175,19938,16817
18411,20172,16586
18012,19798,16963
18338,20078,16671
21983,17663,11787
18102,19844,16902
18265,19984,16756
18497,20329,15689
18501,20218,16525
17939,19704,17048
18428,20124,16610
18192,19890,16841
18355,20030,16695
18029,19750,16987
20776,15361,16044
18514,20281,15713
18282,19936,16780
18119,19796,16926
18518,20170,16549
18445,20076,16634
17956,19656,17072
18209,19842,16865
18372,19982,16719
18046,19702,17011
18531,20233,15737
18535,20122,16573
18299,19888,16804
18136,19748,16950
18462,20028,16658
18389,19934,16743
18226,19794,16889
17973,19608,17096
18548,20185,15761
18552,20074,16597
18063,19654,17035
18316,19840,16828
18479,19980,16682
18153,19700,16974
18565,20137,15785
18406,19886,16767
18243,19746,16913
18569,20026,16621
17990,19560,17120
18333,19792,16852
18080,19606,17059
18496,19932,16706
18582,20089,15809
18170,19652,16998
18423,19838,16791
18586,19978,16645
18260,19698,16937
18513,19884,16730
18350,19744,16876
18097,19558,17083
18599,20041,15833
18187,19604,17022
18440,19790,16815
18603,19930,16669
18277,19650,16961
18530,19836,16754
18616,19993,15857
18367,19696,16900
18114,19510,17107
18620,19882,16693
18457,19742,16839
18204,19556,17046
18294,19602,16985
18547,19788,16778
18633,19945,15881
18384,19648,16924
18637,19834,16717
18474,19694,16863
18221,19508,17070
18650,19897,15905
18564,19740,16802
18311,19554,17009
18401,19600,16948
18654,19786,16741
18491,19646,16887
18667,19849,15929
18238,19460,17094
18581,19692,16826
18328,19506,17033
18418,19552,16972
18671,19738,16765
18508,19598,16911
18684,19801,15953
18598,19644,16850
18345,19458,17057
18688,19690,16789
18435,19504,16996
18525,19550,16935
18701,19753,15977
18615,19596,16874
18362,19410,17081
18705,19642,16813
18452,19456,17020
18718,19705,16001
18542,19502,16959
18632,19548,16898
18722,19594,16837
18735,19657,16025
18469,19408,17044
18559,19454,16983
18649,19500,16922
18739,19546,16861
18752,19609,16049
18486,19360,17068
18576,19406,17007
18666,19452,16946
18756,19498,16885
18769,19561,16073
18593,19358,17031
18683,19404,16970
18773,19450,16909
18786,19513,16097
18610,19310,17055
18700,19356,16994
18790,19402,16933
18803,19465,16121
18717,19308,17018
18807,19354,16957
18820,19417,16145
18734,19260,17042
18824,19306,16981
18837,19369,16169
18841,19258,17005
18854,19321,16193
18858,19210,17029
18871,19273,16217
18948,19256,16968
18965,19208,16992
18982,19160,17016
18995,19223,16204
18978,19271,16180
19072,19206,16955
19089,19158,16979
19106,19110,17003
19119,19173,16191
19102,19221,16167
18286,21001,13223
19196,19156,16942
19213,19108,16966
18366,20999,15316
18383,20951,15340
18400,20903,15364
18417,20855,15388
20793,15313,16068
18434,20807,15412
19243,19123,16178
19230,19060,16990
19226,19171,16154
18451,20759,15436
18468,20711,15460
18410,20951,13210
18485,20663,15484
18490,20949,15303
18507,20901,15327
18502,20615,15508
19320,19106,16929
18524,20853,15351
19337,19058,16953
18519,20567,15532
18541,20805,15375
18558,20757,15399
18536,20519,15556
18575,20709,15423
18553,20471,15580
18592,20661,15447
19367,19073,16165
19354,19010,16977
19350,19121,16141
18570,20423,15604
18534,20901,13197
18609,20613,15471
18614,20899,15290
18631,20851,15314
18587,20375,15628
18626,20565,15495
18648,20803,15338
18643,20517,15519
18665,20755,15362
18604,20327,15652
19444,19056,16916
19461,19008,16940
18678,19899,13693
18660,20469,15543
18621,20279,15676
18677,20421,15567
18638,20231,15700
18658,20851,13184
18655,20183,15724
18672,20135,15748
18757,19895,15868
18774,19847,15892
18791,19799,15916
18808,19751,15940
18864,19893,15831
18881,19845,15855
18825,19703,15964
18898,19797,15879
18842,19655,15988
18915,19749,15903
18913,19891,13725
18988,19843,15818
18932,19701,15927
18859,19607,16012
19005,19795,15842
18949,19653,15951
19022,19747,15866
18876,19559,16036
19078,19889,15757
19095,19841,15781
18966,19605,15975
19039,19699,15890
18893,19511,16060
19112,19793,15805
19056,19651,15914
18983,19557,15999
19129,19745,15829
19148,19883,13757
18910,19463,16084
19202,19839,15744
19073,19603,15938
19146,19697,15853
19000,19509,16023
19219,19791,15768
18927,19415,16108
19163,19649,15877
19090,19555,15962
19236,19743,15792
19017,19461,16047
19203,19841,15662
18944,19367,16132
19180,19601,15901
19253,19695,15816
19107,19507,15986
19220,19793,15686
19034,19413,16071
18961,19319,16156
19197,19553,15925
19270,19647,15840
19237,19745,15710
19124,19459,16010
19051,19365,16095
19287,19599,15864
19254,19697,15734
19214,19505,15949
19141,19411,16034
19068,19317,16119
19271,19649,15758
19304,19551,15888
19231,19457,15973
19158,19363,16058
19288,19601,15782
19085,19269,16143
19383,19875,13789
19321,19503,15912
19248,19409,15997
19416,19835,15670
19175,19315,16082
19305,19553,15806
19338,19455,15936
19265,19361,16021
19433,19787,15694
19192,19267,16106
19322,19505,15830
19355,19407,15960
19450,19739,15718
19282,19313,16045
19339,19457,15854
19209,19219,16130
19467,19691,15742
19372,19359,15984
19299,19265,16069
19356,19409,15878
19389,19311,16008
19316,19217,16093
19373,19361,15902
19406,19263,16032
19333,19169,16117
19390,19313,15926
19423,19215,16056
19407,19265,15950
19440,19167,16080
19424,19217,15974
19457,19119,16104
19441,19169,15998
19458,19121,16022
21679,15312,14984
21696,15264,15008
21713,15216,15032
18782,20801,13171
18906,20751,13158
19030,20701,13145
19154,20651,13132
19278,20601,13119
21730,15168,15056
19402,20551,13106
19163,21164,13090
19287,21114,13077
19411,21064,13064
20403,20664,12960
20527,20614,12947
21747,15120,15080
21067,17040,14120
21084,16992,14144
21101,16944,14168
21118,16896,14192
21135,16848,14216
21152,16800,14240
21169,16752,14264
21186,16704,14288
21203,16656,14312
21220,16608,14336
21237,16560,14360
21254,16512,14384
21271,16464,14408
21288,16416,14432
21305,16368,14456
21322,16320,14480
21339,16272,14504
22712,17029,14044
22729,16981,14068
21356,16224,14528
22746,16933,14092
22763,16885,14116
21373,16176,14552
22780,16837,14140
22797,16789,14164
21390,16128,14576
22814,16741,14188
22831,16693,14212
21407,16080,14600
22848,16645,14236
22865,16597,14260
21424,16032,14624
22882,16549,14284
22899,16501,14308
21441,15984,14648
22916,16453,14332
22933,16405,14356
21458,15936,14672
22950,16357,14380
21764,15072,15104
22967,16309,14404
21475,15888,14696
22984,16261,14428
21492,15840,14720
23001,16213,14452
23018,16165,14476
21509,15792,14744
23035,16117,14500
23052,16069,14524
21526,15744,14768
23069,16021,14548
21543,15696,14792
23086,15973,14572
21560,15648,14816
21577,15600,14840
21594,15552,14864
21611,15504,14888
21628,15456,14912
21645,15408,14936
21662,15360,14960
