obj0,obj1,obj2,obj3,obj4,cpu
41096,30789,24595,44114,23279,0
34699,31206,30159,38797,22726,0
37471,31918,20908,34509,26830,0
37276,31821,23007,40960,21967,0
35459,27468,20780,36465,24379,0
35299,31650,22989,32842,26388,0
35104,31553,25088,39293,21525,0
33287,27200,22861,34798,23937,0
33709,27869,27163,32916,28177,0
33458,25892,31718,36053,25847,0
33571,28123,28362,32653,28311,0
37334,31048,27096,39640,20538,0
35517,26695,24869,35145,22950,0
34486,27673,25116,33521,25664,0
39279,26436,22368,39619,25691,0
32882,26853,27932,34302,25138,0
36076,29081,26900,39727,21221,0
34259,24728,24673,35232,23633,0
32882,32799,25688,30440,26789,0
32687,32702,27787,36891,21926,0
30870,28349,25560,32396,24338,0
32744,33053,26887,30177,26923,0
32549,32956,28986,36628,22060,0
30732,28603,26759,32133,24472,0
38466,24536,28328,37048,31252,0
35721,32319,27291,30960,30628,0
34770,28596,30617,31376,30038,0
34543,25651,30174,33087,28007,0
35583,32573,28490,30697,30762,0
34779,32451,30994,36975,21073,0
32962,28098,28767,32480,23485,0
31931,29076,29014,30856,26199,0
33521,30484,30798,37062,21756,0
31704,26131,28571,32567,24168,0
38232,31015,24863,42505,22893,0
33643,31896,29643,38436,22852,0
36415,26662,22636,38010,25305,0
31826,27543,27416,33941,25264,0
31915,30742,29058,31967,27429,0
36060,30747,26944,40838,22451,0
33505,32150,30842,38173,22986,0
34243,26394,24717,36343,24863,0
31688,27797,28615,33678,25398,0
33792,27973,27223,33031,28160,0
38090,29919,26729,38710,22423,0
38173,30023,26789,38825,22406,0
33377,28618,29067,33055,23400,0
33460,28722,29127,33170,23383,0
33546,33631,26168,31360,26653,0
33629,33735,26228,31475,26636,0
37534,30068,22280,39340,23954,0
37617,30172,22340,39455,23937,0
36830,27182,22936,38585,25220,0
35465,31858,23109,33072,26354,0
35548,31962,23169,33187,26337,0
35804,32423,27351,31075,30611,0
33624,26100,31838,36283,25813,0
38007,29815,26669,38595,22440,0
38588,30543,27089,39400,22321,0
38671,30647,27149,39515,22304,0
33211,28410,28947,32825,23434,0
33294,28514,29007,32940,23417,0
34622,30178,29967,34780,23145,0
34705,30282,30027,34895,23128,0
35172,25872,25333,36497,23446,0
35255,25976,25393,36612,23429,0
37886,32438,21208,35084,26745,0
37969,32542,21268,35199,26728,0
32965,32903,25748,30555,26772,0
33048,33007,25808,30670,26755,0
36538,28820,21560,37960,24158,0
36621,28924,21620,38075,24141,0
36581,26870,22756,38240,25271,0
36664,26974,22816,38355,25254,0
33775,31989,27660,36421,23743,0
33858,32093,27720,36536,23726,0
31992,27751,27536,34171,25230,0
32075,27855,27596,34286,25213,0
35382,31754,23049,32957,26371,0
32827,33157,26947,30292,26906,0
35445,29904,24421,37788,23495,0
35528,30008,24481,37903,23478,0
38549,24640,28388,37163,31235,0
33541,25996,31778,36168,25830,0
35849,27111,25109,35605,22882,0
35932,27215,25169,35720,22865,0
38339,30231,26909,39055,22372,0
38422,30335,26969,39170,22355,0
33128,28306,28887,32710,23451,0
33875,29242,29427,33745,23298,0
33958,29346,29487,33860,23281,0
34788,30386,30087,35010,23111,0
34871,30490,30147,35125,23094,0
34984,28297,25476,34211,25562,0
32761,30116,29614,32006,26029,0
32844,30220,29674,32121,26012,0
34342,24832,24733,35347,23616,0
34425,24936,24793,35462,23599,0
31787,26235,28631,32682,24151,0
31870,26339,28691,32797,24134,0
37554,32022,20968,34624,26813,0
38135,32750,21388,35429,26694,0
38218,32854,21448,35544,26677,0
33297,33319,25988,31015,26704,0
33380,33423,26048,31130,26687,0
33795,33943,26348,31705,26602,0
33878,34047,26408,31820,26585,0
36455,28716,21500,37845,24175,0
36704,29028,21680,38190,24124,0
38530,31316,23000,40720,23750,0
38613,31420,23060,40835,23733,0
36498,26766,22696,38125,25288,0
36747,27078,22876,38470,25237,0
32447,30325,26700,34581,24015,0
32530,30429,26760,34696,23998,0
31909,27647,27476,34056,25247,0
32158,27959,27656,34401,25196,0
34283,28448,23581,36178,23733,0
34366,28552,23641,36293,23716,0
30815,28707,26819,32248,24455,0
35102,29012,30857,31836,29970,0
34626,25755,30234,33202,27990,0
35666,32677,28550,30812,30745,0
35600,26799,24929,35260,22933,0
37177,28775,26069,37445,22610,0
37260,28879,26129,37560,22593,0
38256,30127,26849,38940,22389,0
38505,30439,27029,39285,22338,0
33045,28202,28827,32595,23468,0
33626,28930,29247,33400,23349,0
33709,29034,29307,33515,23332,0
34290,29762,29727,34320,23213,0
34373,29866,29787,34435,23196,0
35037,30698,30267,35355,23060,0
35120,30802,30327,35470,23043,0
34818,28089,25356,33981,25596,0
34901,28193,25416,34096,25579,0
32014,29180,29074,30971,26182,0
32965,26957,27992,34417,25121,0
35089,25768,25273,36382,23463,0
32700,27379,29291,33947,23964,0
32783,27483,29351,34062,23947,0
37720,32230,21088,34854,26779,0
37803,32334,21148,34969,26762,0
38052,32646,21328,35314,26711,0
33214,33215,25928,30900,26721,0
33463,33527,26108,31245,26670,0
33712,33839,26288,31590,26619,0
36372,28612,21440,37730,24192,0
36787,29132,21740,38305,24107,0
38281,31004,22820,40375,23801,0
38364,31108,22880,40490,23784,0
38862,31732,23240,41180,23682,0
31783,29493,26220,33661,24151,0
31866,29597,26280,33776,24134,0
33526,31677,27480,36076,23794,0
33609,31781,27540,36191,23777,0
33941,32197,27780,36651,23709,0
34024,32301,27840,36766,23692,0
32407,28271,27836,34746,25145,0
35797,32274,23349,33532,26286,0
35880,32378,23409,33647,26269,0
32910,33261,27007,30407,26889,0
34200,28344,23521,36063,23750,0
34947,29280,24061,37098,23597,0
35030,29384,24121,37213,23580,0
35611,30112,24541,38018,23461,0
35694,30216,24601,38133,23444,0
35887,32527,27411,31190,30594,0
35970,32631,27471,31305,30577,0
33875,28077,27283,33146,28143,0
34936,28804,30737,31606,30004,0
35019,28908,30797,31721,29987,0
35749,32781,28610,30927,30728,0
33654,28227,28422,32768,28294,0
35683,26903,24989,35375,22916,0
35766,27007,25049,35490,22899,0
36596,28047,25649,36640,22729,0
36679,28151,25709,36755,22712,0
37343,28983,26189,37675,22576,0
38754,30751,27209,39630,22287,0
33543,28826,29187,33285,23366,0
33792,29138,29367,33630,23315,0
34207,29658,29667,34205,23230,0
34456,29970,29847,34550,23179,0
34954,30594,30207,35240,23077,0
34569,27777,25176,33636,25647,0
34652,27881,25236,33751,25630,0
32097,29284,29134,31086,26165,0
32180,29388,29194,31201,26148,0
34674,25248,24973,35807,23548,0
34757,25352,25033,35922,23531,0
35670,26496,25693,37187,23344,0
35753,26600,25753,37302,23327,0
32617,27275,29231,33832,23981,0
37637,32126,21028,34739,26796,0
38799,33582,21868,36349,26558,0
33131,33111,25868,30785,26738,0
35542,27572,20840,36580,24362,0
35625,27676,20900,36695,24345,0
37202,29652,22040,38880,24022,0
37285,29756,22100,38995,24005,0
38115,30796,22700,40145,23835,0
38198,30900,22760,40260,23818,0
38447,31212,22940,40605,23767,0
38696,31524,23120,40950,23716,0
38779,31628,23180,41065,23699,0
31368,28973,25920,33086,24236,0
31451,29077,25980,33201,24219,0
32281,30117,26580,34351,24049,0
32364,30221,26640,34466,24032,0
33443,31573,27420,35961,23811,0
33692,31885,27600,36306,23760,0
34107,32405,27900,36881,23675,0
34190,32509,27960,36996,23658,0
32241,28063,27716,34516,25179,0
35631,32066,23229,33302,26320,0
35714,32170,23289,33417,26303,0
33702,27720,23161,35373,23852,0
33785,27824,23221,35488,23835,0
34615,28864,23821,36638,23665,0
34698,28968,23881,36753,23648,0
35362,29800,24361,37673,23512,0
35860,30424,24721,38363,23410,0
35943,30528,24781,38478,23393,0
30898,28811,26879,32363,24438,0
34853,28700,30677,31491,30021,0
34709,25859,30294,33317,27973,0
36098,27423,25289,35950,22831,0
36181,27527,25349,36065,22814,0
36845,28359,25829,36985,22678,0
36928,28463,25889,37100,22661,0
37509,29191,26309,37905,22542,0
37592,29295,26369,38020,22525,0
34041,29450,29547,33975,23264,0
34124,29554,29607,34090,23247,0
34539,30074,29907,34665,23162,0
34735,27985,25296,33866,25613,0
32263,29492,29254,31316,26131,0
39362,26540,22428,39734,25674,0
39445,26644,22488,39849,25657,0
34508,25040,24853,35577,23582,0
34591,25144,24913,35692,23565,0
35006,25664,25213,36267,23480,0
35587,26392,25633,37072,23361,0
32534,27171,29171,33717,23998,0
32949,27691,29471,34292,23913,0
33032,27795,29531,34407,23896,0
38716,33478,21808,36234,26575,0
36206,28404,21320,37500,24226,0
36289,28508,21380,37615,24209,0
36953,29340,21860,38535,24073,0
37036,29444,21920,38650,24056,0
37451,29964,22220,39225,23971,0
37949,30588,22580,39915,23869,0
38032,30692,22640,40030,23852,0
31285,28869,25860,32971,24253,0
31700,29389,26160,33546,24168,0
31949,29701,26340,33891,24117,0
32032,29805,26400,34006,24100,0
32945,30949,27060,35271,23913,0
33028,31053,27120,35386,23896,0
32324,28167,27776,34631,25162,0
33619,27616,23101,35258,23869,0
34117,28240,23461,35948,23767,0
34532,28760,23761,36523,23682,0
34864,29176,24001,36983,23614,0
35113,29488,24181,37328,23563,0
35196,29592,24241,37443,23546,0
35777,30320,24661,38248,23427,0
36053,32735,27531,31420,30560,0
34792,25963,30354,33432,27956,0
36015,27319,25229,35835,22848,0
36264,27631,25409,36180,22797,0
36762,28255,25769,36870,22695,0
37011,28567,25949,37215,22644,0
37426,29087,26249,37790,22559,0
37841,29607,26549,38365,22474,0
37924,29711,26609,38480,22457,0
32512,29804,29434,31661,26080,0
32595,29908,29494,31776,26063,0
37144,29621,26816,40747,21827,0
37322,29711,26802,40917,21928,0
34840,25456,25093,36037,23514,0
35421,26184,25513,36842,23395,0
35504,26288,25573,36957,23378,0
32285,26859,28991,33372,24049,0
32368,26963,29051,33487,24032,0
32866,27587,29411,34177,23930,0
33115,27899,29591,34522,23879,0
38301,32958,21508,35659,26660,0
38384,33062,21568,35774,26643,0
35851,33514,26415,39075,22822,0
35964,33543,26366,39153,22854,0
35791,27884,21020,36925,24311,0
35874,27988,21080,37040,24294,0
36870,29236,21800,38420,24090,0
37119,29548,21980,38765,24039,0
37368,29860,22160,39110,23988,0
37783,30380,22460,39685,23903,0
37866,30484,22520,39800,23886,0
31036,28557,25680,32626,24304,0
31119,28661,25740,32741,24287,0
31534,29181,26040,33316,24202,0
31617,29285,26100,33431,24185,0
32115,29909,26460,34121,24083,0
32613,30533,26820,34811,23981,0
32696,30637,26880,34926,23964,0
33360,31469,27360,35846,23828,0
36046,32586,23529,33877,26235,0
36129,32690,23589,33992,26218,0
36884,32453,24948,40993,22535,0
37062,32543,24934,41163,22636,0
33536,27512,23041,35143,23886,0
34034,28136,23401,35833,23784,0
34449,28656,23701,36408,23699,0
34781,29072,23941,36868,23631,0
35279,29696,24301,37558,23529,0
33958,28181,27343,33261,28126,0
34875,26067,30414,33547,27939,0
36347,27735,25469,36295,22780,0
37094,28671,26009,37330,22627,0
37758,29503,26489,38250,22491,0
35452,31218,30567,35930,22975,0
32346,29596,29314,31431,26114,0
32678,30012,29554,31891,26046,0
36788,29441,26844,40407,21625,0
36966,29531,26830,40577,21726,0
35103,30890,30112,38154,22204,0
35216,30919,30063,38232,22236,0
34923,25560,25153,36152,23497,0
35338,26080,25453,36727,23412,0
32202,26755,28931,33257,24066,0
32451,27067,29111,33602,24015,0
33198,28003,29651,34637,23862,0
38550,33270,21688,36004,26609,0
38633,33374,21748,36119,26592,0
33591,32934,27395,37515,22182,0
33704,32963,27346,37593,22214,0
35708,27780,20960,36810,24328,0
36123,28300,21260,37385,24243,0
37700,30276,22400,39570,23920,0
30953,28453,25620,32511,24321,0
31202,28765,25800,32856,24270,0
32198,30013,26520,34236,24066,0
32779,30741,26940,35041,23947,0
32862,30845,27000,35156,23930,0
33277,31365,27300,35731,23845,0
35963,32482,23469,33762,26252,0
36706,32363,24962,40823,22434,0
32888,33043,28839,36862,22156,0
33370,27304,22921,34913,23920,0
33453,27408,22981,35028,23903,0
33868,27928,23281,35603,23818,0
33951,28032,23341,35718,23801,0
38224,31498,27026,40490,21043,0
38402,31588,27012,40660,21144,0
35231,32567,30798,37287,21201,0
35344,32596,30749,37365,21233,0
36513,27943,25589,36525,22746,0
37675,29399,26429,38135,22508,0
35203,30906,30387,35585,23026,0
32429,29700,29374,31546,26097,0
39528,26748,22548,39964,25640,0
36610,29351,26858,40237,21524,0
37678,29891,26774,41257,22130,0
37856,29981,26760,41427,22231,0
34990,30861,30161,38076,22172,0
31953,26443,28751,32912,24117,0
32036,26547,28811,33027,24100,0
38467,33166,21628,35889,26626,0
34210,34463,26648,32280,26517,0
33478,32905,27444,37437,22150,0
34043,33050,27199,37827,22310,0
34156,33079,27150,37905,22342,0
35957,28092,21140,37155,24277,0
36040,28196,21200,37270,24260,0
33111,31157,27180,35501,23879,0
36378,33002,23769,34337,26167,0
36461,33106,23829,34452,26150,0
35816,31913,25032,39973,21929,0
35994,32003,25018,40143,22030,0
32775,33014,28888,36784,22124,0
33844,32237,30695,38407,23082,0
34041,28285,27403,33376,28109,0
37868,31318,27054,40150,20841,0
38046,31408,27040,40320,20942,0
35118,32538,30847,37209,21169,0
37717,33205,29720,39003,21905,0
36430,27839,25529,36410,22763,0
35369,31114,30507,35815,22992,0
35038,31293,30012,39031,22822,0
35151,31322,29963,39109,22854,0
36254,29171,26886,39897,21322,0
37500,29801,26788,41087,22029,0
34877,30832,30210,37998,22140,0
35894,31093,29769,38700,22428,0
36007,31122,29720,38778,22460,0
32119,26651,28871,33142,24083,0
34690,33263,24904,31688,27301,0
34803,33292,24855,31766,27333,0
34127,34359,26588,32165,26534,0
33365,32876,27493,37359,22118,0
33817,32992,27297,37671,22246,0
35173,33340,26709,38607,22630,0
35286,33369,26660,38685,22662,0
34095,32012,29447,38748,22980,0
34208,32041,29398,38826,23012,0
33194,31261,27240,35616,23862,0
37079,32550,22849,34542,27398,0
37257,32640,22835,34712,27499,0
36295,32898,23709,34222,26184,0
35282,31643,25074,39463,21626,0
35460,31733,25060,39633,21727,0
36528,32273,24976,40653,22333,0
37240,32633,24920,41333,22737,0
32662,32985,28937,36706,22092,0
33731,32208,30744,38329,23050,0
37512,31138,27082,39810,20639,0
37690,31228,27068,39980,20740,0
35005,32509,30896,37131,21137,0
35796,32712,30553,37677,21361,0
35909,32741,30504,37755,21393,0
36585,27235,24785,36165,23556,0
35286,31010,30447,35700,23009,0
33287,29424,28426,31792,26583,0
33400,29453,28377,31870,26615,0
34925,31264,30061,38953,22790,0
32995,26882,27883,34380,25170,0
33108,26911,27834,34458,25202,0
36432,29261,26872,40067,21423,0
38034,30071,26746,41597,22332,0
34086,30629,30553,37452,21916,0
34199,30658,30504,37530,21948,0
35442,30977,29965,38388,22300,0
35555,31006,29916,38466,22332,0
36233,31180,29622,38934,22524,0
36346,31209,29573,39012,22556,0
36039,25628,24533,36932,24643,0
36217,25718,24519,37102,24744,0
34577,33234,24953,31610,27269,0
34916,33321,24806,31844,27365,0
35029,33350,24757,31922,27397,0
33961,34151,26468,31935,26568,0
39026,33809,23875,40946,23563,0
33026,32789,27640,37125,22022,0
33139,32818,27591,37203,22054,0
33930,33021,27248,37749,22278,0
34947,33282,26807,38451,22566,0
35060,33311,26758,38529,22598,0
35512,33427,26562,38841,22726,0
35625,33456,26513,38919,22758,0
33756,31925,29594,38514,22884,0
33869,31954,29545,38592,22916,0
34999,32244,29055,39372,23236,0
35833,31920,22947,33352,26691,0
36011,32010,22933,33522,26792,0
37435,32730,22821,34882,27600,0
36212,32794,23649,34107,26201,0
36544,33210,23889,34567,26133,0
35638,31823,25046,39803,21828,0
36172,32093,25004,40313,22131,0
36350,32183,24990,40483,22232,0
33618,32179,30793,38251,23018,0
34892,32480,30945,37053,21105,0
35570,32654,30651,37521,21297,0
35683,32683,30602,37599,21329,0
36813,32973,30112,38379,21649,0
36926,33002,30063,38457,21681,0
36229,27055,24813,35825,23354,0
36407,27145,24799,35995,23455,0
32383,29192,28818,31168,26327,0
32496,29221,28769,31246,26359,0
34812,31235,30110,38875,22758,0
33860,30571,30651,37296,21852,0
33973,30600,30602,37374,21884,0
34312,30687,30455,37608,21980,0
34425,30716,30406,37686,22012,0
35329,30948,30014,38310,22268,0
35668,31035,29867,38544,22364,0
35781,31064,29818,38622,22396,0
36120,31151,29671,38856,22492,0
35861,25538,24547,36762,24542,0
32995,32828,25639,30518,26821,0
33108,32857,25590,30596,26853,0
34044,34255,26528,32050,26551,0
37776,32389,23255,40956,22423,0
37901,32531,23317,40955,22537,0
39048,31703,24719,42393,23085,0
39099,31746,24710,42386,23097,0
32800,32731,27738,36969,21958,0
33252,32847,27542,37281,22086,0
34608,33195,26954,38217,22470,0
34721,33224,26905,38295,22502,0
35399,33398,26611,38763,22694,0
35738,33485,26464,38997,22790,0
33982,31983,29496,38670,22948,0
34547,32128,29251,39060,23108,0
34660,32157,29202,39138,23140,0
35477,31740,22975,33012,26489,0
36901,32460,22863,34372,27297,0
33083,33140,26740,30411,27019,0
31071,28690,26612,32367,24568,0
34084,28295,27349,32913,28519,0
35457,32625,30700,37443,21265,0
36700,32944,30161,38301,21617,0
37265,33089,29916,38691,21777,0
37378,33118,29867,38769,21809,0
35695,26785,24855,35315,23051,0
35873,26875,24841,35485,23152,0
35376,28123,25046,34371,26169,0
35554,28213,25032,34541,26270,0
32044,29105,28965,30934,26231,0
33174,29395,28475,31714,26551,0
35264,31351,29914,39187,22886,0
35377,31380,29865,39265,22918,0
33221,26940,27785,34536,25234,0
33634,30513,30749,37140,21788,0
33747,30542,30700,37218,21820,0
34764,30803,30259,37920,22108,0
34971,25088,24617,35912,24037,0
35149,25178,24603,36082,24138,0
36929,26078,24463,37782,25148,0
37107,26168,24449,37952,25249,0
32721,26392,28130,33269,24456,0
32834,26421,28081,33347,24488,0
34125,33118,25149,31298,27141,0
34238,33147,25100,31376,27173,0
37651,32247,23193,40957,22309,0
38901,33667,23813,40947,23449,0
38640,31359,24791,42449,22989,0
38691,31402,24782,42442,23001,0
39150,31789,24701,42379,23109,0
32913,32760,27689,37047,21990,0
34269,33108,27101,37983,22374,0
34834,33253,26856,38373,22534,0
34321,32070,29349,38904,23044,0
34773,32186,29153,39216,23172,0
34886,32215,29104,39294,23204,0
32052,27601,27318,34097,25328,0
32165,27630,27269,34175,25360,0
35655,31830,22961,33182,26590,0
36545,32280,22891,34032,27095,0
36723,32370,22877,34202,27196,0
36627,33314,23949,34682,26116,0
32970,33111,26789,30333,26987,0
30845,28632,26710,32211,24504,0
33834,28011,27225,32915,28291,0
36361,32857,30308,38067,21521,0
36474,32886,30259,38145,21553,0
37039,33031,30014,38535,21713,0
37152,33060,29965,38613,21745,0
37604,33176,29769,38925,21873,0
36051,26965,24827,35655,23253,0
33866,28330,28375,33104,23741,0
33979,28359,28326,33182,23773,0
34842,27853,25088,33861,25866,0
35020,27943,25074,34031,25967,0
32270,29163,28867,31090,26295,0
32609,29250,28720,31324,26391,0
32722,29279,28671,31402,26423,0
34538,30745,30357,37764,22044,0
34651,30774,30308,37842,22076,0
34437,24818,24659,35402,23734,0
35683,25448,24561,36592,24441,0
36573,25898,24491,37442,24946,0
36751,25988,24477,37612,25047,0
37285,26258,24435,38122,25350,0
32608,26363,28179,33191,24424,0
33399,26566,27836,33737,24648,0
33512,26595,27787,33815,24680,0
38478,31155,22755,36047,27768,0
38529,31198,22746,36040,27780,0
34012,33089,25198,31220,27109,0
34351,33176,25051,31454,27205,0
34464,33205,25002,31532,27237,0
35368,33437,24610,32156,27493,0
35481,33466,24561,32234,27525,0
37526,32105,23131,40958,22195,0
38026,32673,23379,40954,22651,0
38589,31316,24800,42456,22977,0
38742,31445,24773,42435,23013,0
38793,31488,24764,42428,23025,0
34495,33166,27003,38139,22438,0
34434,32099,29300,38982,23076,0
31939,27572,27367,34019,25296,0
32730,27775,27024,34565,25520,0
32843,27804,26975,34643,25552,0
36367,32190,22905,33862,26994,0
32857,33082,26838,30255,26955,0
32028,30771,29009,32045,27461,0
30958,28661,26661,32289,24536,0
33959,28153,27287,32914,28405,0
36022,32770,30455,37833,21425,0
36587,32915,30210,38223,21585,0
37491,33147,29818,38847,21841,0
33301,28185,28620,32714,23581,0
33414,28214,28571,32792,23613,0
35109,28649,27836,33962,24093,0
35222,28678,27787,34040,24125,0
34664,27763,25102,33691,25765,0
35198,28033,25060,34201,26068,0
32157,29134,28916,31012,26263,0
32835,29308,28622,31480,26455,0
35490,31409,29816,39343,22950,0
34012,27143,27442,35082,25458,0
34125,27172,27393,35160,25490,0
34793,24998,24631,35742,23936,0
35505,25358,24575,36422,24340,0
36395,25808,24505,37272,24845,0
37463,26348,24421,38292,25451,0
32269,26276,28326,32957,24328,0
32382,26305,28277,33035,24360,0
33060,26479,27983,33503,24552,0
33173,26508,27934,33581,24584,0
38784,31413,22701,36005,27840,0
38835,31456,22692,35998,27852,0
33673,33002,25345,30986,27013,0
33786,33031,25296,31064,27045,0
35255,33408,24659,32078,27461,0
37401,31963,23069,40959,22081,0
38776,33525,23751,40948,23335,0
38538,31273,24809,42463,22965,0
38844,31531,24755,42421,23037,0
38895,31574,24746,42414,23049,0
34382,33137,27052,38061,22406,0
37078,27221,22519,37919,25461,0
37129,27264,22510,37912,25473,0
32617,27746,27073,34487,25488,0
36189,32100,22919,33692,26893,0
31801,27826,28566,33756,25430,0
31914,27855,28517,33834,25462,0
36248,32828,30357,37989,21489,0
33075,28127,28718,32558,23517,0
33753,28301,28424,33026,23709,0
34092,28388,28277,33260,23805,0
34205,28417,28228,33338,23837,0
35674,28794,27591,34352,24253,0
35732,28303,25018,34711,26371,0
33061,29366,28524,31636,26519,0
33673,27056,27589,34848,25362,0
33786,27085,27540,34926,25394,0
36798,31325,29377,39324,22684,0
34615,24908,24645,35572,23835,0
35327,25268,24589,36252,24239,0
37997,26618,24379,38802,25754,0
32156,26247,28375,32879,24296,0
32495,26334,28228,33113,24392,0
32947,26450,28032,33425,24520,0
33286,26537,27885,33659,24616,0
38631,31284,22728,36026,27804,0
38682,31327,22719,36019,27816,0
38886,31499,22683,35991,27864,0
38937,31542,22674,35984,27876,0
33560,32973,25394,30908,26981,0
33899,33060,25247,31142,27077,0
35142,33379,24708,32000,27429,0
35820,33553,24414,32468,27621,0
35933,33582,24365,32546,27653,0
38651,33383,23689,40949,23221,0
38385,31144,24836,42484,22929,0
38436,31187,24827,42477,22941,0
38997,31660,24728,42400,23073,0
34521,32570,29459,38409,23064,0
34572,32613,29450,38402,23076,0
34554,32399,29366,38685,23088,0
34605,32442,29357,38678,23100,0
36772,26963,22573,37961,25389,0
36823,27006,22564,37954,25401,0
30983,28378,25511,32474,24370,0
32278,27659,27220,34253,25392,0
32391,27688,27171,34331,25424,0
32956,27833,26926,34721,25584,0
33069,27862,26877,34799,25616,0
36104,32689,25584,39285,22437,0
36229,32831,25646,39284,22551,0
33643,27380,22833,35138,24139,0
33821,27470,22819,35308,24240,0
36135,32799,30406,37911,21457,0
33188,28156,28669,32636,23549,0
33527,28243,28522,32870,23645,0
34996,28620,27885,33884,24061,0
35335,28707,27738,34118,24157,0
35448,28736,27689,34196,24189,0
32948,29337,28573,31558,26487,0
33447,26998,27687,34692,25298,0
33560,27027,27638,34770,25330,0
33899,27114,27491,35004,25426,0
36685,31296,29426,39246,22652,0
37641,26438,24407,38462,25552,0
31817,26160,28522,32645,24200,0
31930,26189,28473,32723,24232,0
33625,26624,27738,33893,24712,0
33738,26653,27689,33971,24744,0
38580,31241,22737,36033,27792,0
38733,31370,22710,36012,27828,0
39192,31757,22629,35949,27936,0
39243,31800,22620,35942,27948,0
33447,32944,25443,30830,26949,0
35594,33495,24512,32312,27557,0
36272,33669,24218,32780,27749,0
38151,32815,23441,40953,22765,0
38276,32957,23503,40952,22879,0
38283,31058,24854,42498,22905,0
38334,31101,24845,42491,22917,0
38487,31230,24818,42470,22953,0
38946,31617,24737,42407,23061,0
34062,34264,28469,36880,23180,0
34187,34406,28531,36879,23294,0
34470,32527,29468,38416,23052,0
34645,32542,29379,38579,23104,0
34696,32585,29370,38572,23116,0
34503,32356,29375,38692,23076,0
34656,32485,29348,38671,23112,0
37834,30166,21958,36446,26545,0
37959,30308,22020,36445,26659,0
36466,26705,22627,38003,25317,0
37027,27178,22528,37926,25449,0
37180,27307,22501,37905,25485,0
37231,27350,22492,37898,25497,0
36632,26913,22747,38233,25283,0
36715,27017,22807,38348,25266,0
31435,28494,25315,32786,24498,0
31548,28523,25266,32864,24530,0
32504,27717,27122,34409,25456,0
33182,27891,26828,34877,25648,0
35229,31695,25150,39292,21639,0
36519,31134,26863,40775,22559,0
33465,27290,22847,34968,24038,0
33999,27560,22805,35478,24341,0
34177,27650,22791,35648,24442,0
33640,28272,28473,32948,23677,0
34544,28504,28081,33572,23933,0
34657,28533,28032,33650,23965,0
35561,28765,27640,34274,24221,0
33513,29482,28328,31948,26647,0
33334,26969,27736,34614,25266,0
36459,31238,29524,39090,22588,0
37819,26528,24393,38632,25653,0
32043,26218,28424,32801,24264,0
39090,31671,22647,35963,27912,0
39141,31714,22638,35956,27924,0
39345,31886,22602,35928,27972,0
33334,32915,25492,30752,26917,0
35707,33524,24463,32390,27589,0
36159,33640,24267,32702,27717,0
38526,33241,23627,40950,23107,0
33937,34122,28407,36881,23066,0
33847,32068,29607,38408,22900,0
33898,32111,29598,38401,22912,0
34266,32355,29504,38444,23004,0
34317,32398,29495,38437,23016,0
34175,32212,29491,38550,22988,0
34226,32255,29482,38543,23000,0
34237,32198,29451,38635,23008,0
34288,32241,29442,38628,23020,0
34350,32227,29402,38713,23040,0
34401,32270,29393,38706,23052,0
35447,32688,29005,39217,23336,0
36834,29030,21462,36454,25633,0
36959,29172,21524,36453,25747,0
36721,26920,22582,37968,25377,0
36874,27049,22555,37947,25413,0
37333,27436,22474,37884,25521,0
36549,26809,22687,38118,25300,0
36798,27121,22867,38463,25249,0
31096,28407,25462,32552,24402,0
31209,28436,25413,32630,24434,0
35979,32547,25522,39286,22323,0
36417,31048,26881,40789,22535,0
36825,31392,26809,40733,22631,0
36876,31435,26800,40726,22643,0
34431,28475,28130,33494,23901,0
34883,28591,27934,33806,24029,0
33626,29511,28279,32026,26679,0
36572,31267,29475,39168,22620,0
34755,26914,27248,34673,25032,0
34868,26943,27199,34751,25064,0
38988,31585,22665,35977,27888,0
39294,31843,22611,35935,27960,0
33221,32886,25541,30674,26885,0
36046,33611,24316,32624,27685,0
38401,33099,23565,40951,22993,0
33812,33980,28345,36882,22952,0
34437,34690,28655,36877,23522,0
33694,31939,29634,38429,22864,0
33960,32097,29558,38486,22932,0
34011,32140,29549,38479,22944,0
34419,32484,29477,38423,23040,0
34674,32699,29432,38388,23100,0
33920,31997,29536,38585,22928,0
33971,32040,29527,38578,22940,0
34033,32026,29487,38663,22960,0
34084,32069,29478,38656,22972,0
34543,32456,29397,38593,23080,0
34594,32499,29388,38586,23092,0
34299,32184,29411,38720,23028,0
34452,32313,29384,38699,23064,0
34882,32543,29250,38827,23176,0
34933,32586,29241,38820,23188,0
35148,32701,29174,38884,23244,0
34824,32229,29144,39209,23184,0
34875,32272,29135,39202,23196,0
35039,32344,29077,39273,23240,0
35090,32387,29068,39266,23252,0
36209,28320,21152,36459,25063,0
36334,28462,21214,36458,25177,0
37709,30024,21896,36447,26431,0
38084,30450,22082,36444,26773,0
38209,30592,22144,36443,26887,0
36619,26834,22600,37982,25353,0
36670,26877,22591,37975,25365,0
36976,27135,22537,37933,25437,0
37282,27393,22483,37891,25509,0
31322,28465,25364,32708,24466,0
35854,32405,25460,39287,22209,0
36621,31220,26845,40761,22583,0
36672,31263,26836,40754,22595,0
34533,27830,22763,35988,24644,0
34711,27920,22749,36158,24745,0
32357,30449,27565,32120,25954,0
32482,30591,27627,32119,26068,0
32027,27884,28468,33912,25494,0
33696,28265,28424,32652,28425,0
34318,28446,28179,33416,23869,0
34770,28562,27983,33728,23997,0
33739,29540,28230,32104,26711,0
34416,26827,27395,34439,24936,0
34529,26856,27346,34517,24968,0
34981,26972,27150,34829,25096,0
35094,27001,27101,34907,25128,0
39039,31628,22656,35970,27900,0
32812,32844,27849,36890,22040,0
34312,34548,28593,36878,23408,0
33796,32025,29616,38415,22888,0
33949,32154,29589,38394,22924,0
33807,31968,29585,38507,22896,0
33858,32011,29576,38500,22908,0
34062,32183,29540,38472,22956,0
34113,32226,29531,38465,22968,0
34368,32441,29486,38430,23028,0
34623,32656,29441,38395,23088,0
34124,32169,29500,38557,22976,0
34186,32155,29460,38642,22996,0
34339,32284,29433,38621,23032,0
34390,32327,29424,38614,23044,0
34146,32055,29438,38741,22992,0
34514,32299,29344,38784,23084,0
34565,32342,29335,38777,23096,0
34729,32414,29277,38848,23140,0
34780,32457,29268,38841,23152,0
35035,32672,29223,38806,23212,0
34638,32271,29264,38954,23124,0
34689,32314,29255,38947,23136,0
35210,32687,29134,38969,23264,0
34977,32358,29117,39188,23220,0
35028,32401,29108,39181,23232,0
34988,32301,29086,39280,23228,0
35294,32559,29032,39238,23300,0
35345,32602,29023,39231,23312,0
35834,27894,20966,36462,24721,0
35959,28036,21028,36461,24835,0
36709,28888,21400,36455,25519,0
37584,29882,21834,36448,26317,0
38334,30734,22206,36442,27001,0
38459,30876,22268,36441,27115,0
36517,26748,22618,37996,25329,0
36568,26791,22609,37989,25341,0
36925,27092,22546,37940,25425,0
32613,28074,27219,34020,25460,0
32664,28117,27210,34013,25472,0
35604,32121,25336,39289,21981,0
35729,32263,25398,39288,22095,0
36570,31177,26854,40768,22571,0
36723,31306,26827,40747,22607,0
36927,31478,26791,40719,22655,0
33299,33808,29358,36622,22744,0
33424,33950,29420,36621,22858,0
34355,27740,22777,35818,24543,0
31482,29455,27131,32127,25156,0
31607,29597,27193,32126,25270,0
33357,31585,28061,32112,26866,0
33482,31727,28123,32111,26980,0
34303,26798,27444,34361,24904,0
34642,26885,27297,34595,25000,0
33312,33412,28097,36886,22496,0
33437,33554,28159,36885,22610,0
33745,31982,29625,38422,22876,0
33909,32054,29567,38493,22920,0
34215,32312,29513,38451,22992,0
34022,32083,29518,38571,22952,0
34073,32126,29509,38564,22964,0
34379,32384,29455,38522,23036,0
34430,32427,29446,38515,23048,0
34135,32112,29469,38649,22984,0
34441,32370,29415,38607,23056,0
34492,32413,29406,38600,23068,0
34248,32141,29420,38727,23016,0
34707,32528,29339,38664,23124,0
34758,32571,29330,38657,23136,0
34463,32256,29353,38791,23072,0
34667,32428,29317,38763,23120,0
34718,32471,29308,38756,23132,0
34678,32371,29286,38855,23128,0
34831,32500,29259,38834,23164,0
34984,32629,29232,38813,23200,0
34587,32228,29273,38961,23112,0
34893,32486,29219,38919,23184,0
34944,32529,29210,38912,23196,0
34802,32343,29206,39025,23168,0
34853,32386,29197,39018,23180,0
34966,32415,29148,39096,23212,0
35017,32458,29139,39089,23224,0
34926,32315,29126,39195,23208,0
35232,32573,29072,39153,23280,0
35283,32616,29063,39146,23292,0
34937,32258,29095,39287,23216,0
35141,32430,29059,39259,23264,0
35396,32645,29014,39224,23324,0
35050,32287,29046,39365,23248,0
35101,32330,29037,39358,23260,0
35584,27610,20842,36464,24493,0
36084,28178,21090,36460,24949,0
36584,28746,21338,36456,25405,0
37209,29456,21648,36451,25975,0
37334,29598,21710,36450,26089,0
39209,31728,22640,36435,27799,0
33469,29016,24433,34190,25074,0
33582,29045,24384,34268,25106,0
32285,27930,27335,33878,25372,0
32336,27973,27326,33871,25384,0
32602,28131,27250,33928,25452,0
32653,28174,27241,33921,25464,0
32205,27730,27291,34076,25364,0
32256,27773,27282,34069,25376,0
32883,27904,26997,34544,25556,0
32934,27947,26988,34537,25568,0
31960,27690,27467,34049,25259,0
32126,27898,27587,34279,25225,0
35354,31837,25212,39291,21753,0
35479,31979,25274,39290,21867,0
36354,32973,25708,39283,22665,0
36774,31349,26818,40740,22619,0
32674,33098,29048,36627,22174,0
32799,33240,29110,36626,22288,0
33674,34234,29544,36619,23086,0
33799,34376,29606,36618,23200,0
35245,28190,22707,36668,25048,0
35423,28280,22693,36838,25149,0
30857,28745,26821,32132,24586,0
30982,28887,26883,32131,24700,0
31857,29881,27317,32124,25498,0
31982,30023,27379,32123,25612,0
33232,31443,27999,32113,26752,0
34190,26769,27493,34283,24872,0
32937,32986,27911,36889,22154,0
33062,33128,27973,36888,22268,0
33687,33838,28283,36883,22838,0
34102,32283,29562,38373,22960,0
34153,32326,29553,38366,22972,0
34164,32269,29522,38458,22980,0
34277,32298,29473,38536,23012,0
34481,32470,29437,38508,23060,0
34532,32513,29428,38501,23072,0
34197,32098,29429,38734,23004,0
34860,32657,29312,38643,23160,0
34911,32700,29303,38636,23172,0
34361,32170,29371,38805,23048,0
34412,32213,29362,38798,23060,0
34616,32385,29326,38770,23108,0
34423,32156,29331,38890,23068,0
34474,32199,29322,38883,23080,0
34485,32142,29291,38975,23088,0
34740,32357,29246,38940,23148,0
35097,32658,29183,38891,23232,0
34649,32214,29233,39046,23132,0
34700,32257,29224,39039,23144,0
35159,32644,29143,38976,23252,0
34711,32200,29193,39131,23152,0
35181,32530,29081,39160,23268,0
35243,32516,29041,39245,23288,0
35709,27752,20904,36463,24607,0
36459,28604,21276,36457,25291,0
37084,29314,21586,36452,25861,0
37459,29740,21772,36449,26203,0
38959,31444,22516,36437,27571,0
39084,31586,22578,36436,27685,0
31120,28633,25684,32394,24566,0
31245,28775,25746,32393,24680,0
32678,28813,24776,33644,24850,0
32791,28842,24727,33722,24882,0
34034,29161,24188,34580,25234,0
34147,29190,24139,34658,25266,0
31979,27672,27389,33920,25300,0
32030,27715,27380,33913,25312,0
32398,27959,27286,33956,25404,0
32449,28002,27277,33949,25416,0
32154,27687,27300,34083,25352,0
32511,27988,27237,34034,25436,0
32562,28031,27228,34027,25448,0
33178,28219,26974,34410,25620,0
33229,28262,26965,34403,25632,0
32781,27818,27015,34558,25532,0
33087,28076,26961,34516,25604,0
33138,28119,26952,34509,25616,0
33211,28048,26881,34686,25644,0
33262,28091,26872,34679,25656,0
33174,33666,29296,36623,22630,0
33549,34092,29482,36620,22972,0
35067,28100,22721,36498,24947,0
34600,26695,24654,36294,24947,0
31107,29029,26945,32130,24814,0
31732,29739,27255,32125,25384,0
32107,30165,27441,32122,25726,0
32232,30307,27503,32121,25840,0
32857,31017,27813,32116,26410,0
32982,31159,27875,32115,26524,0
33851,26682,27640,34049,24776,0
33187,33270,28035,36887,22382,0
33562,33696,28221,36884,22724,0
34000,32197,29580,38387,22936,0
34255,32412,29535,38352,22996,0
34306,32455,29526,38345,23008,0
34328,32341,29464,38529,23024,0
34747,32628,29361,38565,23128,0
34798,32671,29352,38558,23140,0
34809,32614,29321,38650,23148,0
34310,32127,29380,38812,23036,0
34973,32686,29263,38721,23192,0
34372,32113,29340,38897,23056,0
34576,32285,29304,38869,23104,0
34627,32328,29295,38862,23116,0
34536,32185,29282,38968,23100,0
34791,32400,29237,38933,23160,0
34842,32443,29228,38926,23172,0
34995,32572,29201,38905,23208,0
34598,32171,29242,39053,23120,0
34751,32300,29215,39032,23156,0
35006,32515,29170,38997,23216,0
35057,32558,29161,38990,23228,0
34915,32372,29157,39103,23200,0
35170,32587,29112,39068,23260,0
35221,32630,29103,39061,23272,0
35079,32444,29099,39174,23244,0
35334,32659,29054,39139,23304,0
35192,32473,29050,39252,23276,0
38709,31160,22392,36439,27343,0
38834,31302,22454,36438,27457,0
30995,28491,25622,32395,24452,0
31370,28917,25808,32392,24794,0
31661,28552,25217,32942,24562,0
31774,28581,25168,33020,24594,0
32904,28871,24678,33800,24914,0
33017,28900,24629,33878,24946,0
33695,29074,24335,34346,25138,0
31928,27629,27398,33927,25288,0
32081,27758,27371,33906,25324,0
32132,27801,27362,33899,25336,0
32387,28016,27317,33864,25396,0
32438,28059,27308,33857,25408,0
32092,27701,27340,33998,25332,0
32143,27744,27331,33991,25344,0
32551,28088,27259,33935,25440,0
32857,28346,27205,33893,25512,0
32103,27644,27309,34090,25340,0
32307,27816,27273,34062,25388,0
32358,27859,27264,34055,25400,0
32584,27917,27166,34211,25464,0
32635,27960,27157,34204,25476,0
32872,27961,27028,34452,25548,0
32923,28004,27019,34445,25560,0
32832,27861,27006,34551,25544,0
33036,28033,26970,34523,25592,0
33291,28248,26925,34488,25652,0
33342,28291,26916,34481,25664,0
33007,27876,26917,34714,25596,0
32209,28002,27647,34394,25208,0
32292,28106,27707,34509,25191,0
33049,33524,29234,36624,22516,0
34537,28620,23481,34788,25077,0
34662,28762,23543,34787,25191,0
34889,28010,22735,36328,24846,0
35008,27039,24582,36238,25043,0
35059,27082,24573,36231,25055,0
31357,29313,27069,32128,25042,0
32732,30875,27751,32117,26296,0
33107,31301,27937,32114,26638,0
33732,32011,28247,32109,27208,0
34077,26740,27542,34205,24840,0
35433,27088,26954,35141,25224,0
34051,32240,29571,38380,22948,0
34204,32369,29544,38359,22984,0
34259,32084,29389,38819,23024,0
34769,32514,29299,38749,23144,0
34820,32557,29290,38742,23156,0
34525,32242,29313,38876,23092,0
35046,32615,29192,38898,23220,0
34904,32429,29188,39011,23192,0
34955,32472,29179,39004,23204,0
35108,32601,29152,38983,23240,0
34762,32243,29184,39124,23164,0
34813,32286,29175,39117,23176,0
35068,32501,29130,39082,23236,0
35272,32673,29094,39054,23284,0
35130,32487,29090,39167,23256,0
38584,31018,22330,36440,27229,0
32370,30053,26304,32384,25706,0
32495,30195,26366,32383,25820,0
32339,28726,24923,33410,24754,0
32452,28755,24874,33488,24786,0
33243,28958,24531,34034,25010,0
33356,28987,24482,34112,25042,0
33921,29132,24237,34502,25202,0
34260,29219,24090,34736,25298,0
31877,27586,27407,33934,25276,0
32234,27887,27344,33885,25360,0
32489,28102,27299,33850,25420,0
32540,28145,27290,33843,25432,0
32041,27658,27349,34005,25320,0
32245,27830,27313,33977,25368,0
32296,27873,27304,33970,25380,0
32500,28045,27268,33942,25428,0
32806,28303,27214,33900,25500,0
32409,27902,27255,34048,25412,0
32766,28203,27192,33999,25496,0
32817,28246,27183,33992,25508,0
32318,27759,27242,34154,25396,0
32369,27802,27233,34147,25408,0
32482,27831,27184,34225,25440,0
32533,27874,27175,34218,25452,0
32788,28089,27130,34183,25512,0
32839,28132,27121,34176,25524,0
32442,27731,27162,34324,25436,0
32493,27774,27153,34317,25448,0
32668,27789,27064,34480,25500,0
32974,28047,27010,34438,25572,0
32985,27990,26979,34530,25580,0
33189,28162,26943,34502,25628,0
33455,28320,26867,34559,25696,0
33160,28005,26890,34693,25632,0
33313,28134,26863,34672,25668,0
33171,27948,26859,34785,25640,0
33222,27991,26850,34778,25652,0
32043,27794,27527,34164,25242,0
32458,28314,27827,34739,25157,0
32924,33382,29172,36625,22402,0
34162,28194,23295,34791,24735,0
34287,28336,23357,34790,24849,0
34753,26824,24627,36273,24983,0
34804,26867,24618,36266,24995,0
31232,29171,27007,32129,24928,0
32607,30733,27689,32118,26182,0
33607,31869,28185,32110,27094,0
33964,26711,27591,34127,24808,0
35320,27059,27003,35063,25192,0
34510,32627,29490,38317,23056,0
34561,32670,29481,38310,23068,0
34583,32556,29419,38494,23084,0
34871,32600,29281,38735,23168,0
34922,32643,29272,38728,23180,0
34864,32329,29166,39110,23188,0
35119,32544,29121,39075,23248,0
31495,29059,25870,32391,24908,0
31620,29201,25932,32390,25022,0
32745,30479,26490,32381,26048,0
32870,30621,26552,32380,26162,0
32000,28639,25070,33176,24658,0
32113,28668,25021,33254,24690,0
32565,28784,24825,33566,24818,0
33130,28929,24580,33956,24978,0
33808,29103,24286,34424,25170,0
32183,27844,27353,33892,25348,0
32693,28274,27263,33822,25468,0
32744,28317,27254,33815,25480,0
31990,27615,27358,34012,25308,0
32194,27787,27322,33984,25356,0
32347,27916,27295,33963,25392,0
32755,28260,27223,33907,25488,0
32460,27945,27246,34041,25424,0
32715,28160,27201,34006,25484,0
32216,27673,27260,34168,25372,0
32267,27716,27251,34161,25384,0
32420,27845,27224,34140,25420,0
32471,27888,27215,34133,25432,0
32329,27702,27211,34246,25404,0
32737,28046,27139,34190,25500,0
32963,28104,27041,34346,25564,0
33014,28147,27032,34339,25576,0
32719,27832,27055,34473,25512,0
32770,27875,27046,34466,25524,0
33127,28176,26983,34417,25608,0
33240,28205,26934,34495,25640,0
33393,28334,26907,34474,25676,0
33251,28148,26903,34587,25648,0
33302,28191,26894,34580,25660,0
33058,27919,26908,34707,25608,0
33109,27962,26899,34700,25620,0
33120,27905,26868,34792,25628,0
33579,28292,26787,34729,25736,0
33630,28335,26778,34722,25748,0
33233,27934,26819,34870,25660,0
33284,27977,26810,34863,25672,0
33412,27342,22923,34797,24051,0
34412,28478,23419,34789,24963,0
35287,29472,23853,34782,25761,0
35412,29614,23915,34781,25875,0
34702,26781,24636,36280,24971,0
34957,26996,24591,36245,25031,0
35207,27030,27052,34985,25160,0
33124,31391,27670,32083,27547,0
33175,31434,27661,32076,27559,0
34155,32194,27459,32035,27795,0
34206,32237,27450,32028,27807,0
34408,32541,29508,38331,23032,0
34459,32584,29499,38324,23044,0
34685,32642,29401,38480,23108,0
34736,32685,29392,38473,23120,0
31870,29485,26056,32388,25250,0
31995,29627,26118,32387,25364,0
32620,30337,26428,32382,25934,0
31887,28610,25119,33098,24626,0
32226,28697,24972,33332,24722,0
32591,28188,27281,33836,25444,0
32704,28217,27232,33914,25476,0
32919,28332,27165,33978,25532,0
32726,28103,27170,34098,25492,0
32777,28146,27161,34091,25504,0
32380,27745,27202,34239,25416,0
32686,28003,27148,34197,25488,0
32992,28261,27094,34155,25560,0
33043,28304,27085,34148,25572,0
32544,27817,27144,34310,25460,0
32759,27932,27077,34374,25516,0
32810,27975,27068,34367,25528,0
32821,27918,27037,34459,25536,0
33076,28133,26992,34424,25596,0
33098,28019,26930,34608,25612,0
33149,28062,26921,34601,25624,0
33404,28277,26876,34566,25684,0
33477,28206,26805,34743,25712,0
33528,28249,26796,34736,25724,0
34037,28052,23233,34792,24621,0
35162,29330,23791,34783,25647,0
34855,26910,24609,36259,25007,0
35161,27168,24555,36217,25079,0
32920,31219,27706,32111,27499,0
34246,32337,27472,31929,27811,0
34297,32380,27463,31922,27823,0
34308,32323,27432,32014,27831,0
34359,32366,27423,32007,27843,0
34523,32438,27365,32078,27887,0
34574,32481,27356,32071,27899,0
34357,32498,29517,38338,23020,0
34634,32599,29410,38487,23096,0
31745,29343,25994,32389,25136,0
32120,29769,26180,32386,25478,0
32245,29911,26242,32385,25592,0
32642,28231,27272,33829,25456,0
32868,28289,27174,33985,25520,0
32522,27931,27206,34126,25444,0
32828,28189,27152,34084,25516,0
32879,28232,27143,34077,25528,0
32431,27788,27193,34232,25428,0
32941,28218,27103,34162,25548,0
32555,27760,27113,34402,25468,0
32861,28018,27059,34360,25540,0
32912,28061,27050,34353,25552,0
33218,28319,26996,34311,25624,0
33025,28090,27001,34431,25584,0
33280,28305,26956,34396,25644,0
32894,27847,26966,34636,25564,0
32945,27890,26957,34629,25576,0
33200,28105,26912,34594,25636,0
33353,28234,26885,34573,25672,0
33364,28177,26854,34665,25680,0
33415,28220,26845,34658,25692,0
33426,28163,26814,34750,25700,0
33537,27484,22985,34796,24165,0
33662,27626,23047,34795,24279,0
35037,29188,23729,34784,25533,0
35662,29898,24039,34779,26103,0
34906,26953,24600,36252,25019,0
35110,27125,24564,36224,25067,0
33073,31348,27679,32090,27535,0
33226,31477,27652,32069,27571,0
34705,32724,27391,31866,27919,0
34756,32767,27382,31859,27931,0
33798,31893,27522,32084,27711,0
33849,31936,27513,32077,27723,0
34257,32280,27441,32021,27819,0
34410,32409,27414,32000,27855,0
34461,32452,27405,31993,27867,0
32573,27974,27197,34119,25456,0
32930,28275,27134,34070,25540,0
32890,28175,27112,34169,25536,0
32697,27946,27117,34289,25496,0
32748,27989,27108,34282,25508,0
32657,27846,27095,34388,25492,0
32708,27889,27086,34381,25504,0
33116,28233,27014,34325,25600,0
33167,28276,27005,34318,25612,0
33331,28348,26947,34389,25656,0
33047,27976,26939,34615,25600,0
33466,28263,26836,34651,25704,0
33517,28306,26827,34644,25716,0
33273,28034,26841,34771,25664,0
33912,27910,23171,34793,24507,0
34912,29046,23667,34785,25419,0
35537,29756,23977,34780,25989,0
33022,31305,27688,32097,27523,0
33379,31606,27625,32048,27607,0
33430,31649,27616,32041,27619,0
34654,32681,27400,31873,27907,0
33543,31678,27567,32119,27651,0
33594,31721,27558,32112,27663,0
33900,31979,27504,32070,27735,0
34880,32739,27302,32029,27971,0
34931,32782,27293,32022,27983,0
32624,28017,27188,34112,25468,0
32675,28060,27179,34105,25480,0
32981,28318,27125,34063,25552,0
33094,28347,27076,34141,25584,0
32595,27860,27135,34303,25472,0
32646,27903,27126,34296,25484,0
32606,27803,27104,34395,25480,0
33065,28190,27023,34332,25588,0
32996,27933,26948,34622,25588,0
33375,28120,26823,34757,25688,0
33787,27768,23109,34794,24393,0
34787,28904,23605,34786,25305,0
32971,31262,27697,32104,27511,0
33328,31563,27634,32055,27595,0
34144,32251,27490,31943,27787,0
34195,32294,27481,31936,27799,0
34399,32466,27445,31908,27847,0
34450,32509,27436,31901,27859,0
33747,31850,27531,32091,27699,0
34104,32151,27468,32042,27783,0
34512,32495,27396,31986,27879,0
34676,32567,27338,32057,27923,0
34727,32610,27329,32050,27935,0
33324,28077,26832,34764,25676,0
32375,28210,27767,34624,25174,0
33277,31520,27643,32062,27583,0
33583,31778,27589,32020,27655,0
33634,31821,27580,32013,27667,0
34348,32423,27454,31915,27835,0
34552,32595,27418,31887,27883,0
34603,32638,27409,31880,27895,0
33645,31764,27549,32105,27675,0
34002,32065,27486,32056,27759,0
34053,32108,27477,32049,27771,0
34563,32538,27387,31979,27891,0
34614,32581,27378,31972,27903,0
34319,32266,27401,32106,27839,0
34370,32309,27392,32099,27851,0
34625,32524,27347,32064,27911,0
34778,32653,27320,32043,27947,0
33481,31692,27607,32034,27631,0
33532,31735,27598,32027,27643,0
33940,32079,27526,31971,27739,0
33991,32122,27517,31964,27751,0
34501,32552,27427,31894,27871,0
33696,31807,27540,32098,27687,0
33951,32022,27495,32063,27747,0
34665,32624,27369,31965,27915,0
34421,32352,27383,32092,27863,0
34472,32395,27374,32085,27875,0
34829,32696,27311,32036,27959,0
33105,28290,27045,34233,25592,0
33156,28333,27036,34226,25604,0
33685,31864,27571,32006,27679,0
34093,32208,27499,31950,27775,0
34869,32796,27333,31937,27963,0
33003,28204,27063,34247,25568,0
33054,28247,27054,34240,25580,0
33889,32036,27535,31978,27727,0
34042,32165,27508,31957,27763,0
34818,32753,27342,31944,27951,0
34217,32180,27419,32120,27815,0
34891,32682,27271,32121,27979,0
34942,32725,27262,32114,27991,0
32952,28161,27072,34254,25556,0
33838,31993,27544,31985,27715,0
34716,32667,27360,31958,27927,0
34767,32710,27351,31951,27939,0
34268,32223,27410,32113,27827,0
34993,32768,27253,32107,28003,0
32901,28118,27081,34261,25544,0
33736,31907,27562,31999,27691,0
32850,28075,27090,34268,25532,0
33787,31950,27553,31992,27703,0
32799,28032,27099,34275,25520,0
