obj0,obj1,obj2,obj3,cpu
54124,50689,32288,31190,19.8683
38971,23664,31893,41655,22.0008
54670,50725,32929,30515,33.9289
39244,22932,33969,41597,36.579
37543,23722,30480,39659,36.5947
36351,25224,35417,43699,36.8105
39517,23700,32534,40980,36.9863
51761,49338,33716,31294,47.1738
50326,40992,29475,31917,49.7326
41936,34413,30941,35285,49.8688
46802,39419,29544,33393,49.9228
39757,26534,27376,36932,49.957
37952,27209,27937,38602,50.0119
40930,28746,27227,37801,50.0367
36624,24492,37493,43641,50.7279
34923,25282,34004,41703,50.7393
39790,22968,34610,40922,51.0041
38089,23758,31121,38984,51.0181
37718,24855,30256,39869,51.5397
44190,46553,34266,32615,63.4429
43644,46517,33625,33290,63.584
42482,34449,31582,34610,66.9821
47348,39455,30185,32718,67.008
40303,26570,28017,36257,67.0194
51959,48835,32399,30945,67.2099
40404,43993,33656,33020,67.2191
36779,24997,28086,37733,67.3279
49780,40956,28834,32592,67.3455
38225,36114,30091,34667,67.3565
34628,29360,30199,37117,67.3772
47380,40921,29250,34437,67.4352
36900,36749,30587,36537,67.4418
50358,42458,28540,33636,67.4623
39878,38286,29877,35736,67.4751
34159,26557,31610,39777,83.6051
39573,33062,32369,35389,83.8236
52505,48871,33040,30270,83.848
37325,25033,28727,37058,83.9285
38771,36150,30732,33992,83.9365
35174,29396,30840,36442,83.9478
49050,47448,33186,31724,84.1384
37495,42606,34443,33799,84.1517
33898,35852,34551,36249,84.18
35247,34577,30801,35468,84.3849
31650,27823,30909,37918,84.3936
38264,24891,30897,39194,86.1652
34115,25758,36792,41782,86.7248
32414,26548,33303,39844,86.7756
32589,27681,33079,40054,86.8011
28981,30581,36862,41180,92.8754
31278,37412,38075,38293,93.3634
29030,29383,34433,39962,93.4277
49596,47484,33827,31049,93.5214
38041,42642,35084,33124,93.5301
34444,35888,35192,35574,93.5501
40950,44029,34297,32345,93.5846
35793,34613,31442,34793,93.6741
32196,27859,31550,37243,93.6804
31495,27318,40316,43826,94.3529
29794,28108,36827,41888,94.3723
29969,29241,36603,42098,94.3792
34661,25794,37433,41107,94.5655
32960,26584,33944,39169,94.6056
49570,47568,33933,31124,95.4822
38015,42726,35190,33199,95.4862
39547,33146,32475,35464,95.493
34418,35972,35298,35649,95.4976
52479,48955,33146,30345,95.5
40924,44113,34403,32420,95.5059
42456,34533,31688,34685,95.5148
37299,25117,28833,37133,95.5399
32170,27943,31656,37318,95.5432
50300,41076,29581,31992,95.5455
38745,36234,30838,34067,95.5511
40277,26654,28123,36332,95.5575
35148,29480,30946,36517,95.5669
49025,47532,33280,31811,95.5946
37470,42690,34537,33886,95.5968
33873,35936,34645,36336,95.6047
51934,48919,32493,31032,95.607
40379,44077,33750,33107,95.6092
41911,34497,31035,35372,95.6146
36754,25081,28180,37820,95.62
31625,27907,31003,38005,95.6265
49755,41040,28928,32679,95.6288
38200,36198,30185,34754,95.6337
39732,26618,27470,37019,95.6372
34603,29444,30293,37204,95.6521
37927,27293,28031,38689,95.6656
50333,42542,28634,33723,95.674
39853,38370,29971,35823,95.6768
40905,28830,27321,37888,95.6809
39764,23052,34716,40997,95.7386
34635,25878,37539,41182,95.742
38063,23842,31227,39059,95.7444
32934,26668,34050,39244,95.7479
38238,24975,31003,39269,95.7512
39219,23016,34063,41684,95.767
34090,25842,36886,41869,95.7704
37518,23806,30574,39746,95.7727
32389,26632,33397,39931,95.776
37693,24939,30350,39956,95.7791
49544,47652,34039,31199,95.8608
37989,42810,35296,33274,95.8636
34392,36056,35404,35724,95.8732
52453,49039,33252,30420,95.876
40898,44197,34509,32495,95.8824
42430,34617,31794,34760,95.8927
37273,25201,28939,37208,95.9111
32144,28027,31762,37393,95.915
50274,41160,29687,32067,95.9177
38719,36318,30944,34142,95.9241
40251,26738,28229,36407,95.9315
35122,29564,31052,36592,95.9422
49000,47616,33374,31898,95.9679
37445,42774,34631,33973,95.9707
33848,36020,34739,36423,95.9801
51909,49003,32587,31119,95.983
40354,44161,33844,33194,95.9857
41886,34581,31129,35459,95.9922
46527,40343,30578,34350,95.9929
34972,35501,31835,36425,95.9945
34947,35585,31929,36512,95.9955
36729,25165,28274,37907,95.9982
31600,27991,31097,38092,96.0067
49730,41124,29022,32766,96.0095
38175,36282,30279,34841,96.0122
39707,26702,27564,37106,96.0159
34578,29528,30387,37291,96.0321
50308,42626,28728,33810,96.0493
39828,38454,30065,35910,96.0531
39738,23136,34822,41072,96.0937
34609,25962,37645,41257,96.0977
38037,23926,31333,39134,96.1006
32908,26752,34156,39319,96.1045
39194,23100,34157,41771,96.1209
34065,25926,36980,41956,96.1246
37493,23890,30668,39833,96.1275
32364,26716,33491,40018,96.1313
49518,47736,34145,31274,96.2245
37963,42894,35402,33349,96.2278
34366,36140,35510,35799,96.2381
52427,49123,33358,30495,96.2414
40872,44281,34615,32570,96.2455
47244,39791,30609,33018,96.2616
47218,39875,30715,33093,96.2626
35689,34949,31866,35093,96.2633
35663,35033,31972,35168,96.2643
37247,25285,29045,37283,96.2691
32118,28111,31868,37468,96.2734
50248,41244,29793,32142,96.2766
38693,36402,31050,34217,96.2808
40225,26822,28335,36482,96.286
35096,29648,31158,36667,96.2977
48975,47700,33468,31985,96.3293
37420,42858,34725,34060,96.3364
33823,36104,34833,36510,96.3607
51884,49087,32681,31206,96.3675
40329,44245,33938,33281,96.3743
46677,39839,30014,33828,96.3889
46652,39923,30108,33915,96.39
35122,34997,31271,35903,96.3923
35097,35081,31365,35990,96.3932
36704,25249,28368,37994,96.4012
31575,28075,31191,38179,96.4156
49705,41208,29116,32853,96.4225
38150,36366,30373,34928,96.4296
39682,26786,27658,37193,96.4396
34553,29612,30481,37378,96.4792
50283,42710,28822,33897,96.5226
39712,23220,34928,41147,96.5962
34583,26046,37751,41332,96.6007
38011,24010,31439,39209,96.6041
32882,26836,34262,39394,96.6087
39169,23184,34251,41858,96.6185
34040,26010,37074,42043,96.6281
37468,23974,30762,39920,96.6346
32339,26800,33585,40105,96.6442
49492,47820,34251,31349,96.7849
37937,42978,35508,33424,96.7922
34340,36224,35616,35874,96.821
52401,49207,33464,30570,96.8284
40846,44365,34721,32645,96.8432
47296,39623,30397,32868,96.8926
47270,39707,30503,32943,96.8936
47166,40043,30927,33243,96.8943
47140,40127,31033,33318,96.8953
35741,34781,31654,34943,96.896
35715,34865,31760,35018,96.897
35611,35201,32184,35318,96.8977
35585,35285,32290,35393,96.8988
37221,25369,29151,37358,96.9075
32092,28195,31974,37543,96.918
50222,41328,29899,32217,96.9254
38667,36486,31156,34292,96.9386
40199,26906,28441,36557,96.9547
35070,29732,31264,36742,96.9844
48950,47784,33562,32072,97.0593
37395,42942,34819,34147,97.0648
33798,36188,34927,36597,97.099
51859,49171,32775,31293,97.1045
40304,44329,34032,33368,97.11
46752,39587,29732,33567,97.1223
46727,39671,29826,33654,97.1234
46602,40091,30296,34089,97.1241
46577,40175,30390,34176,97.1251
35197,34745,30989,35642,97.1273
35172,34829,31083,35729,97.1283
35047,35249,31553,36164,97.1289
35022,35333,31647,36251,97.1299
36679,25333,28462,38081,97.1425
31550,28159,31285,38266,97.1631
49680,41292,29210,32940,97.1713
38125,36450,30467,35015,97.1793
39657,26870,27752,37280,97.1937
34528,29696,30575,37465,97.2551
39686,23304,35034,41222,97.3553
34557,26130,37857,41407,97.3659
37985,24094,31545,39284,97.3734
32856,26920,34368,39469,97.384
39144,23268,34345,41945,97.4171
34015,26094,37168,42130,97.4247
37443,24058,30856,40007,97.4321
32314,26884,33679,40192,97.4459
51735,49422,33822,31369,97.5534
54644,50809,33035,30590,97.5549
54099,50773,32382,31277,97.5568
49466,47904,34357,31424,97.588
37911,43062,35614,33499,97.594
34314,36308,35722,35949,97.625
52375,49291,33570,30645,97.6311
40820,44449,34827,32720,97.6381
47322,39539,30291,32793,97.6876
47192,39959,30821,33168,97.6905
35767,34697,31548,34868,97.6932
35637,35117,32078,35243,97.6958
37195,25453,29257,37433,97.708
32066,28279,32080,37618,97.7229
50196,41412,30005,32292,97.7312
38641,36570,31262,34367,97.7405
40173,26990,28547,36632,97.7592
35044,29816,31370,36817,97.8015
48925,47868,33656,32159,97.8983
37370,43026,34913,34234,97.9045
33773,36272,35021,36684,97.9252
51834,49255,32869,31380,97.9314
40279,44413,34126,33455,97.9376
46777,39503,29638,33480,97.9445
46702,39755,29920,33741,97.946
46627,40007,30202,34002,97.9475
46552,40259,30484,34263,97.9489
35222,34661,30895,35555,97.9517
35147,34913,31177,35816,97.9531
35072,35165,31459,36077,97.9545
34997,35417,31741,36338,97.956
34922,35669,32023,36599,97.9574
36654,25417,28556,38168,97.9738
31525,28243,31379,38353,98.0073
49655,41376,29304,33027,98.0141
38100,36534,30561,35102,98.0206
39632,26954,27846,37367,98.0397
34503,29780,30669,37552,98.1239
47355,41005,29344,34524,98.1254
39660,23388,35140,41297,98.2059
34531,26214,37963,41482,98.2142
37959,24178,31651,39359,98.2227
32830,27004,34474,39544,98.238
39119,23352,34439,42032,98.2471
33990,26178,37262,42217,98.2553
37418,24142,30950,40094,98.2616
32289,26968,33773,40279,98.2804
31397,37554,38104,38258,98.4019
29149,29525,34462,39927,98.4061
49440,47988,34463,31499,98.424
37885,43146,35720,33574,98.4306
34288,36392,35828,36024,98.4626
52349,49375,33676,30720,98.4693
40794,44533,34933,32795,98.4768
37169,25537,29363,37508,98.5407
32040,28363,32186,37693,98.5609
50170,41496,30111,32367,98.5679
38615,36654,31368,34442,98.576
40147,27074,28653,36707,98.5996
35018,29900,31476,36892,98.6543
48900,47952,33750,32246,98.7318
37345,43110,35007,34321,98.7384
33748,36356,35115,36771,98.7565
51809,49339,32963,31467,98.7631
40254,44497,34220,33542,98.7696
36629,25501,28650,38255,98.8036
31500,28327,31473,38440,98.8529
49630,41460,29398,33114,98.86
38075,36618,30655,35189,98.8671
39607,27038,27940,37454,98.8909
34478,29864,30763,37639,98.9989
31614,27460,40345,43791,99.0877
29913,28250,36856,41853,99.0926
39634,23472,35246,41372,99.1101
34505,26298,38069,41557,99.1189
37933,24262,31757,39434,99.126
32804,27088,34580,39619,99.1392
39094,23436,34533,42119,99.1493
33965,26262,37356,42304,99.1581
37393,24226,31044,40181,99.165
32264,27052,33867,40366,99.1828
31516,37696,38133,38223,99.3672
29268,29667,34491,39892,99.3718
49414,48072,34569,31574,99.3946
37859,43230,35826,33649,99.4048
39692,33204,32398,35354,99.4071
34563,36030,35221,35539,99.4338
34262,36476,35934,36099,99.454
52323,49459,33782,30795,99.4643
40768,44617,35039,32870,99.4822
42601,34591,31611,34575,99.5024
37472,37417,34434,34760,99.5311
43394,32275,30206,35273,99.55
43513,32417,30235,35238,99.5511
37143,25621,29469,37583,99.5721
32315,28001,31579,37208,99.5746
32014,28447,32292,37768,99.6016
50144,41580,30217,32442,99.6136
38589,36738,31474,34517,99.6316
40422,26712,28046,36222,99.6399
40121,27158,28759,36782,99.6709
35293,29538,30869,36407,99.7169
34992,29984,31582,36967,99.7615
48875,48036,33844,32333,99.8825
37320,43194,35101,34408,99.8927
34017,35994,34580,36214,99.9071
51784,49423,33057,31554,99.9365
40229,44581,34314,33629,99.9466
42055,34555,30970,35250,99.9522
36604,25585,28744,38342,99.9775
31769,27965,30938,37883,100.02
31475,28411,31567,38527,100.042
49605,41544,29492,33201,100.054
38050,36702,30749,35276,100.067
39876,26676,27405,36897,100.069
39582,27122,28034,37541,100.104
34747,29502,30228,37082,100.26
34453,29948,30857,37726,100.285
38071,27351,27966,38567,100.297
41049,28888,27256,37766,100.322
31733,27602,40374,43756,100.441
30032,28392,36885,41818,100.446
39608,23556,35352,41447,100.462
34780,25936,37462,41072,100.465
37907,24346,31863,39509,100.491
33079,26726,33973,39134,100.494
32778,27172,34686,39694,100.512
39069,23520,34627,42206,100.542
34234,25900,36821,41747,100.544
33940,26346,37450,42391,100.555
37368,24310,31138,40268,100.565
32533,26690,33332,39809,100.568
32239,27136,33961,40453,100.586
29387,29809,34520,39857,100.858
49388,48156,34675,31649,100.89
37833,43314,35932,33724,100.899
39811,33346,32427,35319,100.902
34682,36172,35250,35504,100.934
34236,36560,36040,36174,100.957
52297,49543,33888,30870,100.966
40742,44701,35145,32945,100.976
42720,34733,31640,34540,100.994
37591,37559,34463,34725,101.029
40300,28583,29452,36183,101.054
40419,28725,29481,36148,101.055
46488,35967,30960,34363,101.056
46607,36109,30989,34328,101.057
37117,25705,29575,37658,101.087
32434,28143,31608,37173,101.09
31988,28531,32398,37843,101.125
50118,41664,30323,32517,101.135
38563,36822,31580,34592,101.148
40541,26854,28075,36187,101.155
40095,27242,28865,36857,101.199
35412,29680,30898,36372,101.233
34966,30068,31688,37042,101.291
48850,48120,33938,32420,101.375
37295,43278,35195,34495,101.384
34136,36136,34609,36179,101.4
51759,49507,33151,31641,101.436
40204,44665,34408,33716,101.445
42174,34697,30999,35215,101.45
39754,28547,28811,36858,101.458
39873,28689,28840,36823,101.459
36579,25669,28838,38429,101.48
31888,28107,30967,37848,101.484
31450,28495,31661,38614,101.514
49580,41628,29586,33288,101.524
38025,36786,30843,35363,101.539
39995,26818,27434,36862,101.542
39557,27206,28128,37628,101.581
34866,29644,30257,37047,101.865
34428,30032,30951,37813,101.903
38190,27493,27995,38532,101.909
41168,29030,27285,37731,101.934
31852,27744,40403,43721,102.009
30151,28534,36914,41783,102.016
39582,23640,35458,41522,102.041
34899,26078,37491,41037,102.044
37881,24430,31969,39584,102.07
33198,26868,34002,39099,102.074
32752,27256,34792,39769,102.094
39044,23604,34721,42293,102.114
34353,26042,36850,41712,102.117
37343,24394,31232,40355,102.144
32652,26832,33361,39774,102.147
32214,27220,34055,40540,102.176
34873,27409,31784,39567,102.303
30278,29279,34264,40482,102.305
30374,29271,34251,40522,102.306
29506,29951,34549,39822,102.312
39930,33488,32456,35284,102.356
34801,36314,35279,35469,102.4
42839,34875,31669,34505,102.462
37710,37701,34492,34690,102.506
38753,26737,29075,36638,102.531
38872,26879,29104,36603,102.532
41847,30429,29829,35728,102.533
41966,30571,29858,35693,102.534
44941,34121,30583,34818,102.535
45060,34263,30612,34783,102.536
48035,37813,31337,33908,102.537
48154,37955,31366,33873,102.538
34788,27643,31199,38323,102.587
34884,27635,31186,38363,102.588
32553,28285,31637,37138,102.593
40660,26996,28104,36152,102.674
35531,29822,30927,36337,102.779
48825,48204,34032,32507,102.945
37270,43362,35289,34582,102.955
34255,36278,34638,36144,102.983
42293,34839,31028,35180,103.039
38207,26701,28434,37313,103.049
38326,26843,28463,37278,103.051
36554,25753,28932,38516,103.078
34242,27607,30558,38998,103.079
34338,27599,30545,39038,103.08
32007,28249,30996,37813,103.084
31425,28579,31755,38701,103.137
49555,41712,29680,33375,103.149
38000,36870,30937,35450,103.165
40114,26960,27463,36827,103.172
34985,29786,30286,37012,103.665
38309,27635,28024,38497,103.728
41085,28725,27348,37925,103.752
41287,29172,27314,37696,103.757
35637,26134,34178,41493,103.85
31042,28004,36658,42408,103.852
31138,27996,36645,42448,103.853
30270,28676,36943,41748,103.859
31217,29137,36434,42618,103.861
35018,26220,37520,41002,103.886
35552,26368,33593,40249,103.919
35648,26360,33580,40289,103.92
33317,27010,34031,39064,103.924
34472,26184,36879,41677,103.988
37318,24478,31326,40442,104.017
35006,26332,32952,40924,104.019
35102,26324,32939,40964,104.019
32771,26974,33390,39739,104.024
32189,27304,34149,40627,104.057
34516,26983,31697,39672,104.199
34635,27125,31726,39637,104.2
29606,29335,34355,40202,104.202
29702,29327,34342,40242,104.203
30950,29223,34173,40762,104.204
31046,29215,34160,40802,104.205
29625,30093,34578,39787,104.215
40049,33630,32485,35249,104.25
34920,36456,35308,35434,104.298
42958,35017,31698,34470,104.362
37829,37843,34521,34655,104.411
38039,25885,28901,36848,104.439
38158,26027,28930,36813,104.44
39586,27731,29278,36393,104.441
39705,27873,29307,36358,104.442
41133,29577,29655,35938,104.443
41252,29719,29684,35903,104.444
42680,31423,30032,35483,104.445
42799,31565,30061,35448,104.446
44227,33269,30409,35028,104.447
44346,33411,30438,34993,104.448
45774,35115,30786,34573,104.449
45893,35257,30815,34538,104.45
48749,38665,31511,33698,104.452
48868,38807,31540,33663,104.454
33444,27755,31381,37763,104.522
33540,27747,31368,37803,104.523
36132,27531,31017,38883,104.524
36228,27523,31004,38923,104.525
32672,28427,31666,37103,104.533
40779,27138,28133,36117,104.632
36422,29292,30671,36962,104.703
36518,29284,30658,37002,104.705
35650,29964,30956,36302,104.715
48800,48288,34126,32594,104.898
37245,43446,35383,34669,104.913
34374,36420,34667,36109,104.94
42412,34981,31057,35145,105.002
37493,25849,28260,37523,105.011
37612,25991,28289,37488,105.012
39040,27695,28637,37068,105.013
39159,27837,28666,37033,105.014
36529,25837,29026,38603,105.052
32898,27719,30740,38438,105.053
32994,27711,30727,38478,105.054
35586,27495,30376,39558,105.055
35682,27487,30363,39598,105.056
32126,28391,31025,37778,105.064
31400,28663,31849,38788,105.108
40233,27102,27492,36792,105.148
35876,29256,30030,37637,105.255
35972,29248,30017,37677,105.257
35104,29928,30315,36977,105.267
38107,27188,28058,38726,105.337
38428,27777,28053,38462,105.343
39937,38273,30011,35820,105.367
41406,29314,27343,37661,105.379
36981,24918,37580,43536,105.448
32071,27270,40238,44066,105.45
32167,27262,40225,44106,105.451
35280,25708,34091,41598,105.457
35399,25850,34120,41563,105.458
30370,28060,36749,42128,105.461
30466,28052,36736,42168,105.462
30389,28818,36972,41713,105.473
30545,29193,36525,42338,105.475
30641,29185,36512,42378,105.477
35909,25690,37264,41627,105.496
38803,24610,31295,38774,105.521
38922,24752,31324,38739,105.522
34208,26480,33775,39689,105.538
34304,26472,33762,39729,105.539
33436,27152,34060,39029,105.548
34591,26326,36908,41642,105.601
38257,24574,30654,39449,105.613
38376,24716,30683,39414,105.614
37293,24562,31420,40529,105.629
33662,26444,33134,40364,105.63
33758,26436,33121,40404,105.631
36350,26220,32770,41484,105.632
32890,27116,33419,39704,105.641
32164,27388,34243,40714,105.676
33837,27577,32910,40574,105.68
33933,27569,32897,40614,105.682
34278,26699,31639,39742,105.76
34397,26841,31668,39707,105.761
34754,27267,31755,39602,105.762
29318,29359,34394,40082,105.765
29414,29351,34381,40122,105.766
29990,29303,34303,40362,105.767
30086,29295,34290,40402,105.768
30662,29247,34212,40642,105.769
30758,29239,34199,40682,105.77
29744,30235,34607,39752,105.789
40168,33772,32514,35214,105.826
35020,35840,35114,35814,105.868
35116,35832,35101,35854,105.87
35039,36598,35337,35399,105.882
43077,35159,31727,34435,105.947
37948,37985,34550,34620,105.997
37682,25459,28814,36953,106.03
37801,25601,28843,36918,106.032
38396,26311,28988,36743,106.033
38515,26453,29017,36708,106.034
39229,27305,29191,36498,106.035
39348,27447,29220,36463,106.036
39943,28157,29365,36288,106.037
40062,28299,29394,36253,106.038
40776,29151,29568,36043,106.039
40895,29293,29597,36008,106.04
41490,30003,29742,35833,106.041
41609,30145,29771,35798,106.042
42323,30997,29945,35588,106.043
42442,31139,29974,35553,106.044
43037,31849,30119,35378,106.045
43156,31991,30148,35343,106.046
43870,32843,30322,35133,106.047
43989,32985,30351,35098,106.048
44584,33695,30496,34923,106.049
44703,33837,30525,34888,106.05
45417,34689,30699,34678,106.051
45536,34831,30728,34643,106.052
46131,35541,30873,34468,106.053
46250,35683,30902,34433,106.054
47797,37529,31279,33978,106.058
48392,38239,31424,33803,106.058
48511,38381,31453,33768,106.06
49106,39091,31598,33593,106.061
49225,39233,31627,33558,106.062
32772,27811,31472,37483,106.114
32868,27803,31459,37523,106.115
34116,27699,31290,38043,106.116
34212,27691,31277,38083,106.117
35460,27587,31108,38603,106.118
35556,27579,31095,38643,106.119
32791,28569,31695,37068,106.134
40898,27280,28162,36082,106.224
35750,29348,30762,36682,106.278
35846,29340,30749,36722,106.28
37094,29236,30580,37242,106.281
37190,29228,30567,37282,106.283
35769,30106,30985,36267,106.299
48775,48372,34220,32681,106.496
37220,43530,35477,34756,106.508
34474,35804,34473,36489,106.524
34570,35796,34460,36529,106.525
34493,36562,34696,36074,106.538
42531,35123,31086,35110,106.591
37136,25423,28173,37628,106.597
37255,25565,28202,37593,106.599
37850,26275,28347,37418,106.6
37969,26417,28376,37383,106.601
38683,27269,28550,37173,106.602
38802,27411,28579,37138,106.603
39397,28121,28724,36963,106.604
39516,28263,28753,36928,106.605
36504,25921,29120,38690,106.653
32226,27775,30831,38158,106.654
32322,27767,30818,38198,106.655
33570,27663,30649,38718,106.656
33666,27655,30636,38758,106.657
34914,27551,30467,39278,106.659
35010,27543,30454,39318,106.66
32245,28533,31054,37743,106.68
31375,28747,31943,38875,106.722
40352,27244,27521,36757,106.754
35204,29312,30121,37357,106.903
35300,29304,30108,37397,106.905
36548,29200,29939,37917,106.906
36644,29192,29926,37957,106.908
35223,30070,30344,36942,106.924
38547,27919,28082,38427,106.997
41525,29456,27372,37626,107.029
36743,24634,37522,43606,107.07
36862,24776,37551,43571,107.071
31783,27294,40277,43946,107.072
31879,27286,40264,43986,107.073
35042,25424,34033,41668,107.081
35161,25566,34062,41633,107.082
35518,25992,34149,41528,107.083
30082,28084,36788,42008,107.086
30178,28076,36775,42048,107.087
30754,28028,36697,42288,107.088
30850,28020,36684,42328,107.09
31426,27972,36606,42568,107.091
31522,27964,36593,42608,107.092
30508,28960,37001,41678,107.105
30257,29217,36564,42218,107.107
30353,29209,36551,42258,107.109
30929,29161,36473,42498,107.111
31025,29153,36460,42538,107.112
40147,23394,34697,40817,107.121
40266,23536,34726,40782,107.122
35237,25746,37355,41347,107.135
35333,25738,37342,41387,107.136
38446,24184,31208,38879,107.161
38565,24326,31237,38844,107.163
33536,26536,33866,39409,107.178
33632,26528,33853,39449,107.18
34880,26424,33684,39969,107.181
34976,26416,33671,40009,107.182
36224,26312,33502,40529,107.183
36320,26304,33489,40569,107.184
33555,27294,34089,38994,107.197
39601,23358,34056,41492,107.23
39720,23500,34085,41457,107.231
34691,25710,36714,42022,107.242
34787,25702,36701,42062,107.243
37900,24148,30567,39554,107.262
38019,24290,30596,39519,107.263
37268,24646,31514,40616,107.28
32990,26500,33225,40084,107.281
33086,26492,33212,40124,107.282
34334,26388,33043,40644,107.283
34430,26380,33030,40684,107.284
35678,26276,32861,41204,107.285
35774,26268,32848,41244,107.287
33009,27258,33448,39669,107.303
32139,27472,34337,40801,107.338
33165,27633,33001,40294,107.342
33261,27625,32988,40334,107.346
31374,37404,38062,38333,107.405
31470,37396,38049,38373,107.406
29126,29375,34420,40002,107.418
29222,29367,34407,40042,107.419
29510,29343,34368,40162,107.42
29798,29319,34329,40282,107.422
29894,29311,34316,40322,107.423
30182,29287,34277,40442,107.424
30470,29263,34238,40562,107.425
30566,29255,34225,40602,107.426
30854,29231,34186,40722,107.427
31142,29207,34147,40842,107.429
31238,29199,34134,40882,107.431
29863,30377,34636,39717,107.448
40287,33914,32543,35179,107.48
34732,35864,35153,35694,107.526
34828,35856,35140,35734,107.528
35158,36740,35366,35364,107.546
43196,35301,31756,34400,107.611
38067,38127,34579,34585,107.667
37444,25175,28756,37023,107.702
37563,25317,28785,36988,107.703
37920,25743,28872,36883,107.704
38277,26169,28959,36778,107.706
38634,26595,29046,36673,107.708
38991,27021,29133,36568,107.71
39110,27163,29162,36533,107.711
39467,27589,29249,36428,107.712
39824,28015,29336,36323,107.714
40181,28441,29423,36218,107.715
40538,28867,29510,36113,107.717
40657,29009,29539,36078,107.719
41014,29435,29626,35973,107.719
41371,29861,29713,35868,107.721
41728,30287,29800,35763,107.723
42085,30713,29887,35658,107.725
42204,30855,29916,35623,107.727
42561,31281,30003,35518,107.728
42918,31707,30090,35413,107.73
43275,32133,30177,35308,107.732
43632,32559,30264,35203,107.734
43751,32701,30293,35168,107.736
44108,33127,30380,35063,107.736
44465,33553,30467,34958,107.738
44822,33979,30554,34853,107.74
45179,34405,30641,34748,107.742
45298,34547,30670,34713,107.743
45655,34973,30757,34608,107.744
46012,35399,30844,34503,107.746
46369,35825,30931,34398,107.748
47916,37671,31308,33943,107.751
48273,38097,31395,33838,107.753
48630,38523,31482,33733,107.755
48987,38949,31569,33628,107.756
49344,39375,31656,33523,107.758
32484,27835,31511,37363,107.784
32580,27827,31498,37403,107.785
33156,27779,31420,37643,107.786
33252,27771,31407,37683,107.787
33828,27723,31329,37923,107.788
33924,27715,31316,37963,107.789
34500,27667,31238,38203,107.79
34596,27659,31225,38243,107.792
35172,27611,31147,38483,107.793
35268,27603,31134,38523,107.794
35844,27555,31056,38763,107.795
35940,27547,31043,38803,107.797
32910,28711,31724,37033,107.819
41017,27422,28191,36047,107.912
35462,29372,30801,36562,107.966
35558,29364,30788,36602,107.968
36134,29316,30710,36842,107.969
36230,29308,30697,36882,107.971
36806,29260,30619,37122,107.973
36902,29252,30606,37162,107.975
35888,30248,31014,36232,108.003
34186,35828,34512,36369,108.253
34282,35820,34499,36409,108.255
34612,36704,34725,36039,108.276
42650,35265,31115,35075,108.329
36898,25139,28115,37698,108.336
37017,25281,28144,37663,108.337
37374,25707,28231,37558,108.338
37731,26133,28318,37453,108.34
38088,26559,28405,37348,108.342
38445,26985,28492,37243,108.344
38564,27127,28521,37208,108.346
38921,27553,28608,37103,108.347
39278,27979,28695,36998,108.348
39635,28405,28782,36893,108.35
39992,28831,28869,36788,108.352
40111,28973,28898,36753,108.354
36479,26005,29214,38777,108.405
31938,27799,30870,38038,108.406
32034,27791,30857,38078,108.409
32610,27743,30779,38318,108.411
32706,27735,30766,38358,108.412
33282,27687,30688,38598,108.413
33378,27679,30675,38638,108.415
33954,27631,30597,38878,108.416
34050,27623,30584,38918,108.417
34626,27575,30506,39158,108.418
34722,27567,30493,39198,108.419
35298,27519,30415,39438,108.421
35394,27511,30402,39478,108.422
35970,27463,30324,39718,108.423
36066,27455,30311,39758,108.425
32364,28675,31083,37708,108.459
31350,28831,32037,38962,108.485
40471,27386,27550,36722,108.522
34916,29336,30160,37237,108.682
35012,29328,30147,37277,108.683
35588,29280,30069,37517,108.685
35684,29272,30056,37557,108.687
36260,29224,29978,37797,108.689
36356,29216,29965,37837,108.691
35342,30212,30373,36907,108.722
31591,27310,40303,43866,108.877
31687,27302,40290,43906,108.878
31975,27278,40251,44026,108.88
29890,28100,36814,41928,108.894
29986,28092,36801,41968,108.896
30274,28068,36762,42088,108.897
30562,28044,36723,42208,108.899
30658,28036,36710,42248,108.9
30946,28012,36671,42368,108.902
31234,27988,36632,42488,108.903
31330,27980,36619,42528,108.905
31618,27956,36580,42648,108.906
30627,29102,37030,41643,108.924
30065,29233,36590,42138,108.928
30161,29225,36577,42178,108.93
30449,29201,36538,42298,108.932
30737,29177,36499,42418,108.935
30833,29169,36486,42458,108.937
31121,29145,36447,42578,108.938
39909,23110,34639,40887,108.946
40028,23252,34668,40852,108.948
40385,23678,34755,40747,108.949
34949,25770,37394,41227,108.963
35045,25762,37381,41267,108.964
35621,25714,37303,41507,108.965
35717,25706,37290,41547,108.967
38208,23900,31150,38949,108.989
38327,24042,31179,38914,108.991
38684,24468,31266,38809,108.992
39041,24894,31353,38704,108.994
33248,26560,33905,39289,109.012
33344,26552,33892,39329,109.013
33920,26504,33814,39569,109.014
34016,26496,33801,39609,109.015
34592,26448,33723,39849,109.017
34688,26440,33710,39889,109.018
35264,26392,33632,40129,109.019
35360,26384,33619,40169,109.021
35936,26336,33541,40409,109.022
36032,26328,33528,40449,109.023
33674,27436,34118,38959,109.044
39363,23074,33998,41562,109.073
39482,23216,34027,41527,109.074
39839,23642,34114,41422,109.075
34403,25734,36753,41902,109.089
34499,25726,36740,41942,109.091
37662,23864,30509,39624,109.114
37781,24006,30538,39589,109.116
38138,24432,30625,39484,109.117
38495,24858,30712,39379,109.119
37243,24730,31608,40703,109.138
32702,26524,33264,39964,109.14
32798,26516,33251,40004,109.141
33374,26468,33173,40244,109.143
33470,26460,33160,40284,109.144
34046,26412,33082,40524,109.146
34142,26404,33069,40564,109.147
34718,26356,32991,40804,109.149
34814,26348,32978,40844,109.151
35390,26300,32900,41084,109.152
35486,26292,32887,41124,109.153
36062,26244,32809,41364,109.155
36158,26236,32796,41404,109.156
33128,27400,33477,39634,109.187
32114,27556,34431,40888,109.211
32877,27657,33040,40174,109.215
32973,27649,33027,40214,109.217
33549,27601,32949,40454,109.219
33645,27593,32936,40494,109.221
29982,30519,34665,39682,109.306
49778,47386,33897,32057,109.319
49791,47379,33902,32129,109.32
40406,34056,32572,35144,109.353
34540,35880,35179,35614,109.4
34636,35872,35166,35654,109.402
34924,35848,35127,35774,109.403
35277,36882,35395,35329,109.426
52674,48780,33105,31206,109.466
52687,48773,33110,31278,109.468
43315,35443,31785,34365,109.503
38186,38269,34608,34550,109.565
32292,27851,31537,37283,109.659
32388,27843,31524,37323,109.66
32676,27819,31485,37443,109.662
32964,27795,31446,37563,109.663
33060,27787,31433,37603,109.665
33348,27763,31394,37723,109.666
33636,27739,31355,37843,109.668
33732,27731,31342,37883,109.669
34020,27707,31303,38003,109.671
34308,27683,31264,38123,109.673
34404,27675,31251,38163,109.676
34692,27651,31212,38283,109.678
34980,27627,31173,38403,109.68
35076,27619,31160,38443,109.681
35364,27595,31121,38563,109.682
35652,27571,31082,38683,109.684
35748,27563,31069,38723,109.686
36036,27539,31030,38843,109.687
36324,27515,30991,38963,109.689
36420,27507,30978,39003,109.691
33029,28853,31753,36998,109.715
41136,27564,28220,36012,109.833
35270,29388,30827,36482,109.893
35366,29380,30814,36522,109.895
35654,29356,30775,36642,109.896
35942,29332,30736,36762,109.899
36038,29324,30723,36802,109.901
36326,29300,30684,36922,109.903
36614,29276,30645,37042,109.906
36710,29268,30632,37082,109.908
36998,29244,30593,37202,109.91
36007,30390,31043,36197,109.945
33994,35844,34538,36289,110.209
34090,35836,34525,36329,110.211
34378,35812,34486,36449,110.213
34731,36846,34754,36004,110.24
52128,48744,32464,31881,110.269
42769,35407,31144,35040,110.302
36454,26089,29308,38864,110.36
31746,27815,30896,37958,110.362
31842,27807,30883,37998,110.363
32130,27783,30844,38118,110.365
32418,27759,30805,38238,110.367
32514,27751,30792,38278,110.368
32802,27727,30753,38398,110.37
33090,27703,30714,38518,110.372
33186,27695,30701,38558,110.374
33474,27671,30662,38678,110.375
33762,27647,30623,38798,110.377
33858,27639,30610,38838,110.379
34146,27615,30571,38958,110.38
34434,27591,30532,39078,110.383
34530,27583,30519,39118,110.384
34818,27559,30480,39238,110.386
35106,27535,30441,39358,110.388
35202,27527,30428,39398,110.389
35490,27503,30389,39518,110.391
35778,27479,30350,39638,110.394
35874,27471,30337,39678,110.395
36162,27447,30298,39798,110.397
32483,28817,31112,37673,110.426
31325,28915,32131,39049,110.455
40590,27528,27579,36687,110.512
34724,29352,30186,37157,110.658
34820,29344,30173,37197,110.66
35108,29320,30134,37317,110.662
35396,29296,30095,37437,110.665
35492,29288,30082,37477,110.667
35780,29264,30043,37597,110.669
36068,29240,30004,37717,110.673
36164,29232,29991,37757,110.676
36452,29208,29952,37877,110.678
35461,30354,30402,36872,110.716
30746,29244,37059,41608,110.896
34757,25786,37420,41147,110.936
34853,25778,37407,41187,110.938
35141,25754,37368,41307,110.939
35429,25730,37329,41427,110.941
35525,25722,37316,41467,110.943
35813,25698,37277,41587,110.944
33056,26576,33931,39209,110.985
33152,26568,33918,39249,110.986
33440,26544,33879,39369,110.988
33728,26520,33840,39489,110.992
33824,26512,33827,39529,110.993
34112,26488,33788,39649,110.995
34400,26464,33749,39769,110.997
34496,26456,33736,39809,110.998
34784,26432,33697,39929,111
35072,26408,33658,40049,111.002
35168,26400,33645,40089,111.004
35456,26376,33606,40209,111.006
35744,26352,33567,40329,111.008
35840,26344,33554,40369,111.01
36128,26320,33515,40489,111.012
33793,27578,34147,38924,111.037
34211,25750,36779,41822,111.094
34307,25742,36766,41862,111.095
34595,25718,36727,41982,111.097
34883,25694,36688,42102,111.099
37218,24814,31702,40790,111.147
32510,26540,33290,39884,111.15
32606,26532,33277,39924,111.152
32894,26508,33238,40044,111.154
33182,26484,33199,40164,111.156
33278,26476,33186,40204,111.158
33566,26452,33147,40324,111.16
33854,26428,33108,40444,111.162
33950,26420,33095,40484,111.163
34238,26396,33056,40604,111.165
34526,26372,33017,40724,111.167
34622,26364,33004,40764,111.169
34910,26340,32965,40884,111.171
35198,26316,32926,41004,111.174
35294,26308,32913,41044,111.176
35582,26284,32874,41164,111.178
35870,26260,32835,41284,111.18
35966,26252,32822,41324,111.182
36254,26228,32783,41444,111.183
33247,27542,33506,39599,111.214
32089,27640,34525,40975,111.238
32685,27673,33066,40094,111.248
32781,27665,33053,40134,111.25
33069,27641,33014,40254,111.252
33357,27617,32975,40374,111.256
33453,27609,32962,40414,111.258
33741,27585,32923,40534,111.26
34029,27561,32884,40654,111.263
34125,27553,32871,40694,111.265
30101,30661,34694,39647,111.334
49687,47435,33862,31553,111.34
49700,47428,33867,31625,111.342
38223,42544,35154,34132,111.356
38236,42537,35159,34204,111.357
40525,34198,32601,35109,111.384
35396,37024,35424,35294,111.47
52583,48829,33070,30702,111.512
52596,48822,33075,30774,111.514
52765,48731,33140,31710,111.515
52778,48724,33145,31782,111.517
41119,43938,34362,33281,111.531
41132,43931,34367,33353,111.532
43434,35585,31814,34330,111.559
38305,38411,34637,34515,111.63
33148,28995,31782,36963,111.725
41255,27706,28249,35977,111.837
36126,30532,31072,36162,111.963
49141,47399,33221,32228,112.182
49154,47392,33226,32300,112.184
34850,36988,34783,35969,112.268
52037,48793,32429,31377,112.3
52050,48786,32434,31449,112.302
40573,43902,33721,33956,112.314
42888,35549,31173,35005,112.343
36429,26173,29402,38951,112.372
32602,28959,31141,37638,112.414
31300,28999,32225,39136,112.446
40709,27670,27608,36652,112.493
35580,30496,30431,36837,112.696
37193,24898,31796,40877,113.1
33366,27684,33535,39564,113.141
32064,27724,34619,41062,113.168
30220,30803,34723,39612,113.257
49635,47463,33842,31265,113.262
49648,47456,33847,31337,113.263
49739,47407,33882,31841,113.265
49752,47400,33887,31913,113.266
49830,47358,33917,32345,113.268
49843,47351,33922,32417,113.269
38132,42593,35119,33628,113.28
38145,42586,35124,33700,113.282
40644,34340,32630,35074,113.312
35515,37166,35453,35259,113.418
52544,48850,33055,30486,113.448
52557,48843,33060,30558,113.45
52635,48801,33090,30990,113.452
52648,48794,33095,31062,113.453
52726,48752,33125,31494,113.455
52739,48745,33130,31566,113.456
41028,43987,34327,32777,113.469
41041,43980,34332,32849,113.471
41210,43889,34397,33785,113.473
41223,43882,34402,33857,113.474
42560,34407,31612,35042,113.49
42573,34400,31617,35114,113.492
43553,35727,31843,34295,113.506
38424,38553,34666,34480,113.583
33267,29137,31811,36928,113.655
41374,27848,28278,35942,113.757
36245,30674,31101,36127,113.917
49089,47427,33201,31940,114.16
49102,47420,33206,32012,114.163
49193,47371,33241,32516,114.164
49206,47364,33246,32588,114.165
37586,42557,34478,34303,114.181
37599,42550,34483,34375,114.182
34969,37130,34812,35934,114.27
51998,48814,32414,31161,114.293
52011,48807,32419,31233,114.295
52089,48765,32449,31665,114.296
52102,48758,32454,31737,114.298
40482,43951,33686,33452,114.309
40495,43944,33691,33524,114.311
43007,35691,31202,34970,114.342
36404,26257,29496,39038,114.374
32721,29101,31170,37603,114.39
31275,29083,32319,39223,114.42
40828,27812,27637,36617,114.466
35699,30638,30460,36802,114.714
37168,24982,31890,40964,115.029
30339,30945,34752,39577,115.207
49609,47477,33832,31121,115.208
49622,47470,33837,31193,115.21
49661,47449,33852,31409,115.212
49674,47442,33857,31481,115.214
49713,47421,33872,31697,115.215
49726,47414,33877,31769,115.217
49765,47393,33892,31985,115.218
49804,47372,33907,32201,115.22
49817,47365,33912,32273,115.222
49583,47561,33938,31196,115.225
38080,42621,35099,33340,115.237
38093,42614,35104,33412,115.238
38184,42565,35139,33916,115.24
38197,42558,35144,33988,115.241
38275,42516,35174,34420,115.243
38288,42509,35179,34492,115.244
40763,34482,32659,35039,115.278
35634,37308,35482,35224,115.377
52518,48864,33045,30342,115.411
52531,48857,33050,30414,115.413
52570,48836,33065,30630,115.414
52609,48815,33080,30846,115.416
52622,48808,33085,30918,115.418
52661,48787,33100,31134,115.42
52700,48766,33115,31350,115.422
52713,48759,33120,31422,115.423
52752,48738,33135,31638,115.425
52791,48717,33150,31854,115.427
52492,48948,33151,30417,115.429
40989,44008,34312,32561,115.442
41002,44001,34317,32633,115.443
41080,43959,34347,33065,115.445
41093,43952,34352,33137,115.446
41171,43910,34382,33569,115.448
41184,43903,34387,33641,115.449
42521,34428,31597,34826,115.465
42534,34421,31602,34898,115.467
42612,34379,31632,35330,115.468
42625,34372,31637,35402,115.471
43672,35869,31872,34260,115.488
38543,38695,34695,34445,115.568
33386,29279,31840,36893,115.637
50518,40770,30729,32607,115.692
41493,27990,28307,35907,115.762
36364,30816,31130,36092,115.931
49063,47441,33191,31796,116.122
49076,47434,33196,31868,116.124
49115,47413,33211,32084,116.126
49128,47406,33216,32156,116.128
49167,47385,33231,32372,116.13
49180,47378,33236,32444,116.131
49038,47525,33285,31883,116.135
37534,42585,34458,34015,116.152
37547,42578,34463,34087,116.155
37638,42529,34498,34591,116.156
37651,42522,34503,34663,116.158
35088,37272,34841,35899,116.236
51972,48828,32404,31017,116.259
51985,48821,32409,31089,116.261
52024,48800,32424,31305,116.263
52063,48779,32439,31521,116.265
52076,48772,32444,31593,116.267
52115,48751,32459,31809,116.268
51947,48912,32498,31104,116.271
40443,43972,33671,33236,116.282
40456,43965,33676,33308,116.284
40534,43923,33706,33740,116.286
40547,43916,33711,33812,116.288
41975,34392,30956,35501,116.304
41988,34385,30961,35573,116.307
43126,35833,31231,34935,116.326
36379,26341,29590,39125,116.36
32840,29243,31199,37568,116.377
31250,29167,32413,39310,116.407
49972,40734,30088,33282,116.41
40947,27954,27666,36582,116.475
35818,30780,30489,36767,116.735
30458,31087,34781,39542,117.084
49557,47645,34044,31271,117.098
38054,42635,35089,33196,117.111
38067,42628,35094,33268,117.113
38106,42607,35109,33484,117.114
38119,42600,35114,33556,117.116
38158,42579,35129,33772,117.118
38171,42572,35134,33844,117.12
38210,42551,35149,34060,117.121
38249,42530,35164,34276,117.123
38262,42523,35169,34348,117.125
38028,42719,35195,33271,117.128
39586,33055,32374,35461,117.143
39599,33048,32379,35533,117.145
52466,49032,33257,30492,117.317
40963,44022,34302,32417,117.33
40976,44015,34307,32489,117.332
41015,43994,34322,32705,117.334
41054,43973,34337,32921,117.337
41067,43966,34342,32993,117.339
41106,43945,34357,33209,117.34
41145,43924,34372,33425,117.342
41158,43917,34377,33497,117.344
41197,43896,34392,33713,117.346
41236,43875,34407,33929,117.348
40937,44106,34408,32492,117.351
42495,34442,31587,34682,117.365
42508,34435,31592,34754,117.368
42547,34414,31607,34970,117.37
42586,34393,31622,35186,117.372
42599,34386,31627,35258,117.374
42638,34365,31642,35474,117.376
43791,36011,31901,34225,117.395
42469,34526,31693,34757,117.402
33505,29421,31869,36858,117.549
50422,40881,30102,32262,117.599
50454,40844,30311,32377,117.602
38963,35928,31986,34682,117.622
41612,28132,28336,35872,117.673
36483,30958,31159,36057,117.813
49013,47609,33379,31970,118.013
37508,42599,34448,33871,118.03
37521,42592,34453,33943,118.032
37560,42571,34468,34159,118.034
37573,42564,34473,34231,118.035
37612,42543,34488,34447,118.037
37625,42536,34493,34519,118.039
37483,42683,34542,33958,118.042
51922,48996,32592,31191,118.159
40417,43986,33661,33092,118.172
40430,43979,33666,33164,118.174
40469,43958,33681,33380,118.176
40508,43937,33696,33596,118.178
40521,43930,33701,33668,118.18
40560,43909,33716,33884,118.181
40392,44070,33755,33179,118.184
41949,34406,30946,35357,118.198
41962,34399,30951,35429,118.2
42001,34378,30966,35645,118.202
43245,35975,31260,34900,118.222
41924,34490,31040,35444,118.223
36354,26425,29684,39212,118.257
32959,29385,31228,37533,118.278
31225,29251,32507,39397,118.309
49876,40845,29461,32937,118.311
49908,40808,29670,33052,118.314
38417,35892,31345,35357,118.336
41066,28096,27695,36547,118.395
35937,30922,30518,36732,118.638
30577,31229,34810,39507,119.003
49531,47729,34150,31346,119.006
38002,42803,35301,33346,119.03
52440,49116,33363,30567,119.208
52210,49620,34644,30905,119.22
52268,49697,34651,30888,119.222
40911,44190,34514,32567,119.236
42443,34610,31799,34832,119.291
33624,29563,31898,36823,119.426
50358,40955,29684,32032,119.466
50390,40918,29893,32147,119.471
50486,40807,30520,32492,119.474
50031,41741,31079,32552,119.493
50089,41818,31086,32535,119.495
38867,36039,31359,34337,119.504
38899,36002,31568,34452,119.506
40399,26459,28644,36602,119.533
40431,26422,28853,36717,119.535
41731,28274,28365,35837,119.562
36602,31100,31188,36022,119.795
48988,47693,33473,32057,120.027
37458,42767,34636,34045,120.05
51897,49080,32686,31278,120.156
40367,44154,33849,33266,120.176
41899,34574,31134,35531,120.216
36329,26509,29778,39299,120.245
33078,29527,31257,37498,120.264
31200,29335,32601,39484,120.297
49812,40919,29043,32707,120.299
49844,40882,29252,32822,120.302
49940,40771,29879,33167,120.303
38321,36003,30718,35012,120.321
38353,35966,30927,35127,120.323
39853,26423,28003,37277,120.358
39885,26386,28212,37392,120.36
41185,28238,27724,36512,120.387
36056,31064,30547,36697,120.714
41079,24993,31233,38677,120.955
40501,24994,30383,39237,121.111
40533,24957,30592,39352,121.113
30696,31371,34839,39472,121.153
49505,47813,34256,31421,121.156
37976,42887,35407,33421,121.17
52414,49200,33469,30642,121.339
51804,49081,34595,31024,121.351
51862,49158,34602,31007,121.353
40885,44274,34620,32642,121.358
40655,44778,35901,32980,121.369
40713,44855,35908,32963,121.371
33743,29705,31927,36788,121.538
49625,41202,31030,32671,121.595
49683,41279,31037,32654,121.597
38803,36113,30941,34107,121.607
38835,36076,31150,34222,121.609
38931,35965,31777,34567,121.611
38476,36899,32336,34627,121.63
38534,36976,32343,34610,121.632
40335,26533,28226,36372,121.64
40367,26496,28435,36487,121.642
41850,28416,28394,35802,121.673
36721,31242,31217,35987,121.811
48963,47777,33567,32144,121.995
37433,42851,34730,34132,122.01
51872,49164,32780,31365,122.119
40342,44238,33943,33353,122.131
36304,26593,29872,39386,122.196
33197,29669,31286,37463,122.215
31175,29419,32695,39571,122.248
38257,36077,30300,34782,122.269
38289,36040,30509,34897,122.272
38385,35929,31136,35242,122.274
39789,26497,27585,37047,122.293
39821,26460,27794,37162,122.296
41304,28380,27753,36477,122.326
36175,31206,30576,36662,122.556
50390,42421,28749,33751,122.599
31369,37363,38110,38797,122.807
31382,37356,38115,38869,122.809
31413,37383,38077,38549,122.811
31426,37376,38082,38621,122.814
30815,31513,34868,39437,122.84
49479,47897,34362,31496,122.843
37950,42971,35513,33496,122.854
34631,35831,35214,36118,122.956
34644,35824,35219,36190,122.958
34727,35823,35201,36158,122.962
34740,35816,35206,36230,122.963
34823,35815,35188,36198,122.967
34836,35808,35193,36270,122.969
34919,35807,35175,36238,122.971
34932,35800,35180,36310,122.972
35015,35799,35162,36278,122.974
35059,35819,35129,36030,122.977
52388,49284,33575,30717,123.042
52094,49466,34630,30939,123.056
40859,44358,34726,32717,123.062
40249,44239,35852,33099,123.073
40307,44316,35859,33082,123.075
33862,29847,31956,36753,123.244
49509,41048,31016,32705,123.286
49915,41587,31065,32586,123.29
38070,36360,32287,34746,123.314
38128,36437,32294,34729,123.317
41969,28558,28423,35767,123.357
36840,31384,31246,35952,123.507
48938,47861,33661,32231,123.679
37408,42935,34824,34219,123.693
51847,49248,32874,31452,123.798
40317,44322,34037,33440,123.808
36279,26677,29966,39473,123.87
33316,29811,31315,37428,123.888
31150,29503,32789,39658,123.923
41423,28522,27782,36442,123.988
36294,31348,30605,36627,124.238
39910,38249,30086,35851,124.29
31317,37391,38090,38509,124.503
31330,37384,38095,38581,124.505
31387,37397,38067,38405,124.507
31400,37390,38072,38477,124.508
31439,37369,38087,38693,124.51
31483,37389,38054,38445,124.514
31496,37382,38059,38517,124.516
30934,31655,34897,39402,124.539
49453,47981,34468,31571,124.542
37924,43055,35619,33571,124.551
34535,35839,35227,36078,124.645
34548,35832,35232,36150,124.648
34579,35859,35194,35830,124.652
34592,35852,35199,35902,124.654
34683,35803,35234,36406,124.656
34696,35796,35239,36478,124.658
34675,35851,35181,35870,124.663
34688,35844,35186,35942,124.665
34779,35795,35221,36446,124.667
34771,35843,35168,35910,124.674
34784,35836,35173,35982,124.675
34867,35835,35155,35950,124.681
34880,35828,35160,36022,124.683
34963,35827,35142,35990,124.687
34976,35820,35147,36062,124.689
35033,35833,35119,35886,124.692
35046,35826,35124,35958,124.693
52362,49368,33681,30792,124.743
51746,49004,34588,31041,124.751
51920,49235,34609,30990,124.754
52152,49543,34637,30922,124.757
40833,44442,34832,32792,124.764
40539,44624,35887,33014,124.777
33981,29989,31985,36718,124.942
49567,41125,31023,32688,124.984
49741,41356,31044,32637,124.987
49973,41664,31072,32569,124.991
37954,36206,32273,34780,125.013
38360,36745,32322,34661,125.016
42088,28700,28452,35732,125.049
36959,31526,31275,35917,125.273
48913,47945,33755,32318,125.475
37383,43019,34918,34306,125.49
34033,35823,34553,36505,125.531
34046,35816,34558,36577,125.533
34129,35815,34540,36545,125.535
34142,35808,34545,36617,125.537
34225,35807,34527,36585,125.539
34321,35799,34514,36625,125.543
34487,35797,34478,36561,125.551
51822,49332,32968,31539,125.601
40292,44406,34131,33527,125.609
36254,26761,30060,39560,125.667
33435,29953,31344,37393,125.688
31125,29587,32883,39745,125.723
41542,28664,27811,36407,125.775
36413,31490,30634,36592,126.095
31291,37405,38080,38365,126.401
31304,37398,38085,38437,126.403
31343,37377,38100,38653,126.405
31356,37370,38105,38725,126.408
31053,31797,34926,39367,126.437
49427,48065,34574,31646,126.44
37898,43139,35725,33646,126.447
34483,35867,35207,35790,126.536
34496,35860,35212,35862,126.538
34587,35811,35247,36366,126.541
34600,35804,35252,36438,126.543
34553,35873,35184,35686,126.547
34566,35866,35189,35758,126.549
34605,35845,35204,35974,126.551
34618,35838,35209,36046,126.553
34657,35817,35224,36262,126.555
34670,35810,35229,36334,126.557
34649,35865,35171,35726,126.565
34662,35858,35176,35798,126.566
34701,35837,35191,36014,126.569
34714,35830,35196,36086,126.571
34753,35809,35211,36302,126.573
34766,35802,35216,36374,126.575
34745,35857,35158,35766,126.582
34758,35850,35163,35838,126.584
34797,35829,35178,36054,126.586
34810,35822,35183,36126,126.588
34849,35801,35198,36342,126.59
34862,35794,35203,36414,126.593
34841,35849,35145,35806,126.598
34854,35842,35150,35878,126.6
34893,35821,35165,36094,126.601
34906,35814,35170,36166,126.603
34945,35793,35185,36382,126.605
34937,35841,35132,35846,126.61
34950,35834,35137,35918,126.612
34989,35813,35152,36134,126.614
35002,35806,35157,36206,126.616
52336,49452,33787,30867,126.668
40807,44526,34938,32867,126.681
40191,44162,35845,33116,126.69
40365,44393,35866,33065,126.693
40597,44701,35894,32997,126.699
34100,30131,32014,36683,126.865
38012,36283,32280,34763,126.916
38186,36514,32301,34712,126.919
38418,36822,32329,34644,126.923
42207,28842,28481,35697,126.954
35846,29237,31389,37027,127.062
35878,29200,31598,37142,127.064
36518,29181,31298,37307,127.104
37078,31668,31304,35882,127.199
48888,48029,33849,32405,127.398
37358,43103,35012,34393,127.41
33937,35831,34566,36465,127.446
33950,35824,34571,36537,127.448
34007,35837,34543,36361,127.451
34020,35830,34548,36433,127.453
34059,35809,34563,36649,127.454
34103,35829,34530,36401,127.458
34116,35822,34535,36473,127.46
34199,35821,34517,36441,127.465
34212,35814,34522,36513,127.467
34295,35813,34504,36481,127.472
34308,35806,34509,36553,127.474
34391,35805,34491,36521,127.48
34404,35798,34496,36593,127.482
51797,49416,33062,31626,127.535
40267,44490,34225,33614,127.542
36229,26845,30154,39647,127.598
33554,30095,31373,37358,127.617
31100,29671,32977,39832,127.65
41661,28806,27840,36372,127.702
35300,29201,30748,37702,127.897
35332,29164,30957,37817,127.9
35972,29145,30657,37982,127.939
36532,31632,30663,36557,128.038
35268,26260,33945,42188,128.176
35302,26229,33978,42243,128.178
31172,31939,34955,39332,128.297
49401,48149,34680,31721,128.3
37872,43223,35831,33721,128.304
34457,35881,35197,35646,128.384
34470,35874,35202,35718,128.386
34509,35853,35217,35934,128.388
34522,35846,35222,36006,128.391
34561,35825,35237,36222,128.393
34574,35818,35242,36294,128.395
34613,35797,35257,36510,128.397
34431,35965,35303,35721,128.463
52310,49536,33893,30942,128.484
40781,44610,35044,32942,128.488
34219,30273,32043,36648,128.661
42326,28984,28510,35662,128.733
35366,29277,31454,36827,128.813
35398,29240,31663,36942,128.815
35462,29269,31441,36867,128.82
35494,29232,31650,36982,128.822
35558,29261,31428,36907,128.829
35590,29224,31637,37022,128.831
35654,29253,31415,36947,128.836
35686,29216,31624,37062,128.838
35750,29245,31402,36987,128.845
35782,29208,31611,37102,128.847
35782,29311,30971,36797,128.853
35814,29274,31180,36912,128.855
35942,29229,31376,37067,128.859
35974,29192,31585,37182,128.861
36038,29221,31363,37107,128.863
36070,29184,31572,37222,128.865
36134,29213,31350,37147,128.867
36230,29205,31337,37187,128.871
36326,29197,31324,37227,128.875
36422,29189,31311,37267,128.879
36454,29255,30880,37077,128.885
36486,29218,31089,37192,128.888
36614,29173,31285,37347,128.891
36710,29165,31272,37387,128.894
36806,29157,31259,37427,128.898
36902,29149,31246,37467,128.902
36998,29141,31233,37507,128.906
37094,29133,31220,37547,128.91
37126,29199,30789,37357,128.914
37158,29162,30998,37472,128.917
37197,31810,31333,35847,128.98
48863,48113,33943,32492,129.188
37333,43187,35106,34480,129.2
33911,35845,34556,36321,129.233
33924,35838,34561,36393,129.235
33963,35817,34576,36609,129.237
33976,35810,34581,36681,129.239
33886,35929,34650,36408,129.28
51772,49500,33156,31713,129.296
40242,44574,34319,33701,129.301
36204,26929,30248,39734,129.356
33673,30237,31402,37323,129.381
31075,29755,33071,39919,129.417
41780,28948,27869,36337,129.467
34820,29241,30813,37502,129.641
34852,29204,31022,37617,129.643
34916,29233,30800,37542,129.65
34948,29196,31009,37657,129.652
35012,29225,30787,37582,129.659
35044,29188,30996,37697,129.661
35108,29217,30774,37622,129.666
35140,29180,30983,37737,129.668
35204,29209,30761,37662,129.675
35236,29172,30970,37777,129.678
35236,29275,30330,37472,129.683
35268,29238,30539,37587,129.685
35396,29193,30735,37742,129.689
35428,29156,30944,37857,129.692
35492,29185,30722,37782,129.694
35524,29148,30931,37897,129.696
35588,29177,30709,37822,129.698
35684,29169,30696,37862,129.702
35780,29161,30683,37902,129.705
35876,29153,30670,37942,129.709
35908,29219,30239,37752,129.716
35940,29182,30448,37867,129.719
36068,29137,30644,38022,129.721
36164,29129,30631,38062,129.725
36260,29121,30618,38102,129.729
36356,29113,30605,38142,129.733
36452,29105,30592,38182,129.737
36548,29097,30579,38222,129.741
36580,29163,30148,38032,129.745
36612,29126,30357,38147,129.748
36651,31774,30692,36522,129.81
37888,24700,30421,40144,130
37922,24669,30454,40199,130.002
37846,43307,35937,33796,130.065
41715,35618,32891,34759,130.08
34405,36049,35409,35796,130.179
40755,44694,35150,33017,130.195
44624,37005,32104,33980,130.211
34338,30415,32072,36613,130.359
42445,29126,28539,35627,130.419
35270,29285,31467,36787,130.493
35302,29248,31676,36902,130.496
35302,29351,31036,36597,130.501
35334,29314,31245,36712,130.503
35398,29343,31023,36637,130.508
35430,29306,31232,36752,130.511
35494,29335,31010,36677,130.515
35526,29298,31219,36792,130.517
35590,29327,30997,36717,130.522
35622,29290,31206,36832,130.524
35686,29319,30984,36757,130.529
35718,29282,31193,36872,130.532
35878,29303,30958,36837,130.54
35910,29266,31167,36952,130.542
35974,29295,30945,36877,130.546
36006,29258,31154,36992,130.549
36070,29287,30932,36917,130.554
36102,29250,31141,37032,130.556
36166,29279,30919,36957,130.558
36198,29242,31128,37072,130.561
36262,29271,30906,36997,130.563
36294,29234,31115,37112,130.565
36358,29263,30893,37037,130.567
36390,29226,31102,37152,130.57
36550,29247,30867,37117,130.575
36582,29210,31076,37232,130.578
36646,29239,30854,37157,130.58
36678,29202,31063,37272,130.582
36742,29231,30841,37197,130.584
36774,29194,31050,37312,130.587
36838,29223,30828,37237,130.589
36870,29186,31037,37352,130.592
36934,29215,30815,37277,130.594
36966,29178,31024,37392,130.597
37030,29207,30802,37317,130.599
37062,29170,31011,37432,130.601
37316,31952,31362,35812,130.657
48838,48197,34037,32579,130.803
37308,43271,35200,34567,130.816
33861,36013,34744,36495,130.877
40217,44658,34413,33788,130.893
36179,27013,30342,39821,130.943
33792,30379,31431,37288,130.964
31050,29839,33165,40006,130.998
41899,29090,27898,36302,131.047
34724,29249,30826,37462,131.213
34756,29212,31035,37577,131.215
34756,29315,30395,37272,131.221
34788,29278,30604,37387,131.224
34852,29307,30382,37312,131.229
34884,29270,30591,37427,131.231
34948,29299,30369,37352,131.236
34980,29262,30578,37467,131.238
35044,29291,30356,37392,131.243
35076,29254,30565,37507,131.245
35140,29283,30343,37432,131.25
35172,29246,30552,37547,131.253
35332,29267,30317,37512,131.261
35364,29230,30526,37627,131.263
35428,29259,30304,37552,131.268
35460,29222,30513,37667,131.271
35524,29251,30291,37592,131.275
35556,29214,30500,37707,131.278
35620,29243,30278,37632,131.28
35652,29206,30487,37747,131.283
35716,29235,30265,37672,131.285
35748,29198,30474,37787,131.288
35812,29227,30252,37712,131.291
35844,29190,30461,37827,131.293
36004,29211,30226,37792,131.298
36036,29174,30435,37907,131.303
36100,29203,30213,37832,131.308
36132,29166,30422,37947,131.314
36196,29195,30200,37872,131.32
36228,29158,30409,37987,131.326
36292,29187,30187,37912,131.331
36324,29150,30396,38027,131.336
36388,29179,30174,37952,131.342
36420,29142,30383,38067,131.347
36484,29171,30161,37992,131.351
36516,29134,30370,38107,131.356
36676,29155,30135,38072,131.362
36770,31916,30721,36487,131.435
35234,26291,33912,42133,131.529
38332,24829,30963,39304,131.584
38366,24798,30996,39359,131.589
37786,24793,30322,39979,131.624
37820,24762,30355,40034,131.626
41834,35760,32920,34724,131.706
34379,36133,35515,35871,131.797
44743,37147,32133,33945,131.824
34457,30557,32101,36578,131.964
42564,29268,28568,35592,132.022
35206,29359,31049,36557,132.092
35238,29322,31258,36672,132.095
37435,32094,31391,35777,132.204
48813,48281,34131,32666,132.333
37283,43355,35294,34654,132.341
33836,36097,34838,36582,132.382
36154,27097,30436,39908,132.44
33911,30521,31460,37253,132.461
31025,29923,33259,40093,132.494
42018,29232,27927,36267,132.54
34660,29323,30408,37232,132.702
34692,29286,30617,37347,132.705
36889,32058,30750,36452,132.813
38298,24860,30930,39249,132.879
37752,24824,30289,39924,132.913
37854,24731,30388,40089,132.917
41953,35902,32949,34689,133.049
34353,36217,35621,35946,133.138
44862,37289,32162,33910,133.165
34576,30699,32130,36543,133.303
42683,29410,28597,35557,133.347
37554,32236,31420,35742,133.475
37258,43439,35388,34741,133.591
33811,36181,34932,36669,133.624
36129,27181,30530,39995,133.683
34030,30663,31489,37218,133.705
31000,30007,33353,40180,133.739
42137,29374,27956,36232,133.777
37008,32200,30779,36417,134
30715,29038,36690,42613,134.056
34327,36301,35727,36021,134.248
44981,37431,32191,33875,134.267
34695,30841,32159,36508,134.394
42802,29552,28626,35522,134.433
37673,32378,31449,35707,134.554
33786,36265,35026,36756,134.694
36104,27265,30624,40082,134.738
34149,30805,31518,37183,134.759
30975,30091,33447,40267,134.793
42256,29516,27985,36197,134.83
37127,32342,30808,36382,135.044
30235,29078,36755,42413,135.095
30331,29070,36742,42453,135.099
30427,29062,36729,42493,135.104
30523,29054,36716,42533,135.108
30619,29046,36703,42573,135.112
30613,29131,36591,42448,135.115
30647,29100,36624,42503,135.117
30811,29030,36677,42653,135.12
30907,29022,36664,42693,135.123
31003,29014,36651,42733,135.126
31099,29006,36638,42773,135.13
31195,28998,36625,42813,135.134
31291,28990,36612,42853,135.138
31285,29075,36500,42728,135.142
33335,27478,33166,40569,135.177
34007,27422,33075,40849,135.197
34301,36385,35833,36096,135.356
45100,37573,32220,33840,135.372
34814,30983,32188,36473,135.496
42921,29694,28655,35487,135.536
37792,32520,31478,35672,135.657
36079,27349,30718,40169,135.811
34268,30947,31547,37148,135.835
30950,30175,33541,40354,135.87
42375,29658,28014,36162,135.902
37246,32484,30837,36347,136.118
30139,29086,36768,42373,136.157
30133,29171,36656,42248,136.161
30167,29140,36689,42303,136.163
30229,29163,36643,42288,136.165
30263,29132,36676,42343,136.168
30325,29155,36630,42328,136.171
30359,29124,36663,42383,136.173
30421,29147,36617,42368,136.176
30455,29116,36650,42423,136.178
30517,29139,36604,42408,136.181
30551,29108,36637,42463,136.183
30579,29162,36558,42393,136.186
30681,29069,36657,42558,136.189
30709,29123,36578,42488,136.193
30743,29092,36611,42543,136.195
30805,29115,36565,42528,136.198
30839,29084,36598,42583,136.201
30901,29107,36552,42568,136.203
30935,29076,36585,42623,136.206
30997,29099,36539,42608,136.208
31031,29068,36572,42663,136.211
31093,29091,36526,42648,136.213
31127,29060,36559,42703,136.216
31189,29083,36513,42688,136.219
31223,29052,36546,42743,136.221
31251,29106,36467,42673,136.224
32855,27518,33231,40369,136.242
32951,27510,33218,40409,136.246
33047,27502,33205,40449,136.25
33143,27494,33192,40489,136.254
33239,27486,33179,40529,136.257
33233,27571,33067,40404,136.261
33267,27540,33100,40459,136.263
33431,27470,33153,40609,136.265
33527,27462,33140,40649,136.269
33623,27454,33127,40689,136.273
33719,27446,33114,40729,136.277
33815,27438,33101,40769,136.281
33911,27430,33088,40809,136.285
33905,27515,32976,40684,136.289
33939,27484,33009,40739,136.291
34103,27414,33062,40889,136.294
37181,39154,35859,34769,136.438
45219,37715,32249,33805,136.458
40090,40541,35072,33990,136.507
34933,31125,32217,36438,136.574
43040,29836,28684,35452,136.608
37911,32662,31507,35637,136.741
36054,27433,30812,40256,136.886
34387,31089,31576,37113,136.908
30925,30259,33635,40441,136.944
42494,29800,28043,36127,136.974
37365,32626,30866,36312,137.194
30037,29179,36669,42208,137.224
30071,29148,36702,42263,137.227
30099,29202,36623,42193,137.23
30201,29109,36722,42358,137.232
30195,29194,36610,42233,137.235
30297,29101,36709,42398,137.238
30291,29186,36597,42273,137.242
30393,29093,36696,42438,137.244
30387,29178,36584,42313,137.247
30489,29085,36683,42478,137.251
30483,29170,36571,42353,137.255
30585,29077,36670,42518,137.257
30675,29154,36545,42433,137.262
30777,29061,36644,42598,137.266
30771,29146,36532,42473,137.27
30873,29053,36631,42638,137.273
30867,29138,36519,42513,137.276
30969,29045,36618,42678,137.279
30963,29130,36506,42553,137.282
31065,29037,36605,42718,137.286
31059,29122,36493,42593,137.289
31161,29029,36592,42758,137.292
31155,29114,36480,42633,137.295
31257,29021,36579,42798,137.298
33299,27647,33773,39529,137.305
33333,27616,33806,39584,137.307
33395,27639,33760,39569,137.31
32759,27526,33244,40329,137.323
32753,27611,33132,40204,137.327
32787,27580,33165,40259,137.329
32849,27603,33119,40244,137.332
32883,27572,33152,40299,137.335
32945,27595,33106,40284,137.338
32979,27564,33139,40339,137.34
33041,27587,33093,40324,137.343
33075,27556,33126,40379,137.346
33137,27579,33080,40364,137.348
33171,27548,33113,40419,137.352
33199,27602,33034,40349,137.355
33301,27509,33133,40514,137.358
33329,27563,33054,40444,137.361
33363,27532,33087,40499,137.364
33425,27555,33041,40484,137.367
33459,27524,33074,40539,137.37
33521,27547,33028,40524,137.372
33555,27516,33061,40579,137.375
33617,27539,33015,40564,137.378
33651,27508,33048,40619,137.38
33713,27531,33002,40604,137.383
33747,27500,33035,40659,137.386
33809,27523,32989,40644,137.388
33843,27492,33022,40699,137.391
33871,27546,32943,40629,137.394
33973,27453,33042,40794,137.397
34001,27507,32963,40724,137.4
34035,27476,32996,40779,137.403
34097,27499,32950,40764,137.406
34131,27468,32983,40819,137.408
37300,39296,35888,34734,137.51
45338,37857,32278,33770,137.532
40209,40683,35101,33955,137.578
35052,31267,32246,36403,137.646
43159,29978,28713,35417,137.684
38030,32804,31536,35602,137.807
34506,31231,31605,37078,137.96
30900,30343,33729,40528,137.998
42613,29942,28072,36092,138.03
37484,32768,30895,36277,138.26
30003,29210,36636,42153,138.291
30105,29117,36735,42318,138.294
33203,27655,33786,39489,138.322
33237,27624,33819,39544,138.326
33265,27678,33740,39474,138.328
33361,27670,33727,39514,138.334
33457,27662,33714,39554,138.341
33553,27654,33701,39594,138.344
32657,27619,33145,40164,138.347
32691,27588,33178,40219,138.351
32719,27642,33099,40149,138.354
32821,27549,33198,40314,138.357
32815,27634,33086,40189,138.36
32917,27541,33185,40354,138.364
32911,27626,33073,40229,138.367
33013,27533,33172,40394,138.371
33007,27618,33060,40269,138.375
33109,27525,33159,40434,138.378
33103,27610,33047,40309,138.382
33205,27517,33146,40474,138.385
33295,27594,33021,40389,138.39
33397,27501,33120,40554,138.394
33391,27586,33008,40429,138.397
33493,27493,33107,40594,138.401
33487,27578,32995,40469,138.404
33589,27485,33094,40634,138.407
33583,27570,32982,40509,138.411
33685,27477,33081,40674,138.415
33679,27562,32969,40549,138.419
33781,27469,33068,40714,138.423
33775,27554,32956,40589,138.426
33877,27461,33055,40754,138.429
33967,27538,32930,40669,138.435
34069,27445,33029,40834,138.439
34063,27530,32917,40709,138.442
37419,39438,35917,34699,138.531
45457,37999,32307,33735,138.554
40328,40825,35130,33920,138.596
35171,31409,32275,36368,138.662
43278,30120,28742,35382,138.698
38149,32946,31565,35567,138.825
34625,31373,31634,37043,138.96
30875,30427,33823,40615,138.998
42732,30084,28101,36057,139.031
37603,32910,30924,36242,139.251
33169,27686,33753,39434,139.281
32623,27650,33112,40109,139.292
32725,27557,33211,40274,139.295
37538,39580,35946,34664,139.402
45576,38141,32336,33700,139.428
40447,40967,35159,33885,139.469
35290,31551,32304,36333,139.53
43397,30262,28771,35347,139.567
38268,33088,31594,35532,139.695
34744,31515,31663,37008,139.822
30850,30511,33917,40702,139.86
42851,30226,28130,36022,139.895
37722,33052,30953,36207,140.128
37657,39722,35975,34629,140.223
45695,38283,32365,33665,140.252
40566,41109,35188,33850,140.296
35409,31693,32333,36298,140.358
43516,30404,28800,35312,140.394
38387,33230,31623,35497,140.523
34863,31657,31692,36973,140.641
30825,30595,34011,40789,140.681
42970,30368,28159,35987,140.715
37841,33194,30982,36172,140.96
37776,39864,36004,34594,141.052
45814,38425,32394,33630,141.085
40685,41251,35217,33815,141.133
35528,31835,32362,36263,141.188
43635,30546,28829,35277,141.225
38506,33372,31652,35462,141.355
34982,31799,31721,36938,141.464
30800,30679,34105,40876,141.506
43089,30510,28188,35952,141.541
37960,33336,31011,36137,141.783
37895,40006,36033,34559,141.867
45933,38567,32423,33595,141.902
40804,41393,35246,33780,141.955
35647,31977,32391,36228,142.007
43754,30688,28858,35242,142.046
38625,33514,31681,35427,142.177
43208,30652,28217,35917,142.362
38079,33478,31040,36102,142.537
38014,40148,36062,34524,142.615
46052,38709,32452,33560,142.651
40923,41535,35275,33745,142.709
35766,32119,32420,36193,142.759
43873,30830,28887,35207,142.797
38744,33656,31710,35392,142.93
43327,30794,28246,35882,143.099
38198,33620,31069,36067,143.271
38133,40290,36091,34489,143.346
46171,38851,32481,33525,143.382
41042,41677,35304,33710,143.443
35885,32261,32449,36158,143.487
43992,30972,28916,35172,143.536
38863,33798,31739,35357,143.67
43446,30936,28275,35847,143.851
38317,33762,31098,36032,144.027
38252,40432,36120,34454,144.093
46290,38993,32510,33490,144.129
41161,41819,35333,33675,144.194
36004,32403,32478,36123,144.231
44111,31114,28945,35137,144.27
38982,33940,31768,35322,144.403
43565,31078,28304,35812,144.539
38436,33904,31127,35997,144.71
38371,40574,36149,34419,144.773
46409,39135,32539,33455,144.808
41280,41961,35362,33640,144.879
36123,32545,32507,36088,144.909
44230,31256,28974,35102,144.948
39101,34082,31797,35287,145.083
43684,31220,28333,35777,145.198
38555,34046,31156,35962,145.38
38490,40716,36178,34384,145.443
46528,39277,32568,33420,145.48
41399,42103,35391,33605,145.551
36242,32687,32536,36053,145.582
44349,31398,29003,35067,145.621
39220,34224,31826,35252,145.756
43803,31362,28362,35742,145.865
38674,34188,31185,35927,146.038
38609,40858,36207,34349,146.108
46647,39419,32597,33385,146.137
41518,42245,35420,33570,146.21
36361,32829,32565,36018,146.243
44468,31540,29032,35032,146.282
39339,34366,31855,35217,146.418
43922,31504,28391,35707,146.51
38793,34330,31214,35892,146.685
46766,39561,32626,33350,146.787
41637,42387,35449,33535,146.865
36480,32971,32594,35983,146.89
44587,31682,29061,34997,146.93
39458,34508,31884,35182,147.076
44041,31646,28420,35672,147.154
38912,34472,31243,35857,147.329
46885,39703,32655,33315,147.433
41756,42529,35478,33500,147.512
36599,33113,32623,35948,147.539
44706,31824,29090,34962,147.579
46339,39667,32014,33990,147.741
44160,31788,28449,35637,147.794
47004,39845,32684,33280,148.066
36718,33255,32652,35913,148.179
44825,31966,29119,34927,148.22
46458,39809,32043,33955,148.379
44279,31930,28478,35602,148.432
47123,39987,32713,33245,148.697
36837,33397,32681,35878,148.808
44944,32108,29148,34892,148.853
46577,39951,32072,33920,149
44398,32072,28507,35567,149.049
44333,38742,33529,33989,149.223
36956,33539,32710,35843,149.401
45063,32250,29177,34857,149.443
44517,32214,28536,35532,149.631
44452,38884,33558,33954,149.799
37075,33681,32739,35808,149.972
45182,32392,29206,34822,150.016
44636,32356,28565,35497,150.194
44571,39026,33587,33919,150.363
37194,33823,32768,35773,150.535
45301,32534,29235,34787,150.577
44755,32498,28594,35462,150.737
44690,39168,33616,33884,150.901
37313,33965,32797,35738,151.05
45420,32676,29264,34752,151.092
44874,32640,28623,35427,151.244
44809,39310,33645,33849,151.403
37432,34107,32826,35703,151.544
45539,32818,29293,34717,151.586
44993,32782,28652,35392,151.737
44928,39452,33674,33814,151.892
37551,34249,32855,35668,152.03
45658,32960,29322,34682,152.078
45112,32924,28681,35357,152.228
45047,39594,33703,33779,152.385
39918,42420,36526,33964,152.414
37670,34391,32884,35633,152.512
45777,33102,29351,34647,152.55
45231,33066,28710,35322,152.697
45166,39736,33732,33744,152.86
40037,42562,36555,33929,152.887
37789,34533,32913,35598,152.977
45896,33244,29380,34612,153.017
45350,33208,28739,35287,153.171
45285,39878,33761,33709,153.324
46015,33386,29409,34577,153.474
45469,33350,28768,35252,153.619
45404,40020,33790,33674,153.781
46134,33528,29438,34542,153.919
45588,33492,28797,35217,154.056
45523,40162,33819,33639,154.201
46253,33670,29467,34507,154.324
45707,33634,28826,35182,154.455
45642,40304,33848,33604,154.583
46372,33812,29496,34472,154.698
45826,33776,28855,35147,154.831
45761,40446,33877,33569,154.956
46491,33954,29525,34437,155.064
45945,33918,28884,35112,155.191
45880,40588,33906,33534,155.304
46610,34096,29554,34402,155.399
46064,34060,28913,35077,155.521
45999,40730,33935,33499,155.623
46729,34238,29583,34367,155.706
46183,34202,28942,35042,155.817
46118,40872,33964,33464,155.907
49027,42259,33177,32685,155.921
46848,34380,29612,34332,155.99
46302,34344,28971,35007,156.101
46237,41014,33993,33429,156.187
49146,42401,33206,32650,156.202
46967,34522,29641,34297,156.267
46421,34486,29000,34972,156.376
46356,41156,34022,33394,156.454
49265,42543,33235,32615,156.469
47086,34664,29670,34262,156.537
46540,34628,29029,34937,156.641
46475,41298,34051,33359,156.717
49384,42685,33264,32580,156.737
47205,34806,29699,34227,156.801
46659,34770,29058,34902,156.908
46594,41440,34080,33324,156.976
49503,42827,33293,32545,156.999
47324,34948,29728,34192,157.065
46778,34912,29087,34867,157.18
46713,41582,34109,33289,157.244
49622,42969,33322,32510,157.266
47443,35090,29757,34157,157.333
46897,35054,29116,34832,157.438
46832,41724,34138,33254,157.497
49741,43111,33351,32475,157.524
47562,35232,29786,34122,157.589
47016,35196,29145,34797,157.695
46951,41866,34167,33219,157.748
49860,43253,33380,32440,157.776
47681,35374,29815,34087,157.843
47135,35338,29174,34762,157.948
47070,42008,34196,33184,158.004
49979,43395,33409,32405,158.035
47800,35516,29844,34052,158.1
47254,35480,29203,34727,158.211
47189,42150,34225,33149,158.259
50098,43537,33438,32370,158.289
47919,35658,29873,34017,158.358
47373,35622,29232,34692,158.463
48038,35800,29902,33982,158.608
47492,35764,29261,34657,158.713
48157,35942,29931,33947,158.863
47611,35906,29290,34622,158.966
48276,36084,29960,33912,159.101
47730,36048,29319,34587,159.211
48395,36226,29989,33877,159.335
47849,36190,29348,34552,159.443
48514,36368,30018,33842,159.572
47968,36332,29377,34517,159.681
48633,36510,30047,33807,159.796
48087,36474,29406,34482,159.892
48752,36652,30076,33772,159.999
48206,36616,29435,34447,160.091
48871,36794,30105,33737,160.193
48325,36758,29464,34412,160.279
48990,36936,30134,33702,160.38
48444,36900,29493,34377,160.47
49109,37078,30163,33667,160.559
48563,37042,29522,34342,160.64
49228,37220,30192,33632,160.723
48682,37184,29551,34307,160.801
49347,37362,30221,33597,160.879
48801,37326,29580,34272,160.949
48736,43996,34602,32694,160.954
51645,45383,33815,31915,160.962
49466,37504,30250,33562,161.031
48920,37468,29609,34237,161.099
51764,45525,33844,31880,161.112
49585,37646,30279,33527,161.181
49039,37610,29638,34202,161.253
51883,45667,33873,31845,161.266
49704,37788,30308,33492,161.331
49158,37752,29667,34167,161.397
52002,45809,33902,31810,161.414
49823,37930,30337,33457,161.472
49277,37894,29696,34132,161.541
52121,45951,33931,31775,161.559
49942,38072,30366,33422,161.62
49396,38036,29725,34097,161.684
52240,46093,33960,31740,161.704
50061,38214,30395,33387,161.759
49515,38178,29754,34062,161.817
52359,46235,33989,31705,161.838
50180,38356,30424,33352,161.89
49634,38320,29783,34027,161.945
52478,46377,34018,31670,161.97
50299,38498,30453,33317,162.027
49753,38462,29812,33992,162.085
52597,46519,34047,31635,162.113
50418,38640,30482,33282,162.163
49872,38604,29841,33957,162.211
52716,46661,34076,31600,162.24
50537,38782,30511,33247,162.284
49991,38746,29870,33922,162.334
49926,45416,34892,32344,162.34
52835,46803,34105,31565,162.371
50656,38924,30540,33212,162.41
50110,38888,29899,33887,162.452
50045,45558,34921,32309,162.458
52954,46945,34134,31530,162.493
50775,39066,30569,33177,162.536
50229,39030,29928,33852,162.577
50164,45700,34950,32274,162.583
53073,47087,34163,31495,162.612
50894,39208,30598,33142,162.654
50348,39172,29957,33817,162.692
53192,47229,34192,31460,162.732
51013,39350,30627,33107,162.768
50467,39314,29986,33782,162.805
53311,47371,34221,31425,162.848
51473,47262,35269,31889,163.552
51592,47404,35298,31854,163.591
