obj0,obj1,obj2,cpu
60052,53404,27762,6.0578
54222,46349,28103,6.06606
45747,39456,29049,19.2439
42068,40352,29464,19.2843
42092,37272,29125,19.2939
41371,35423,30650,19.2968
42173,36036,29949,19.344
41452,34187,31474,19.347
44421,39910,28969,24.0726
40719,38887,30369,24.0866
40743,35807,30030,24.0912
40824,34571,30854,24.1819
39019,34098,34051,24.4969
56068,49199,27803,26.8676
50238,42144,28144,26.9136
46583,39960,28220,26.9837
46664,38724,29044,27.0546
36232,35578,41878,28.2293
39327,36366,32889,30.221
39351,33286,32550,30.228
39998,37038,31894,30.3179
40022,33958,31555,30.3256
40103,32722,32379,30.4221
36870,34852,38218,30.6166
36894,31772,37879,30.6605
37565,32444,36884,30.853
37646,31208,37708,31.0718
36587,36677,40759,31.8047
39223,33189,34076,32.2004
39895,34210,32306,32.2413
39976,32974,33130,32.2928
39975,32625,33905,32.296
37225,35951,37099,32.3841
37249,32871,36760,32.4137
37897,36972,35329,32.4645
37896,36623,36104,32.4667
37921,33892,34990,32.505
37920,33543,35765,32.5071
38002,32656,35814,32.6034
38001,32307,36589,32.6055
46422,39719,28999,32.9024
46488,39787,28992,32.9037
37092,31976,37858,32.939
37158,32044,37851,32.9397
39289,33257,34069,33.0286
45894,39175,29055,33.0509
45960,39243,29048,33.0522
37026,31908,37865,33.0923
37986,33611,35758,33.1211
38052,33679,35751,33.1219
38067,32375,36582,33.1395
40809,35875,30023,33.2055
40875,35943,30016,33.2062
45432,38699,29104,33.2224
45498,38767,29097,33.2236
46224,39515,29020,33.2242
46290,39583,29013,33.2254
41352,35115,30798,33.2306
41418,35183,30791,33.2314
40042,33042,33123,33.2351
36960,31840,37872,33.2637
37829,32716,36856,33.2895
37895,32784,36849,33.2902
38317,34300,34948,33.2919
38383,34368,34941,33.2926
38266,32928,35786,33.3082
38332,32996,35779,33.3089
46088,40212,28634,33.3363
46033,40240,28680,33.337
36719,36813,40745,33.357
36785,36881,40738,33.3577
41535,36623,29946,33.3865
41601,36691,29939,33.3872
45366,38631,29111,33.4072
45696,38971,29076,33.4089
45762,39039,29069,33.4101
46158,39447,29027,33.4107
46356,39651,29006,33.4125
40956,34707,30840,33.4176
41022,34775,30833,33.4183
41484,35251,30784,33.4194
37554,32452,37809,33.4535
37315,32939,36753,33.4564
37381,33007,36746,33.4571
37631,32512,36877,33.4831
38185,34164,34962,33.4847
38251,34232,34955,33.4854
38306,31888,37638,33.4992
38372,31956,37631,33.5001
38068,32724,35807,33.5042
38134,32792,35800,33.5049
38331,32647,36554,33.5109
56013,49227,27849,33.536
46198,40156,28542,33.5389
46143,40184,28588,33.5396
46609,38752,29090,33.552
36653,36745,40752,33.5647
41007,36079,30002,33.5981
41073,36147,29995,33.5989
39961,34278,32299,33.605
45300,38563,29118,33.6191
45630,38903,29083,33.6222
45828,39107,29062,33.6239
46026,39311,29041,33.6255
46092,39379,29034,33.6267
46554,39855,28985,33.6325
40890,34639,30847,33.6337
41154,34911,30819,33.6342
41220,34979,30812,33.6349
41616,35387,30770,33.6355
40301,32926,32358,33.6443
37290,32180,37837,33.6823
37356,32248,37830,33.6831
37777,33415,36704,33.6869
37843,33483,36697,33.6876
37763,32648,36863,33.717
37961,32852,36842,33.7181
38053,34028,34976,33.7193
38119,34096,34969,33.72
38647,34640,34913,33.7214
38713,34708,34906,33.7221
38250,33883,35730,33.7273
38240,31820,37645,33.7312
38200,32860,35793,33.737
38596,33268,35751,33.7375
38662,33336,35744,33.7382
38199,32511,36568,33.7432
38265,32579,36561,33.7439
50183,42172,28190,33.7757
46253,40128,28496,33.7768
40941,36011,30009,33.8387
41337,36419,29967,33.8399
41403,36487,29960,33.8406
42063,37167,29890,33.8412
42129,37235,29883,33.8419
45564,38835,29090,33.8687
41088,34843,30826,33.8858
41286,35047,30805,33.8868
41550,35319,30777,33.8885
40235,32858,32365,33.8936
37224,32112,37844,33.9361
37422,32316,37823,33.9377
37711,33347,36711,33.9407
39217,34302,34030,33.9468
37697,32580,36870,33.9779
37987,33960,34983,33.9794
38515,34504,34927,33.9814
38581,34572,34920,33.9821
38118,33747,35744,33.9851
38184,33815,35737,33.9858
38174,31752,37652,33.9908
38398,33064,35772,33.9963
38464,33132,35765,33.997
38133,32443,36575,34.0023
55903,49283,27941,34.0402
55848,49311,27987,34.041
46418,40044,28358,34.0436
46363,40072,28404,34.0443
45868,40324,28818,34.0448
45813,40352,28864,34.0455
36562,35918,41843,34.054
36628,35986,41836,34.0547
39417,33354,32543,34.0667
41139,36215,29988,34.0993
41205,36283,29981,34.1005
41469,36555,29953,34.1014
41997,37099,29897,34.1025
40088,34026,31548,34.1122
40169,32790,32372,34.1679
40041,32693,33898,34.2243
37488,32384,37816,34.233
37513,33143,36732,34.2364
37579,33211,36725,34.2372
37909,33551,36690,34.2403
39151,34234,34037,34.2432
38449,34436,34934,34.2845
38779,34776,34899,34.287
38108,31684,37659,34.2948
38438,32024,37624,34.2965
38530,33200,35758,34.3
55958,49255,27895,34.362
46528,39988,28266,34.3643
46473,40016,28312,34.365
46308,40100,28450,34.3662
45978,40268,28726,34.3668
45923,40296,28772,34.3675
36496,35850,41850,34.3858
36851,36949,40731,34.3907
41271,36351,29974,34.4252
41865,36963,29911,34.4272
41931,37031,29904,34.4279
37447,33075,36739,34.5675
37645,33279,36718,34.5685
39085,34166,34044,34.5731
38845,34844,34892,34.6278
37910,31480,37680,34.6363
37976,31548,37673,34.6372
38504,32092,37617,34.6378
38570,32160,37610,34.6385
55738,49367,28079,34.7113
45703,40408,28956,34.7197
36298,35646,41871,34.7313
36364,35714,41864,34.7321
39549,33490,32529,34.7411
41799,36895,29918,34.7724
40220,34162,31534,34.7809
37712,31276,37701,35.0425
38042,31616,37666,35.0436
55793,49339,28033,35.1331
45758,40380,28910,35.1348
36430,35782,41857,35.1419
39483,33422,32536,35.1497
41667,36759,29932,35.1879
40154,34094,31541,35.2004
37778,31344,37694,35.5289
38702,32296,37596,35.5304
41733,36827,29925,35.6975
37844,31412,37687,36.0932
38636,32228,37603,36.0948
36826,36190,41815,36.243
36760,36122,41822,36.938
36799,35565,42494,36.94
36834,35549,42508,36.9408
36694,36054,41829,37.7305
36869,35533,42522,37.7337
41577,35559,30599,39.6787
41783,35695,30548,39.6794
40090,33142,33073,40.9613
41658,34323,31423,42.0458
41864,34459,31372,42.0465
38144,33647,35757,42.6532
39561,33014,35030,42.6615
39540,32962,35145,42.6625
41471,33674,32059,43.0018
41677,33810,32008,43.0025
40713,33198,32256,43.0184
40919,33334,32205,43.0191
38159,32343,36588,43.414
39582,33066,34915,43.4194
39319,33389,33976,43.5465
40647,33130,32263,43.6365
40853,33266,32212,43.6372
40507,33062,32307,43.6513
39603,33118,34800,43.8275
39393,32598,35950,43.8301
39372,32546,36065,43.831
39271,33289,34026,43.9483
40009,34378,32249,43.9605
40024,33074,33080,44.0033
40441,32994,32314,44.0179
41059,33402,32161,44.0189
41883,33946,31957,44.02
41125,33470,32154,44.0272
38788,33526,35316,44.0816
38767,33474,35431,44.0826
39519,32910,35260,44.1772
39267,32286,36640,44.178
39246,32234,36755,44.1789
39337,33357,34019,44.2619
41545,33674,32022,44.2981
41751,33810,31971,44.2988
41199,33470,32117,44.3035
41405,33606,32066,44.3042
41265,33538,32110,44.3086
41331,33606,32103,44.3141
41537,33742,32052,44.3147
40023,32725,33855,44.336
40071,32825,33805,44.3367
38809,33578,35201,44.3558
38078,33579,35764,44.4077
38423,32615,36560,44.416
39624,33170,34685,44.4176
39414,32650,35835,44.4216
39288,32338,36525,44.423
39120,31922,37445,44.4246
39099,31870,37560,44.4255
39991,34410,32206,44.5149
40706,34434,31395,44.5252
40912,34570,31344,44.5259
40426,34298,31483,44.5315
40072,33174,33030,44.5444
40721,33130,32226,44.545
40927,33266,32175,44.5457
41957,33946,31920,44.5463
40375,32926,32321,44.5506
40581,33062,32270,44.5512
41611,33742,32015,44.5523
41743,33878,32001,44.5574
37473,32975,36752,44.5722
38998,34046,34166,44.5779
38977,33994,34281,44.5789
38225,32411,36581,44.6332
38291,32479,36574,44.6342
39456,32754,35605,44.6394
39435,32702,35720,44.6404
39330,32442,36295,44.6423
39309,32390,36410,44.6432
39204,32130,36985,44.6451
39183,32078,37100,44.6461
36745,36713,40758,44.6945
39755,33626,32478,44.7052
39943,34310,32256,44.7182
40228,34094,31504,44.7228
40500,34298,31446,44.7264
40838,34570,31381,44.7308
40515,32994,32277,44.7369
41339,33538,32073,44.7379
40787,33198,32219,44.7426
40993,33334,32168,44.7433
40089,32793,33848,44.7499
37407,32907,36759,44.7521
38956,33942,34396,44.7625
38935,33890,34511,44.7635
38342,33851,35736,44.8048
38357,32547,36567,44.8058
39498,32858,35375,44.8096
39477,32806,35490,44.8106
39351,32494,36180,44.8137
39225,32182,36870,44.8176
39141,31974,37330,44.8191
36811,36781,40751,44.8442
40241,33898,32339,44.8494
40167,33898,32376,44.8537
40640,34366,31402,44.8666
40846,34502,31351,44.8673
40294,34162,31497,44.8687
40566,34366,31439,44.8709
40772,34502,31388,44.8716
40632,34434,31432,44.8721
40309,32858,32328,44.8751
41133,33402,32124,44.8761
41817,33878,31964,44.8806
37605,33111,36738,44.8878
37671,33179,36731,44.8888
38893,33786,34741,44.8976
38872,33734,34856,44.8986
38725,33370,35661,44.9005
38276,33783,35743,44.9264
39162,32026,37215,44.9443
40175,33830,32346,44.9506
39623,33490,32492,44.9538
39961,33762,32427,44.9579
40434,34230,31453,44.9662
40360,34230,31490,44.9699
38914,33838,34626,44.9889
38851,33682,34971,44.9911
38830,33630,35086,44.9922
38746,33422,35546,44.9937
38210,33715,35750,45.0152
39763,33558,32448,45.0362
39969,33694,32397,45.0369
40035,33762,32390,45.0375
37803,33315,36717,45.0526
39557,33422,32499,45.0969
39829,33626,32441,45.0988
39895,33694,32434,45.1008
40101,33830,32383,45.1014
37539,33043,36745,45.1063
37737,33247,36724,45.108
37869,33383,36710,45.1092
39225,34234,34000,45.1117
39689,33558,32485,45.1488
39381,33225,34075,45.1525
37935,33451,36703,45.1545
39291,34302,33993,45.1735
40133,32661,33904,45.1872
