obj0,obj1,obj2,cpu
40410,15171,29903,0.152889
37976,17103,26806,0.15863
36661,15727,29107,0.196414
34227,17659,26010,0.206123
28299,19053,34274,0.253578
24550,19609,33478,0.307081
36335,16701,26889,0.310858
24567,21218,30058,0.326398
33901,18633,23792,0.32877
32977,17718,32753,0.404676
21880,23075,27912,0.474239
24224,20583,31260,0.475461
23627,22026,32865,0.476627
28902,19248,29739,0.483546
27614,20732,25351,0.49233
24241,22192,27840,0.503665
31363,20176,26147,0.597172
21554,24049,25694,0.683661
20957,25492,27299,0.684382
27288,21706,23133,0.699017
29228,18274,31957,0.712607
22578,25145,24364,0.727198
28312,22802,21803,0.742651
29245,19883,28537,0.756432
37421,16430,28765,0.960485
37461,16467,28747,0.961699
29508,18533,31831,0.966227
29548,18570,31813,0.967895
25367,21958,29698,0.992953
25407,21995,29680,0.993642
34387,17807,25938,1.02373
34427,17844,25920,1.02491
29605,20216,28375,1.02938
22680,23815,27552,1.08689
22720,23852,27534,1.08749
37341,16356,28801,1.13027
37381,16393,28783,1.1313
37501,16504,28729,1.1318
37541,16541,28711,1.13283
29428,18459,31867,1.14017
29468,18496,31849,1.14152
29908,18903,31651,1.1423
29948,18940,31633,1.14365
27974,21065,25189,1.15312
28014,21102,25171,1.15463
24647,21292,30022,1.17555
24687,21329,30004,1.17615
25607,22180,29590,1.17659
34267,17696,25992,1.21426
35267,18621,25542,1.21476
29565,20179,28393,1.22142
21920,23112,27894,1.28729
24830,19868,33352,1.29496
24870,19905,33334,1.29557
36701,15764,29089,1.34631
37621,16615,28675,1.34952
37661,16652,28657,1.35064
29308,18348,31921,1.36032
29348,18385,31903,1.36166
29708,18718,31741,1.36393
29748,18755,31723,1.36522
29988,18977,31615,1.36602
30028,19014,31597,1.36736
27734,20843,25297,1.38271
27774,20880,25279,1.38486
24607,21255,30040,1.41417
25327,21921,29716,1.41504
25447,22032,29662,1.41643
34347,17770,25956,1.46083
34747,18140,25776,1.46222
34787,18177,25758,1.46327
29525,20142,28411,1.47168
22440,23593,27660,1.55123
22480,23630,27642,1.55184
22760,23889,27516,1.55229
22800,23926,27498,1.55287
24630,19683,33442,1.55975
24670,19720,33424,1.56035
24910,19942,33316,1.5608
24950,19979,33298,1.5614
37301,16319,28819,1.62182
37581,16578,28693,1.62881
37701,16689,28639,1.63124
29268,18311,31939,1.64442
29388,18422,31885,1.64737
29628,18644,31777,1.65204
29668,18681,31759,1.65342
29868,18866,31669,1.6542
27654,20769,25333,1.69012
27694,20806,25315,1.69163
27894,20991,25225,1.69215
27934,21028,25207,1.69371
24927,21551,29896,1.74374
24967,21588,29878,1.74436
25487,22069,29644,1.74526
34307,17733,25974,1.80493
34667,18066,25812,1.80769
34707,18103,25794,1.80872
35147,18510,25596,1.80921
35187,18547,25578,1.81021
29285,19920,28519,1.82331
29325,19957,28501,1.82466
21960,23149,27876,1.93314
22000,23186,27858,1.93375
22640,23778,27570,1.93421
22920,24037,27444,1.93591
24590,19646,33460,1.94051
24750,19794,33388,1.94142
24790,19831,33370,1.94202
36269,16764,26954,1.94794
24714,24163,25668,1.95388
28836,19311,29804,1.97704
36821,15875,29035,2.02771
36861,15912,29017,2.02877
29588,18607,31795,2.07017
29828,18829,31687,2.07372
27814,20917,25261,2.14377
27854,20954,25243,2.1453
28254,21324,25063,2.14745
28294,21361,25045,2.149
24887,21514,29914,2.21548
25127,21736,29806,2.21637
25167,21773,29788,2.21697
25567,22143,29608,2.21763
33835,18696,23857,2.22079
33769,18759,23922,2.22143
28048,23054,22063,2.23739
27982,23117,22128,2.23894
34547,17955,25866,2.29711
34587,17992,25848,2.29816
34867,18251,25722,2.29989
34907,18288,25704,2.30088
35227,18584,25560,2.30136
29365,19994,28483,2.32496
22200,23371,27768,2.46219
22240,23408,27750,2.46281
22560,23704,27606,2.46327
22600,23741,27588,2.46387
22880,24000,27462,2.46433
24710,19757,33406,2.46887
25590,20571,33010,2.47056
26232,22714,24173,2.48315
26166,22777,24238,2.4842
36741,15801,29071,2.5911
36781,15838,29053,2.59214
37101,16134,28909,2.59263
37141,16171,28891,2.59368
29788,18792,31705,2.65444
28214,21287,25081,2.76898
28374,21435,25009,2.77105
24727,21366,29986,2.87335
25047,21662,29842,2.87395
25087,21699,29824,2.87456
25287,21884,29734,2.87502
25527,22106,29626,2.87592
28114,22991,21998,2.89947
27718,23369,22388,2.90076
27652,23432,22453,2.90176
34467,17881,25902,2.96937
34627,18029,25830,2.97076
34827,18214,25740,2.9748
35027,18399,25650,2.9753
35067,18436,25632,2.9763
29485,20105,28429,3.01174
31231,20302,26277,3.13541
22160,23334,27786,3.18992
22400,23556,27678,3.19087
22520,23667,27624,3.19223
22840,23963,27480,3.19346
24990,20016,33280,3.19616
25030,20053,33262,3.19678
26958,22021,23458,3.20605
26892,22084,23523,3.20711
25638,23281,24758,3.20762
25572,23344,24823,3.20863
31095,18959,29450,3.24607
31224,18942,29433,3.24657
36901,15949,28999,3.28971
37181,16208,28873,3.29116
30068,19051,31579,3.37971
28174,21250,25099,3.54554
28334,21398,25027,3.54947
24767,21403,29968,3.64845
25007,21625,29860,3.64895
25207,21810,29770,3.65101
32647,19830,25027,3.65331
32581,19893,25092,3.65416
28246,22865,21868,3.67178
27850,23243,22258,3.67322
27784,23306,22323,3.67418
27388,23684,22713,3.67467
27322,23747,22778,3.67564
32313,19486,27895,3.72491
32247,19549,27960,3.72551
34507,17918,25884,3.74047
34947,18325,25686,3.75023
34987,18362,25668,3.75125
35107,18473,25614,3.75176
29405,20031,28465,3.804
31297,20239,26212,3.96538
32911,17781,32818,3.98834
22080,23260,27822,4.01939
22120,23297,27804,4.02014
22280,23445,27732,4.02129
25510,20497,33046,4.02573
25550,20534,33028,4.02634
35609,17394,27604,4.02757
35543,17457,27669,4.0282
27222,21769,23198,4.03625
26826,22147,23588,4.03684
26760,22210,23653,4.03805
25968,22966,24433,4.03859
25902,23029,24498,4.0396
25506,23407,24888,4.04108
29160,19214,29705,4.09251
29289,19197,29688,4.09307
28506,19626,30129,4.09458
28440,19689,30194,4.09563
36595,15790,29172,4.1212
37061,16097,28927,4.13119
37221,16245,28855,4.13398
37261,16282,28837,4.13504
30108,19088,31561,4.25839
28054,21139,25153,4.46147
24847,21477,29932,4.58321
25247,21847,29752,4.58491
33241,19263,24442,4.58648
33175,19326,24507,4.58782
28180,22928,21933,4.60235
27916,23180,22193,4.60482
27454,23621,22648,4.6074
25804,25196,24273,4.60878
25738,25259,24338,4.60976
32973,18856,27245,4.66078
32907,18919,27310,4.66146
29445,20068,28447,4.74218
22040,23223,27840,4.96708
22320,23482,27714,4.96955
25430,20423,33082,4.97016
25470,20460,33064,4.97079
35807,17205,27409,4.97202
35741,17268,27474,4.97268
27024,21958,23393,4.98048
26496,22462,23913,4.98318
26430,22525,23978,4.98419
26034,22903,24368,4.98474
25836,23092,24563,4.9876
25770,23155,24628,4.98894
25374,23533,25018,4.99055
25308,23596,25083,4.99158
29031,19231,29722,5.04711
29805,19129,29620,5.04781
29934,19112,29603,5.04831
31482,18908,29399,5.04891
31611,18891,29382,5.04941
28638,19500,29999,5.04989
28572,19563,30064,5.05094
28374,19752,30259,5.05244
37021,16060,28945,5.09724
26598,21777,26373,5.50007
26532,21840,26438,5.50117
28134,21213,25117,5.53894
24807,21440,29950,5.70667
33637,18885,24052,5.70794
33571,18948,24117,5.7086
32713,19767,24962,5.70908
32449,20019,25222,5.70998
32383,20082,25287,5.7106
27586,23495,22518,5.73196
27520,23558,22583,5.73294
26068,24944,24013,5.73442
26002,25007,24078,5.73554
34161,17722,26075,5.79128
32379,19423,27830,5.79179
32115,19675,28090,5.7927
34201,17759,26057,5.79928
34135,17822,26122,5.79989
29219,19983,28584,5.87508
29153,20046,28649,5.87612
39948,15612,30358,6.05084
39882,15675,30423,6.05155
22360,23519,27696,6.10482
25070,20090,33244,6.10589
25110,20127,33226,6.10663
36005,17016,27214,6.10806
35939,17079,27279,6.1089
35675,17331,27539,6.10959
30018,21046,24528,6.11497
30200,21002,24621,6.11566
27090,21895,23328,6.11621
26628,22336,23783,6.12298
26562,22399,23848,6.12407
26298,22651,24108,6.1246
26100,22840,24303,6.12601
25704,23218,24693,6.12962
25440,23470,24953,6.13201
24912,23974,25473,6.13346
24846,24037,25538,6.13453
29418,19180,29671,6.19657
29547,19163,29654,6.1971
30579,19027,29518,6.19777
30708,19010,29501,6.19825
31353,18925,29416,6.19885
28770,19374,29869,6.20153
28308,19815,30324,6.20445
28242,19878,30389,6.20549
36941,15986,28981,6.23869
36981,16023,28963,6.23979
28964,18526,32217,6.29386
28898,18589,32282,6.29494
27522,20895,25463,6.73885
27456,20958,25528,6.74001
28094,21176,25135,6.80406
33703,18822,23987,7.03497
33505,19011,24182,7.03649
32977,19515,24702,7.03699
32911,19578,24767,7.03764
32515,19956,25157,7.03856
32251,20208,25417,7.03906
32185,20271,25482,7.03968
26134,24881,23948,7.06094
25936,25070,24143,7.06233
25870,25133,24208,7.06334
33765,18100,26465,7.1235
33699,18163,26530,7.12422
32445,19360,27765,7.12473
32181,19612,28025,7.12566
32617,19271,27617,7.13409
32551,19334,27682,7.13488
40344,15234,29968,7.40473
40278,15297,30033,7.40546
25150,20164,33208,7.44852
36203,16827,27019,7.44904
36137,16890,27084,7.44973
35873,17142,27344,7.45089
28198,21486,23598,7.45614
28380,21442,23691,7.45693
27156,21832,23263,7.45849
26694,22273,23718,7.4646
26364,22588,24043,7.46791
24978,23911,25408,7.4812
24780,24100,25603,7.48259
29676,19146,29637,7.52476
30063,19095,29586,7.52576
30192,19078,29569,7.52626
30837,18993,29484,7.52719
32901,18721,29212,7.52868
33030,18704,29195,7.5292
28704,19437,29934,7.53078
27780,20319,30844,7.53641
27714,20382,30909,7.53751
36529,15853,29237,7.55359
29162,18337,32022,7.61848
28014,19508,33174,7.62581
27948,19571,33239,7.62689
25832,22433,27106,8.20057
25766,22496,27171,8.20174
27588,20832,25398,8.20912
26664,21714,26308,8.21051
33439,19074,24247,8.48844
33373,19137,24312,8.48917
33109,19389,24572,8.49017
32845,19641,24832,8.49131
32317,20145,25352,8.49303
32053,20397,25612,8.49355
31987,20460,25677,8.4942
28676,22714,21989,8.49776
28858,22670,22082,8.49838
26926,24125,23168,8.51383
26860,24188,23233,8.51487
34095,17785,26140,8.57926
34029,17848,26205,8.57991
33039,18793,27180,8.58041
32511,19297,27700,8.58146
33673,18263,26577,8.58915
33607,18326,26642,8.58982
32419,19460,27812,8.59038
32353,19523,27877,8.59108
29021,20172,28779,8.64678
28955,20235,28844,8.6478
40212,15360,30098,8.86071
32455,19912,26705,8.86304
32637,19868,26798,8.86368
33106,17701,32736,8.87603
25190,20201,33190,8.89211
36071,16953,27149,8.8934
35477,17520,27734,8.89514
35411,17583,27799,8.8958
27652,21618,23319,8.89632
27834,21574,23412,8.89701
28926,21310,23970,8.89757
29108,21266,24063,8.89822
31292,20738,25179,8.89875
31474,20694,25272,8.89945
25044,23848,25343,8.92766
30450,19044,29535,8.95391
30966,18976,29467,8.95524
31740,18874,29365,8.9562
28044,20067,30584,8.96674
27978,20130,30649,8.96797
27384,20697,31234,8.96854
29096,18400,32087,9.04607
29030,18463,32152,9.0471
27842,19597,33322,9.04763
27776,19660,33387,9.04872
28674,18878,32524,9.05925
28608,18941,32589,9.0604
31888,18008,31581,9.07176
32017,17991,31564,9.07232
32982,18202,31335,9.17728
33111,18185,31318,9.17785
26360,21929,26586,9.59729
26294,21992,26651,9.59853
25370,22874,27561,9.59929
25304,22937,27626,9.60049
27390,21021,25593,9.61308
26202,22155,26763,9.61465
26136,22218,26828,9.61583
33307,19200,24377,9.88236
33043,19452,24637,9.88338
32779,19704,24897,9.88431
32119,20334,25547,9.88595
31921,20523,25742,9.8873
28494,22758,21896,9.8891
29404,22538,22361,9.88961
29586,22494,22454,9.89023
27058,23999,23038,9.90575
26992,24062,23103,9.90687
26662,24377,23428,9.90742
26596,24440,23493,9.90854
33831,18037,26400,9.95026
33303,18541,26920,9.95182
33237,18604,26985,9.95249
32577,19234,27635,9.953
34003,17948,26252,9.95823
33937,18011,26317,9.95894
33343,18578,26902,9.95946
33277,18641,26967,9.96012
32485,19397,27747,9.96104
28981,20135,28797,10.0004
28915,20198,28862,10.0014
29087,20109,28714,10.014
28757,20424,29039,10.0148
28691,20487,29104,10.0167
40014,15549,30293,10.2123
31545,20132,26240,10.214
31727,20088,26333,10.215
33880,17599,32634,10.227
34009,17582,32617,10.2276
37910,17166,26871,10.2421
25390,20386,33100,10.243
27470,21662,23226,10.2466
28016,21530,23505,10.2483
28562,21398,23784,10.2502
29472,21178,24249,10.2507
29654,21134,24342,10.2514
30564,20914,24807,10.2519
30746,20870,24900,10.2525
25242,23659,25148,10.2834
30321,19061,29552,10.2987
31998,18840,29331,10.3006
32127,18823,29314,10.3011
28176,19941,30454,10.3127
28110,20004,30519,10.3138
27846,20256,30779,10.3145
27450,20634,31169,10.3161
35275,17050,30472,10.3254
35209,17113,30537,10.3263
35051,17339,30714,10.3314
34985,17402,30779,10.3322
28172,19282,32997,10.3814
28106,19345,33062,10.3826
28872,18689,32329,10.3993
28806,18752,32394,10.4008
28542,19004,32654,10.4014
28476,19067,32719,10.4025
27816,19697,33369,10.403
31372,18076,31649,10.4126
31501,18059,31632,10.4131
30549,18269,31732,10.4531
30678,18252,31715,10.4537
32853,18219,31352,10.504
26558,21740,26391,10.7687
26492,21803,26456,10.7697
26228,22055,26716,10.7712
25568,22685,27366,10.7718
25502,22748,27431,10.7728
27324,21084,25658,10.7888
27258,21147,25723,10.7898
26466,21903,26503,10.7915
26400,21966,26568,10.7927
29040,22626,22175,11.0325
29222,22582,22268,11.0334
27124,23936,22973,11.0461
26794,24251,23298,11.049
26728,24314,23363,11.0502
26530,24503,23558,11.0518
26464,24566,23623,11.0533
33963,17911,26270,11.0782
33567,18289,26660,11.0787
33501,18352,26725,11.0794
33171,18667,27050,11.0803
33105,18730,27115,11.0819
32775,19045,27440,11.083
32709,19108,27505,11.0836
34069,17885,26187,11.0875
33805,18137,26447,11.0885
33739,18200,26512,11.0891
33541,18389,26707,11.09
33211,18704,27032,11.0909
29113,20009,28667,11.1323
29047,20072,28732,11.1333
28889,20298,28909,11.1528
30121,20148,28307,11.2175
40080,15486,30228,11.3345
32273,19956,26612,11.3362
33622,17633,32668,11.3448
33751,17616,32651,11.3453
25350,20349,33118,11.3576
35345,17646,27864,11.3587
28744,21354,23877,11.3612
29290,21222,24156,11.3626
29836,21090,24435,11.3631
30382,20958,24714,11.3645
30928,20826,24993,11.3651
31110,20782,25086,11.3658
32020,20562,25551,11.3663
25110,23785,25278,11.3939
31869,18857,29348,11.4044
32514,18772,29263,11.4053
32643,18755,29246,11.406
27912,20193,30714,11.4201
27582,20508,31039,11.4218
27516,20571,31104,11.4228
36199,16168,29562,11.4272
36133,16231,29627,11.4282
35077,17239,30667,11.4288
35011,17302,30732,11.4295
36239,16205,29544,11.4339
36173,16268,29609,11.4346
34388,17594,31277,11.4709
34517,17577,31260,11.4727
28304,19156,32867,11.4775
28238,19219,32932,11.4786
28040,19408,33127,11.481
29004,18563,32199,11.4858
28938,18626,32264,11.4869
28740,18815,32459,11.4875
28410,19130,32784,11.4901
28344,19193,32849,11.4912
27882,19634,33304,11.4927
31243,18093,31666,11.4948
31759,18025,31598,11.4959
30162,18320,31783,11.5273
30291,18303,31766,11.5279
32226,18048,31511,11.5286
32355,18031,31494,11.5291
29855,18445,31798,11.55
29984,18428,31781,11.5506
31563,18389,31522,11.5717
31692,18372,31505,11.5723
33627,18117,31250,11.573
33756,18100,31233,11.5735
31861,18392,31470,11.577
31990,18375,31453,11.5776
32746,18529,31277,11.6084
32875,18512,31260,11.6089
26624,21677,26326,11.7656
26426,21866,26521,11.7672
25898,22370,27041,11.7698
25634,22622,27301,11.7713
25436,22811,27496,11.7727
31658,19801,27379,11.7845
31840,19757,27472,11.7852
27126,21273,25853,11.7923
27060,21336,25918,11.7935
26268,22092,26698,11.7969
26070,22281,26893,11.7994
29768,22450,22547,11.9769
27256,23810,22843,11.9857
26398,24629,23688,11.993
26332,24692,23753,11.9942
33897,17974,26335,12.0098
33633,18226,26595,12.0103
33369,18478,26855,12.0114
32841,18982,27375,12.014
32643,19171,27570,12.0155
33871,18074,26382,12.0174
33409,18515,26837,12.0191
32881,19019,27357,12.0201
32815,19082,27422,12.0207
29179,19946,28602,12.0487
28783,20324,28992,12.0513
28717,20387,29057,12.0524
28823,20361,28974,12.0711
29952,20128,28342,12.1077
30081,20111,28325,12.1083
29734,20199,28358,12.1133
40146,15423,30163,12.1796
31909,20044,26426,12.1816
33364,17667,32702,12.1871
33493,17650,32685,12.1877
25310,20312,33136,12.1989
31838,20606,25458,12.2048
25176,23722,25213,12.2298
32385,18789,29280,12.2394
32772,18738,29229,12.2404
33159,18687,29178,12.2414
27648,20445,30974,12.2584
36463,15916,29302,12.2642
35539,16798,30212,12.2648
35473,16861,30277,12.2655
35143,17176,30602,12.2661
36635,15827,29154,12.2705
36569,15890,29219,12.2712
35381,17024,30389,12.2717
35315,17087,30454,12.2724
31679,17951,31634,12.3151
31808,17934,31617,12.3157
28568,18904,32607,12.3215
28502,18967,32672,12.3226
27908,19534,33257,12.3254
29202,18374,32004,12.3368
28080,19445,33109,12.3444
29953,18263,31836,12.3517
30082,18246,31819,12.3524
31630,18042,31615,12.353
33734,17807,31325,12.3792
33863,17790,31308,12.3851
29646,18388,31851,12.3924
29775,18371,31834,12.393
30420,18286,31749,12.3937
31968,18082,31545,12.3948
32097,18065,31528,12.396
32742,17980,31443,12.3973
32871,17963,31426,12.3981
29597,18479,31832,12.4089
31016,18292,31645,12.4096
31145,18275,31628,12.4102
31047,18457,31590,12.4254
31176,18440,31573,12.426
32724,18236,31369,12.4266
33240,18168,31301,12.4276
33369,18151,31284,12.4283
29797,18664,31742,12.4334
29926,18647,31725,12.434
33578,18208,31231,12.44
30166,18869,31617,12.4656
30295,18852,31600,12.4661
26756,21551,26196,12.5879
26690,21614,26261,12.589
25964,22307,26976,12.5941
25700,22559,27236,12.5976
25238,23000,27691,12.6032
27836,20725,25426,12.6107
28018,20681,25519,12.6114
27192,21210,25788,12.6232
26796,21588,26178,12.6247
26730,21651,26243,12.6258
26334,22029,26633,12.6305
25740,22596,27218,12.634
25674,22659,27283,12.6351
30314,22318,22826,12.7487
30496,22274,22919,12.7494
27190,23873,22908,12.7583
26266,24755,23818,12.7719
32015,20449,25911,12.784
33435,18415,26790,12.7866
33475,18452,26772,12.7893
33079,18830,27162,12.7903
33013,18893,27227,12.7909
32683,19208,27552,12.7914
28849,20261,28927,12.8187
28651,20450,29122,12.8193
31220,19665,28264,12.8251
31349,19648,28247,12.8257
29823,20145,28359,12.8785
30210,20094,28308,12.8842
30339,20077,28291,12.8851
32091,20000,26519,12.9455
33235,17684,32719,12.9497
34396,17531,32566,12.9515
34525,17514,32549,12.952
25270,20275,33154,12.9559
31656,20650,25365,12.957
32256,18806,29297,12.9829
36265,16105,29497,13.004
35605,16735,30147,13.0051
35341,16987,30407,13.0061
36503,15953,29284,13.0135
35975,16457,29804,13.0144
35909,16520,29869,13.0151
35117,17276,30649,13.0156
31163,18019,31702,13.0531
31292,18002,31685,13.0536
34259,17611,31294,13.0544
34646,17560,31243,13.0556
28700,18778,32477,13.064
28634,18841,32542,13.0651
28370,19093,32802,13.0657
27974,19471,33192,13.0711
29136,18437,32069,13.078
28278,19256,32914,13.0916
28212,19319,32979,13.0928
29824,18280,31853,13.1046
30985,18127,31700,13.1069
31114,18110,31683,13.1075
32662,17906,31479,13.109
32791,17889,31462,13.1095
30896,18181,31699,13.1307
31025,18164,31682,13.1315
29517,18405,31868,13.1386
29904,18354,31817,13.1396
30033,18337,31800,13.1402
31323,18167,31630,13.1415
31452,18150,31613,13.1422
32484,18014,31477,13.1436
32613,17997,31460,13.1442
29726,18462,31815,13.1527
30887,18309,31662,13.1537
29757,18627,31760,13.1692
29886,18610,31743,13.1698
31305,18423,31556,13.1707
32208,18304,31437,13.1714
32337,18287,31420,13.1719
33498,18134,31267,13.1734
30442,18579,31657,13.1765
30571,18562,31640,13.177
33280,18205,31283,13.1777
33409,18188,31266,13.1783
31256,18514,31537,13.1821
31385,18497,31520,13.1827
30037,18886,31634,13.2093
30424,18835,31583,13.2103
32261,18762,31290,13.2293
32390,18745,31273,13.2302
26822,21488,26131,13.3031
26030,22244,26911,13.3113
28200,20637,25612,13.3288
26994,21399,25983,13.344
26928,21462,26048,13.3452
25806,22533,27153,13.3557
25542,22785,27413,13.3573
25476,22848,27478,13.3584
30132,22362,22733,13.4456
30860,22186,23105,13.4467
26200,24818,23883,13.47
31886,20466,25928,13.4769
33145,18767,27097,13.4793
32947,18956,27292,13.4829
32749,19145,27487,13.484
32287,19586,27942,13.4856
31091,19682,28281,13.5237
31607,19614,28213,13.5247
31736,19597,28196,13.5253
29841,19889,28433,13.5527
29970,19872,28416,13.5533
30428,20023,28292,13.5704
30557,20006,28275,13.571
29694,20162,28376,13.579
29863,20182,28341,13.5846
34267,17548,32583,13.6367
25230,20238,33172,13.6387
36397,15979,29367,13.6812
36001,16357,29757,13.6818
35935,16420,29822,13.6826
35407,16924,30342,13.6831
34747,17554,30992,13.6841
34681,17617,31057,13.6848
36437,16016,29349,13.6876
36371,16079,29414,13.6883
36107,16331,29674,13.6888
36041,16394,29739,13.6895
35843,16583,29934,13.6906
35183,17213,30584,13.6911
34853,17528,30909,13.6921
34787,17591,30974,13.6928
29486,18240,31923,13.7265
29615,18223,31906,13.7304
31421,17985,31668,13.7313
31550,17968,31651,13.7318
32711,17815,31498,13.7325
32840,17798,31481,13.7331
28832,18652,32347,13.7416
28436,19030,32737,13.7447
29397,18294,31922,13.7602
29526,18277,31905,13.7608
29070,18500,32134,13.7647
28146,19382,33044,13.7765
29437,18331,31904,13.7831
29566,18314,31887,13.7837
30856,18144,31717,13.7844
32146,17974,31547,13.7864
33565,17787,31360,13.7871
33694,17770,31343,13.7877
30767,18198,31716,13.8026
32573,17960,31478,13.8036
32702,17943,31461,13.8042
31194,18184,31647,13.812
31839,18099,31562,13.8133
34032,17810,31273,13.8165
30242,18394,31747,13.823
30371,18377,31730,13.8236
33725,17935,31288,13.8243
33854,17918,31271,13.8248
32862,18091,31389,13.8309
32991,18074,31372,13.8317
30015,18593,31726,13.8389
31434,18406,31539,13.8396
31821,18355,31488,13.8408
32466,18270,31403,13.8415
32595,18253,31386,13.8421
30184,18613,31691,13.8449
30313,18596,31674,13.8466
31474,18443,31521,13.8473
31603,18426,31504,13.8479
33151,18222,31300,13.8486
31127,18531,31554,13.8513
31901,18429,31452,13.8523
32030,18412,31435,13.8529
31763,18574,31432,13.8586
31892,18557,31415,13.8592
33351,18407,31210,13.8649
33480,18390,31193,13.8654
30682,18801,31549,13.8717
30811,18784,31532,13.8723
30375,18926,31564,13.8814
30504,18909,31547,13.8819
30455,19000,31528,13.8874
30584,18983,31511,13.888
27152,21173,25806,13.9428
27086,21236,25871,13.9441
26162,22118,26781,13.9543
26096,22181,26846,13.9554
25172,23063,27756,13.9726
29474,20329,26263,13.9759
29656,20285,26356,13.9772
26862,21525,26113,13.9981
25872,22470,27088,14.0087
25608,22722,27348,14.0114
29950,22406,22640,14.0915
30678,22230,23012,14.0925
29414,19903,28502,14.1659
29543,19886,28485,14.1668
31478,19631,28230,14.1676
32123,19546,28145,14.1687
32252,19529,28128,14.1695
29454,19940,28484,14.1942
30299,20040,28309,14.2128
30815,19972,28241,14.214
30468,20060,28274,14.2222
34138,17565,32600,14.2533
36331,16042,29432,14.2854
36067,16294,29692,14.2864
35869,16483,29887,14.2879
34945,17365,30797,14.2892
34879,17428,30862,14.2899
36305,16142,29479,14.2926
35777,16646,29999,14.2952
35249,17150,30519,14.2963
34919,17465,30844,14.2975
29357,18257,31940,14.3174
29744,18206,31889,14.3187
32582,17832,31515,14.3209
32969,17781,31464,14.3221
34775,17543,31226,14.3229
28766,18715,32412,14.3331
29784,18243,31871,14.3532
29913,18226,31854,14.3538
29695,18297,31870,14.3744
30211,18229,31802,14.3757
32275,17957,31530,14.3765
32404,17940,31513,14.3772
32920,17872,31445,14.378
33049,17855,31428,14.3786
34210,17702,31275,14.3793
29606,18351,31869,14.3861
29735,18334,31852,14.3867
32444,17977,31495,14.3875
33605,17824,31342,14.3884
30936,18218,31681,14.3924
31065,18201,31664,14.393
31581,18133,31596,14.3938
31710,18116,31579,14.3946
33000,17946,31409,14.3962
30847,18272,31680,14.398
30976,18255,31663,14.3985
30113,18411,31764,14.4014
30758,18326,31679,14.4024
32306,18122,31475,14.4034
32435,18105,31458,14.404
29637,18516,31814,14.4086
33378,18023,31321,14.4092
33507,18006,31304,14.4098
30878,18437,31625,14.4164
31007,18420,31608,14.4171
30144,18576,31709,14.4191
31950,18338,31471,14.4208
30055,18630,31708,14.4242
30829,18528,31606,14.426
30958,18511,31589,14.4266
31732,18409,31487,14.4274
33022,18239,31317,14.4289
29837,18701,31724,14.4326
31772,18446,31469,14.4334
33449,18225,31248,14.4344
33400,18316,31229,14.4386
33529,18299,31212,14.4392
30602,18727,31585,14.4427
30731,18710,31568,14.4466
32924,18421,31279,14.4474
33053,18404,31262,14.448
32706,18492,31295,14.4519
32835,18475,31278,14.4524
30553,18818,31566,14.4585
32359,18580,31328,14.4595
32488,18563,31311,14.4601
33004,18495,31243,14.4622
30117,18960,31598,14.469
32310,18671,31309,14.4697
32439,18654,31292,14.4702
30326,19017,31545,14.4766
31358,18881,31409,14.4781
31487,18864,31392,14.4799
32519,18728,31256,14.481
27284,21047,25676,14.5223
27218,21110,25741,14.5234
27020,21299,25936,14.524
26954,21362,26001,14.5252
25106,23126,27821,14.5492
29110,20417,26077,14.5532
29292,20373,26170,14.5539
30384,20109,26728,14.5545
30566,20065,26821,14.5552
32022,19713,27565,14.5558
32204,19669,27658,14.5565
25938,22407,27023,14.5801
29890,19798,28452,14.6667
30019,19781,28435,14.6686
29672,19869,28468,14.6895
29801,19852,28451,14.6902
31865,19580,28179,14.6916
31994,19563,28162,14.6922
29583,19923,28467,14.7045
29912,20091,28360,14.7223
30041,20074,28343,14.7243
30686,19989,28258,14.7253
35671,16672,30082,14.784
34813,17491,30927,14.7862
35645,16772,30129,14.7883
35579,16835,30194,14.789
34721,17654,31039,14.7911
29873,18189,31872,14.8006
30002,18172,31855,14.8012
32195,17883,31566,14.8019
32324,17866,31549,14.8025
33743,17679,31362,14.8032
33872,17662,31345,14.8038
29655,18260,31888,14.8333
32364,17903,31531,14.8343
32493,17886,31514,14.8349
30598,18178,31751,14.8565
30727,18161,31734,14.8573
32533,17923,31496,14.8588
33178,17838,31411,14.8618
33307,17821,31394,14.8632
33952,17736,31309,14.8651
34081,17719,31292,14.8664
29477,18368,31886,14.8715
29993,18300,31818,14.8725
30122,18283,31801,14.8731
31154,18147,31665,14.8738
31283,18130,31648,14.8744
33218,17875,31393,14.8751
33347,17858,31376,14.8757
34121,17756,31274,14.8767
30807,18235,31698,14.8812
33903,17827,31290,14.8843
30718,18289,31697,14.8862
30629,18343,31696,14.8899
31274,18258,31611,14.8912
32564,18088,31441,14.8923
33983,17901,31254,14.8934
30282,18431,31729,14.8966
30411,18414,31712,14.8974
33120,18057,31355,14.8982
33249,18040,31338,14.8987
33765,17972,31270,14.8995
33894,17955,31253,14.9001
30233,18522,31710,14.9042
30362,18505,31693,14.9048
30402,18542,31675,14.9078
30531,18525,31658,14.9084
32079,18321,31454,14.9091
30700,18545,31623,14.9125
31345,18460,31538,14.9135
32893,18256,31334,14.9152
30998,18548,31571,14.9174
31643,18463,31486,14.9184
33320,18242,31265,14.9195
33231,18296,31264,14.9205
33360,18279,31247,14.921
30562,18690,31603,14.9229
30691,18673,31586,14.9234
30473,18744,31602,14.9265
31634,18591,31449,14.9287
32666,18455,31313,14.9299
32795,18438,31296,14.9307
31545,18645,31448,14.9355
31674,18628,31431,14.9361
32964,18458,31261,14.9371
31714,18665,31413,14.9414
31843,18648,31396,14.9419
32617,18546,31294,14.9428
33133,18478,31226,14.944
33262,18461,31209,14.9448
33044,18532,31225,14.9468
33173,18515,31208,14.9473
30246,18943,31581,14.951
31794,18739,31377,14.9517
31923,18722,31360,14.9523
30544,18946,31529,14.9561
30673,18929,31512,14.9567
30197,19034,31562,14.9597
30971,18932,31460,14.9611
31100,18915,31443,14.9618
31616,18847,31375,14.9631
33164,18643,31171,14.964
27482,20858,25481,14.9906
27416,20921,25546,14.9918
26888,21425,26066,14.9968
28382,20593,25705,15.0213
28564,20549,25798,15.0221
29838,20241,26449,15.0234
30020,20197,26542,15.0242
31112,19933,27100,15.0248
31294,19889,27193,15.0255
32386,19625,27751,15.027
26004,22344,26958,15.0463
25212,23100,27738,15.0542
25146,23163,27803,15.0553
29503,19849,28503,15.1123
29632,19832,28486,15.113
31051,19645,28299,15.1137
31180,19628,28282,15.1143
30575,19750,28349,15.1328
30704,19733,28332,15.1335
29712,19906,28450,15.1413
31042,19773,28262,15.1456
31171,19756,28245,15.1466
29654,20125,28394,15.1539
29783,20108,28377,15.1545
30170,20057,28326,15.1555
35737,16609,30017,15.2059
35711,16709,30064,15.2078
35513,16898,30259,15.2089
35447,16961,30324,15.2097
30518,18104,31787,15.2178
30647,18087,31770,15.2186
32066,17900,31583,15.2193
32453,17849,31532,15.2203
33227,17747,31430,15.2213
33356,17730,31413,15.2219
34130,17628,31311,15.2227
30042,18209,31837,15.247
30171,18192,31820,15.2477
33783,17716,31344,15.2484
33912,17699,31327,15.249
30469,18195,31768,15.2657
33436,17804,31377,15.2692
33823,17753,31326,15.2702
29864,18317,31835,15.2738
30380,18249,31767,15.2745
30509,18232,31750,15.2751
31412,18113,31631,15.2767
31541,18096,31614,15.2777
33089,17892,31410,15.2785
33476,17841,31359,15.2795
33992,17773,31291,15.2805
33774,17844,31307,15.2822
30589,18306,31714,15.2833
32008,18119,31527,15.2842
32137,18102,31510,15.2848
30500,18360,31713,15.2856
32048,18156,31509,15.2866
32177,18139,31492,15.2872
33596,17952,31305,15.288
30153,18448,31746,15.2908
31185,18312,31610,15.2918
31314,18295,31593,15.2924
33636,17989,31287,15.2959
29677,18553,31796,15.2984
29806,18536,31779,15.299
30104,18539,31727,15.3031
30491,18488,31676,15.3044
31910,18301,31489,15.3051
32039,18284,31472,15.3057
30273,18559,31692,15.3079
30918,18474,31607,15.3086
31216,18477,31555,15.3144
32119,18358,31436,15.3159
32248,18341,31419,15.3168
30095,18667,31690,15.3184
30224,18650,31673,15.3191
31514,18480,31503,15.3198
33062,18276,31299,15.3209
33191,18259,31282,15.3215
30264,18687,31655,15.3222
30393,18670,31638,15.3228
30175,18741,31654,15.3246
30304,18724,31637,15.3252
30820,18656,31569,15.3263
30215,18778,31636,15.3301
30344,18761,31619,15.3325
31505,18608,31466,15.3334
32537,18472,31330,15.3344
31158,18696,31499,15.3392
31287,18679,31482,15.3398
31932,18594,31397,15.3405
32061,18577,31380,15.3411
33093,18441,31244,15.3422
31069,18750,31498,15.3471
31198,18733,31481,15.3477
31972,18631,31379,15.3485
32101,18614,31362,15.3491
31625,18719,31412,15.3543
31754,18702,31395,15.355
33302,18498,31191,15.356
31665,18756,31394,15.3603
32052,18705,31343,15.3629
32181,18688,31326,15.3637
32568,18637,31275,15.3648
30286,18980,31563,15.3667
30415,18963,31546,15.3673
31834,18776,31359,15.3681
31963,18759,31342,15.3687
30842,18949,31477,15.3719
31229,18898,31426,15.373
32132,18779,31307,15.374
33035,18660,31188,15.3751
27548,20795,25416,15.393
27350,20984,25611,15.3943
28746,20505,25891,15.4226
28928,20461,25984,15.4234
30202,20153,26635,15.4251
30748,20021,26914,15.4257
30930,19977,27007,15.4267
31476,19845,27286,15.4278
25344,22974,27608,15.4538
25278,23037,27673,15.4549
29374,19866,28520,15.4936
29761,19815,28469,15.4947
30922,19662,28316,15.4955
31309,19611,28265,15.4971
30446,19767,28366,15.5077
30962,19699,28298,15.5091
30357,19821,28365,15.5151
30486,19804,28348,15.5159
30913,19790,28279,15.5189
34654,17497,32532,15.5549
34783,17480,32515,15.5555
35803,16546,29952,15.5679
30131,18155,31838,15.5753
30776,18070,31753,15.5769
31937,17917,31600,15.5785
33098,17764,31447,15.5805
33614,17696,31379,15.5813
34001,17645,31328,15.5823
30945,18090,31718,15.6025
31074,18073,31701,15.6032
33009,17818,31446,15.6039
33138,17801,31429,15.6045
30340,18212,31785,15.6191
34597,17651,31224,15.6216
30251,18266,31784,15.6237
30638,18215,31733,15.6244
31670,18079,31597,15.6265
32960,17909,31427,15.6284
33258,17912,31375,15.6309
33387,17895,31358,15.6317
29944,18391,31799,15.6326
30073,18374,31782,15.6332
31879,18136,31544,15.6339
33556,17915,31323,15.635
33685,17898,31306,15.6356
31661,18207,31560,15.637
31790,18190,31543,15.6376
32693,18071,31424,15.6394
30024,18465,31763,15.6401
31056,18329,31627,15.6411
31443,18278,31576,15.6425
30322,18468,31711,15.6458
30451,18451,31694,15.6466
29975,18556,31744,15.6501
30749,18454,31642,15.6511
31136,18403,31591,15.6521
31265,18386,31574,15.6527
30660,18508,31641,15.6563
30789,18491,31624,15.657
31087,18494,31572,15.6581
32764,18273,31351,15.6596
33538,18171,31249,15.661
33667,18154,31232,15.6616
29966,18684,31707,15.6626
30353,18633,31656,15.6634
30482,18616,31639,15.664
32159,18395,31418,15.6656
32288,18378,31401,15.6665
30006,18721,31689,15.6681
30135,18704,31672,15.6687
32844,18347,31315,15.6694
32973,18330,31298,15.67
29917,18775,31688,15.6719
30046,18758,31671,15.6725
30433,18707,31620,15.6732
33271,18333,31246,15.6742
29957,18812,31670,15.6781
30086,18795,31653,15.6787
31247,18642,31500,15.6802
31376,18625,31483,15.6808
32408,18489,31347,15.6816
30384,18798,31601,15.6848
30513,18781,31584,15.6853
31416,18662,31465,15.6861
31803,18611,31414,15.6872
32448,18526,31329,15.6882
32577,18509,31312,15.6889
33222,18424,31227,15.6896
30940,18767,31515,15.6915
31456,18699,31447,15.6926
31585,18682,31430,15.6935
32230,18597,31345,15.695
33391,18444,31192,15.6961
31238,18770,31463,15.6974
31367,18753,31446,15.6982
32915,18549,31242,15.6989
30891,18858,31496,15.7009
31020,18841,31479,15.7015
30157,18997,31580,15.7069
31576,18810,31393,15.7083
31705,18793,31376,15.709
33124,18606,31189,15.7098
33253,18589,31172,15.7106
30713,18966,31494,15.7126
32003,18796,31324,15.7143
32906,18677,31205,15.7153
25410,22911,27543,15.7668
30148,19764,28418,15.7948
30277,19747,28401,15.7955
29930,19835,28434,15.8038
30059,19818,28417,15.8044
30833,19716,28315,15.8052
30099,19855,28399,15.8072
30615,19787,28331,15.8083
30397,19858,28347,15.8091
30526,19841,28330,15.8099
30389,18121,31804,15.8392
31034,18036,31719,15.8404
33485,17713,31396,15.8439
30429,18158,31786,15.8616
30558,18141,31769,15.8623
31332,18039,31667,15.8632
31461,18022,31650,15.8639
32880,17835,31463,15.8647
33267,17784,31412,15.8657
33396,17767,31395,15.8664
34557,17614,31242,15.8672
34686,17597,31225,15.8677
32186,18011,31529,15.8816
32315,17994,31512,15.8825
32831,17926,31444,15.8833
33129,17929,31392,15.8847
33645,17861,31324,15.8854
29815,18408,31816,15.8866
30460,18323,31731,15.8877
31621,18170,31578,15.8887
31750,18153,31561,15.8894
33040,17983,31391,15.8901
33169,17966,31374,15.8907
31532,18224,31577,15.8928
31919,18173,31526,15.8941
32951,18037,31390,15.8953
33080,18020,31373,15.8962
29766,18499,31797,15.8994
29895,18482,31780,15.9001
30540,18397,31695,15.9011
31701,18244,31542,15.902
31830,18227,31525,15.9026
30193,18485,31728,15.9041
33160,18094,31337,15.9051
33289,18077,31320,15.9057
29717,18590,31778,15.9067
30620,18471,31659,15.9077
31652,18335,31523,15.9094
31781,18318,31506,15.9111
32377,18324,31402,15.9159
32506,18307,31385,15.9165
30740,18582,31605,15.9201
30869,18565,31588,15.9208
32417,18361,31384,15.9225
29877,18738,31706,15.9233
31683,18500,31468,15.925
31812,18483,31451,15.9257
33102,18313,31281,15.9275
33489,18262,31230,15.9288
32884,18384,31297,15.9319
33013,18367,31280,15.9327
31118,18659,31517,15.9371
32279,18506,31364,15.9389
29997,18849,31652,15.9408
30126,18832,31635,15.9414
31029,18713,31516,15.9422
32319,18543,31346,15.9449
31327,18716,31464,15.9485
30077,18923,31616,15.9517
31496,18736,31429,15.9527
31883,18685,31378,15.9535
32012,18668,31361,15.9541
30762,18875,31513,15.9549
31536,18773,31411,15.9559
33342,18535,31173,15.957
31189,18861,31444,15.9588
31318,18844,31427,15.9598
32608,18674,31257,15.962
32737,18657,31240,15.9626
31874,18813,31341,15.9653
32648,18711,31239,15.9667
32043,18833,31306,15.9675
32172,18816,31289,15.9681
30890,19940,27025,15.9687
31072,19896,27118,15.9694
30793,19679,28333,16.0236
30317,19784,28383,16.0304
30228,19838,28382,16.0323
30744,19770,28314,16.0335
30873,19753,28297,16.0341
29752,19943,28432,16.0348
29881,19926,28415,16.0354
30784,19807,28296,16.0362
31816,19671,28160,16.0373
31945,19654,28143,16.0379
30130,20020,28344,16.0517
30259,20003,28327,16.0528
29774,20236,28340,16.0584
30260,18138,31821,16.0724
30905,18053,31736,16.0733
30300,18175,31803,16.086
30687,18124,31752,16.0876
31203,18056,31684,16.0884
31977,17954,31582,16.0894
32106,17937,31565,16.09
32622,17869,31497,16.091
33654,17733,31361,16.0926
34041,17682,31310,16.0943
34170,17665,31293,16.0951
31928,18045,31563,16.1044
32057,18028,31546,16.1051
33516,17878,31341,16.1079
29686,18425,31833,16.1091
30331,18340,31748,16.1111
31492,18187,31595,16.1122
32524,18051,31459,16.114
32653,18034,31442,16.1146
33427,17932,31340,16.1154
31403,18241,31594,16.1175
32822,18054,31407,16.1193
33467,17969,31322,16.1204
30927,18346,31644,16.1229
31572,18261,31559,16.1239
32088,18193,31491,16.125
32217,18176,31474,16.1257
29935,18519,31762,16.1277
30064,18502,31745,16.1284
33031,18111,31354,16.1292
29846,18573,31761,16.1316
31523,18352,31540,16.1334
32813,18182,31370,16.1351
32942,18165,31353,16.1357
32635,18290,31368,16.1384
30611,18599,31622,16.1395
32933,18293,31316,16.1413
31038,18585,31553,16.1432
31167,18568,31536,16.1442
32070,18449,31417,16.145
32199,18432,31400,16.1456
32239,18469,31382,16.1482
32368,18452,31365,16.1489
33142,18350,31263,16.1496
30860,18693,31551,16.1528
32150,18523,31381,16.1536
33440,18353,31211,16.1547
30255,18815,31618,16.1565
30900,18730,31533,16.1576
32190,18560,31363,16.159
30335,18889,31582,16.1612
30464,18872,31565,16.1618
32399,18617,31310,16.1641
32528,18600,31293,16.1649
30633,18892,31530,16.1657
31149,18824,31462,16.1671
33213,18552,31190,16.1679
30931,18895,31478,16.1689
31060,18878,31461,16.1696
31447,18827,31410,16.1703
32479,18691,31274,16.1714
32995,18623,31206,16.1724
31745,18830,31358,16.1747
32777,18694,31222,16.1755
31269,18935,31408,16.1768
31398,18918,31391,16.1776
32301,18799,31272,16.1786
29798,20204,26467,16.1793
29980,20160,26560,16.18
30535,19713,28367,16.2251
30664,19696,28350,16.2262
30188,19801,28400,16.2329
31518,19668,28212,16.2355
31647,19651,28195,16.2361
29494,19977,28466,16.2372
30010,19909,28398,16.2382
30655,19824,28313,16.2392
31300,19739,28228,16.2404
31429,19722,28211,16.241
30050,19946,28380,16.2439
30179,19929,28363,16.2448
30606,19915,28294,16.2458
30735,19898,28277,16.2472
30001,20037,28361,16.251
31420,19850,28174,16.2533
30816,18107,31735,16.2739
31590,18005,31633,16.2761
31719,17988,31616,16.2772
32235,17920,31548,16.2782
32751,17852,31480,16.2795
33525,17750,31378,16.2806
34299,17648,31276,16.2827
31799,18062,31580,16.2868
29557,18442,31850,16.2894
30202,18357,31765,16.2902
31363,18204,31612,16.2914
32395,18068,31476,16.2927
32782,18017,31425,16.2968
33298,17949,31357,16.2982
33814,17881,31289,16.2991
33943,17864,31272,16.2997
33209,18003,31356,16.3021
30798,18363,31661,16.3029
31959,18210,31508,16.305
32346,18159,31457,16.3061
30580,18434,31677,16.3084
30709,18417,31660,16.3092
33418,18060,31303,16.3106
31394,18369,31557,16.3125
32684,18199,31387,16.3133
32546,18344,31367,16.3169
32675,18327,31350,16.3176
30522,18653,31621,16.3187
31296,18551,31519,16.3195
31425,18534,31502,16.3202
31941,18466,31434,16.321
32328,18415,31383,16.3221
32457,18398,31366,16.3227
32110,18486,31399,16.3244
32755,18401,31314,16.3256
30989,18676,31534,16.33
32021,18540,31398,16.3312
33311,18370,31228,16.3325
30771,18747,31550,16.3343
30206,18906,31599,16.3364
30593,18855,31548,16.3372
30722,18838,31531,16.3379
32141,18651,31344,16.3386
32270,18634,31327,16.3393
32786,18566,31259,16.34
31278,18807,31445,16.342
31407,18790,31428,16.3431
32697,18620,31258,16.3444
30802,18912,31495,16.3455
32092,18742,31325,16.3477
32221,18725,31308,16.3484
32866,18640,31223,16.3495
30882,18986,31459,16.3529
31011,18969,31442,16.3535
31527,18901,31374,16.3546
28160,20600,25630,16.3564
28342,20556,25723,16.3572
30708,19984,26932,16.3579
30406,19730,28384,16.3954
32341,19475,28129,16.3974
31002,19736,28280,16.4012
32034,19600,28144,16.402
32163,19583,28127,16.4026
29623,19960,28449,16.4034
30268,19875,28364,16.4045
31558,19705,28194,16.4105
31687,19688,28177,16.4114
29534,20014,28448,16.4133
29663,19997,28431,16.4139
31598,19742,28176,16.4147
31727,19725,28159,16.4155
30219,19966,28345,16.4167
30348,19949,28328,16.4177
29614,20088,28412,16.4197
29743,20071,28395,16.4203
30388,19986,28310,16.4241
31848,17971,31599,16.434
34428,17631,31259,16.4375
31105,18238,31646,16.4416
31234,18221,31629,16.4427
32266,18085,31493,16.4439
32911,18000,31408,16.4451
33338,17986,31339,16.4494
30669,18380,31678,16.4506
32475,18142,31440,16.4523
32604,18125,31423,16.453
31870,18264,31507,16.4545
31999,18247,31490,16.4551
33805,18009,31252,16.4559
32168,18267,31455,16.4623
32804,18310,31333,16.4666
30651,18636,31604,16.4676
30780,18619,31587,16.4683
31554,18517,31485,16.4699
32586,18381,31349,16.4726
33618,18245,31213,16.4734
31594,18554,31467,16.4747
31723,18537,31450,16.4756
32626,18418,31331,16.4769
33182,18387,31245,16.4803
30642,18764,31567,16.4817
30851,18821,31514,16.4844
32657,18583,31276,16.4866
33084,18569,31207,16.4891
32350,18708,31291,16.4924
30753,19003,31476,16.4973
31140,18952,31425,16.4987
31914,18850,31323,16.4997
32688,18748,31221,16.5008
32817,18731,31204,16.5014
27978,20644,25537,16.5021
29616,20248,26374,16.5031
30526,20028,26839,16.5041
31438,19594,28248,16.5346
31567,19577,28231,16.5354
31131,19719,28263,16.5371
31776,19634,28178,16.5379
31905,19617,28161,16.5386
30139,19892,28381,16.5408
32074,19637,28126,16.5471
29792,19980,28414,16.5511
31469,19759,28193,16.5522
29961,20000,28379,16.5556
30090,19983,28362,16.5588
30477,19932,28311,16.5617
29872,20054,28378,16.5653
30904,19918,28242,16.5664
31033,19901,28225,16.567
34072,17847,31255,16.5783
32733,18108,31406,16.5832
30838,18400,31643,16.5841
30967,18383,31626,16.5848
32128,18230,31473,16.5859
33676,18026,31269,16.5867
32555,18216,31404,16.5878
30909,18602,31570,16.5914
32715,18364,31332,16.5947
31336,18588,31501,16.5965
31465,18571,31484,16.5973
31981,18503,31416,16.5983
32497,18435,31348,16.5997
30980,18804,31497,16.6019
31109,18787,31480,16.6026
32955,18586,31224,16.6041
30624,19020,31493,16.6059
31656,18884,31357,16.6076
31785,18867,31340,16.6083
32430,18782,31255,16.6095
32946,18714,31187,16.6104
33075,18697,31170,16.6111
27796,20688,25444,16.6117
29252,20336,26188,16.6127
29434,20292,26281,16.6135
30344,20072,26746,16.6142
31696,19560,28214,16.6364
31825,19543,28197,16.6372
31260,19702,28246,16.6379
31389,19685,28229,16.6386
29921,19963,28397,16.6425
31211,19793,28227,16.6435
31340,19776,28210,16.6442
29574,20051,28430,16.6465
30775,19935,28259,16.6506
31741,18281,31524,16.6568
32257,18213,31456,16.658
32386,18196,31439,16.6588
33547,18043,31286,16.6607
32426,18233,31421,16.6618
33329,18114,31302,16.6628
33458,18097,31285,16.6635
30949,18639,31552,16.6657
31078,18622,31535,16.6666
31852,18520,31433,16.6682
32826,18603,31241,16.6714
30495,19037,31510,16.6725
32559,18765,31238,16.6749
28888,20424,26002,16.6782
29070,20380,26095,16.6792
30162,20116,26653,16.6806
32083,19509,28163,16.6944
32212,19492,28146,16.6952
30953,19827,28261,16.6983
31082,19810,28244,16.6992
31856,19708,28142,16.7008
29703,20034,28413,16.7026
30864,19881,28260,16.7034
30993,19864,28243,16.7041
30517,19969,28293,16.7049
30646,19952,28276,16.7056
31162,19884,28208,16.7064
31096,18366,31609,16.7091
32515,18179,31422,16.711
32644,18162,31405,16.7117
32297,18250,31438,16.7135
33200,18131,31319,16.7143
33587,18080,31268,16.7153
33716,18063,31251,16.7159
31207,18605,31518,16.7174
30237,19071,31544,16.72
30366,19054,31527,16.7206
28706,20468,25909,16.722
31254,19852,27211,16.7249
31954,19526,28180,16.7318
30308,19912,28346,16.7343
32114,19674,28108,16.7368
29832,20017,28396,16.7379
31225,18349,31592,16.7442
31354,18332,31575,16.7449
32902,18128,31371,16.7464
33071,18148,31336,16.7485
28524,20512,25816,16.7529
32346,19588,27769,16.754
30824,19844,28278,16.7585
31612,18298,31541,16.7644
32773,18145,31388,16.7662
31982,19676,27583,16.7683
32164,19632,27676,16.7691
30695,19861,28295,16.7713
31122,19847,28226,16.7727
31483,18315,31558,16.7735
31800,19720,27490,16.7752
30566,19878,28312,16.7775
31251,19830,28209,16.7791
31618,19764,27397,16.7805
30437,19895,28329,16.7817
31509,19796,28175,16.7827
31436,19808,27304,16.784
31380,19813,28192,16.7859
31767,19762,28141,16.787
