obj0,obj1,obj2,obj3,obj4,cpu
31199,30772,27094,24538,18393,0.409145
29682,29907,28354,23560,19649,0.467335
24130,31104,18022,26246,20197,0.631997
20378,24900,15355,24983,22108,0.649682
23127,22216,19675,23371,20112,0.685879
24500,30470,18053,26709,19534,0.720047
20748,24266,15386,25446,21445,0.728612
21610,21351,20935,22393,21368,0.77902
20101,24246,16731,25278,22936,0.809672
22672,22947,20315,21688,21858,0.833508
22782,23785,20204,20281,21946,0.85645
30434,31171,26818,23735,18756,0.871855
22362,22615,19399,22568,20475,0.888038
23917,29112,20301,25904,19226,0.90802
20165,22908,17634,24641,21137,0.930211
20688,25232,16271,24103,23491,0.960086
20798,26070,16160,22696,23579,0.989519
23871,27091,16337,23369,21797,1.02094
23437,22548,20591,22491,21495,1.10191
23547,23386,20480,21084,21583,1.10921
24682,28713,20577,26707,18863,1.11773
20930,22509,17910,25444,20774,1.12789
21058,24598,16302,24566,22828,1.1421
21168,25436,16191,23159,22916,1.15627
24241,26457,16368,23832,21134,1.17024
20867,22670,18812,25687,22288,1.20294
21920,21683,21851,21513,22751,1.21454
20411,24578,17647,24398,24319,1.22795
22030,22521,21740,20106,22839,1.239
20521,25416,17536,22991,24407,1.25268
20050,23408,17886,26997,25051,1.26572
19413,21644,19170,24466,22030,1.28397
20475,23240,18550,23761,22520,1.3681
20585,24078,18439,22354,22608,1.40531
25425,21764,17838,23243,20973,1.43374
28421,29114,14661,31492,24795,1.44411
22345,20264,17379,23420,21492,1.46239
21768,21439,17396,25457,22226,1.53101
24181,27423,17253,22489,23180,1.54552
24291,28261,17142,21082,23268,1.58085
20205,25162,16994,25223,23959,1.73719
21240,22841,18826,24564,22157,1.77036
21350,23679,18715,23157,22245,1.78075
26190,21365,18114,24046,20610,1.78717
23110,19865,17655,24223,21129,1.80101
24551,26789,17284,22952,22517,1.81317
24661,27627,17173,21545,22605,1.83133
26440,23950,15329,24201,21398,1.85522
23360,22450,14870,24378,21917,1.87187
23047,20026,18557,24466,22643,1.88257
22351,22797,15148,26262,22534,1.90961
19723,21976,20086,23586,23413,1.93643
19833,22814,19975,22179,23501,1.96646
21653,21939,17648,27813,26140,2.00735
24673,20500,19374,23068,21866,2.01333
21593,19000,18915,23245,22385,2.02708
21016,20175,18932,25282,23119,2.03668
22713,22430,16215,24210,23408,2.05971
21704,22777,16493,26094,24025,2.097
22655,20596,18295,22540,22875,2.13359
22078,21771,18312,24577,23609,2.14581
22765,21434,18184,21133,22963,2.19059
22188,22609,18201,23170,23697,2.20251
30943,32617,27163,22613,20383,2.21948
25934,23210,18183,22121,22600,2.23561
22871,24061,19744,21446,22102,2.25226
22854,21710,17724,22298,23119,2.26836
26395,28327,14768,31936,24701,2.31249
20674,24354,17979,23519,22764,2.3406
22277,22885,17741,24335,23853,2.35915
20515,25494,17910,24343,25342,2.38403
20625,26332,17799,22936,25430,2.44047
26070,24584,15298,23738,22061,2.46173
22990,23084,14839,23915,22580,2.51346
22817,23346,16478,24155,24431,2.52633
21981,23431,15117,25799,23197,2.59989
21808,23693,16756,26039,25048,2.61495
23420,20197,18571,23343,22512,2.659
23530,21035,18460,21936,22600,2.67169
31708,32218,27439,23416,20020,2.68201
26699,22811,18459,22924,22237,2.68811
23636,23662,20020,22249,21739,2.7038
23619,21311,18000,23101,22756,2.70974
21439,23955,18255,24322,22401,2.71705
23670,22782,15786,23498,23300,2.72971
22661,23129,16064,25382,23917,2.73951
23780,23620,15675,22091,23388,2.75473
22771,23967,15953,23975,24005,2.76447
26949,25396,15674,23079,23025,2.78286
24750,27903,16713,22710,22761,2.80257
23869,23896,15215,23256,23544,2.80874
21257,25712,15731,24324,23072,2.83859
22860,24243,15493,25140,24161,2.84645
21903,19332,19831,22365,23768,2.86598
21326,20507,19848,24402,24502,2.87295
23023,22762,17131,23330,24791,2.87605
22014,23109,17409,25214,25408,2.88624
22013,20170,19720,20958,23856,2.90523
21436,21345,19737,22995,24590,2.91212
23133,23600,17020,21923,24879,2.91805
22124,23947,17298,23807,25496,2.92748
30191,31353,28699,22438,21276,2.95266
22119,22797,21280,21271,22995,2.96961
22102,20446,19260,22123,24012,2.97541
19922,23090,19515,23344,23657,2.98252
21525,21621,19277,24160,24746,2.99223
23222,23876,16560,23088,25035,3.01675
20610,25692,17076,24156,24563,3.04325
22213,24223,16838,24972,25652,3.05098
22024,22599,22114,21458,23774,3.06576
22007,20248,20094,22310,24791,3.07482
19827,22892,20349,23531,24436,3.08349
21430,21423,20111,24347,25525,3.09539
22134,23437,22003,20051,23862,3.12191
22117,21086,19983,20903,24879,3.13064
19937,23730,20238,22124,24524,3.13953
21540,22261,20000,22940,25613,3.15166
21714,22267,21198,22338,22391,3.19886
21697,19916,19178,23190,23408,3.21703
22206,21362,19523,22068,25035,3.23242
19517,22560,19433,24411,23053,3.26687
20026,24006,19778,23289,24680,3.27979
21120,21091,19195,25227,24142,3.29222
23300,23416,15755,23035,23963,3.31378
23127,23678,17394,23275,25814,3.32082
22291,23763,16033,24919,24580,3.34114
23410,24254,15644,21628,24051,3.36302
23237,24516,17283,21868,25902,3.36936
22401,24601,15922,23512,24668,3.38947
22228,24863,17561,23752,26519,3.39749
26579,26030,15643,22616,23688,3.42718
23499,24530,15184,22793,24207,3.46511
23326,24792,16823,23033,26058,3.4854
20887,26346,15700,23861,23735,3.54709
22490,24877,15462,24677,24824,3.55518
20714,26608,17339,24101,25586,3.56409
22833,23165,20305,21865,21950,5.55116
22994,23383,20295,22042,22042,5.55321
23748,25093,20144,21343,22498,5.64874
23087,21870,18164,21487,23147,5.6631
23248,22088,18154,21664,23239,5.66644
31078,32043,26778,24443,19124,5.74799
31239,32261,26768,24620,19216,5.75012
23489,24141,19329,23807,21119,5.82846
22816,20814,18285,22717,22967,6.76868
23587,24875,20154,21166,22406,6.85363
22926,21652,18174,21310,23055,6.86705
30917,31825,26788,24266,19032,6.9596
26578,24082,18143,22829,22968,7.01296
22523,22833,19389,22745,20567,7.05399
22684,23051,19379,22922,20659,7.05623
23955,22444,17279,25190,22412,7.09292
23337,22364,17694,22829,23395,7.12768
23498,22582,17684,23006,23487,7.13313
24078,29330,20291,26081,19318,7.17853
24886,24694,16714,23858,23204,7.65905
25038,24933,16830,23903,23192,7.66106
25452,26249,16951,22586,23256,7.67264
25604,26488,17067,22631,23244,7.67459
24120,23645,15450,24603,21857,7.70984
24272,23884,15566,24648,21845,7.71187
23155,23601,20285,22219,22134,8.08483
22239,21989,18302,24754,23701,8.14201
23265,24439,20174,20812,22222,8.18167
23426,24657,20164,20989,22314,8.18373
30756,31607,26798,24089,18940,8.28724
25586,21982,17828,23420,21065,8.3141
26417,23864,18153,22652,22876,8.34277
23006,23487,19359,23276,20843,8.39089
23167,23705,19349,23453,20935,8.39302
22989,21136,17339,24128,21860,8.42342
23150,21354,17329,24305,21952,8.42669
23176,22146,17704,22652,23303,8.46545
24239,29548,20281,26258,19410,8.51722
24400,29766,20271,26435,19502,8.5204
20970,23998,17584,25526,21597,8.55503
21131,24216,17574,25703,21689,8.55943
21318,25226,17939,24227,23132,8.58217
24466,22358,19765,22188,22375,8.91508
24570,22505,19910,22216,22350,8.91701
26482,29693,22557,26667,18943,8.95362
26572,29742,22656,26665,18947,8.95566
23318,20159,17945,24279,21079,8.97457
23422,20306,18090,24307,21054,8.97657
21470,22803,18504,25432,20798,8.99179
21560,22852,18603,25430,20802,8.99482
24734,24455,16598,23813,23216,9.01156
25300,26010,16835,22541,23268,9.02926
25756,26727,17183,22676,23232,9.0322
25908,26966,17299,22721,23220,9.03418
23512,22689,14986,24423,21905,9.06995
23664,22928,15102,24468,21893,9.07203
24424,24123,15682,24693,21833,9.0741
24576,24362,15798,24738,21821,9.07633
24021,24135,15331,23301,23532,9.08041
24173,24374,15447,23346,23520,9.08471
23095,20118,18528,24483,22656,9.08779
23437,24078,17252,22013,24855,9.25379
23104,24221,20184,20635,22130,9.58853
22349,22827,18191,23347,23789,9.68427
30595,31389,26808,23912,18848,9.70469
26230,22854,17788,24128,21433,9.73095
26095,23428,18173,22298,22692,9.77985
22845,23269,19369,23099,20751,9.82707
23328,23923,19339,23630,21027,9.83165
23193,24497,19724,21800,22286,9.84439
23354,24715,19714,21977,22378,9.84769
22667,20700,17359,23774,21676,9.86406
22828,20918,17349,23951,21768,9.86757
23794,22226,17289,25013,22320,9.87089
23015,21928,17714,22475,23211,9.91172
24722,30202,20251,26789,19686,9.96168
24883,30420,20241,26966,19778,9.96492
20648,23562,17604,25172,21413,9.99806
20809,23780,17594,25349,21505,10.0024
20835,24572,17969,23696,22856,10.0242
20996,24790,17959,23873,22948,10.029
22734,22747,17336,26519,22778,10.0526
24322,25688,16340,21898,23979,10.1635
24474,25927,16456,21943,23967,10.1655
23524,20344,18716,23371,22487,10.3838
23628,20491,18861,23399,22462,10.386
24362,22211,19620,22160,22400,10.3941
26606,21953,18694,24158,20510,10.4115
26710,22100,18839,24186,20485,10.4136
28270,24305,21014,24606,20110,10.4175
26212,29546,22260,26673,18931,10.4431
26302,29595,22359,26671,18935,10.4453
29812,31506,26220,26593,19091,10.4473
29902,31555,26319,26591,19095,10.4494
23214,20012,17800,24251,21104,10.4838
23723,21458,18145,23129,22731,10.4977
23827,21605,18290,23157,22706,10.5017
21020,22558,18009,25442,20778,10.5048
21110,22607,18108,25440,20782,10.5082
21920,23048,18999,25422,20818,10.5114
22010,23097,19098,25420,20822,10.5146
24430,23977,16366,23723,23240,10.5321
24582,24216,16482,23768,23228,10.5342
24844,25293,16487,22406,23304,10.5471
24996,25532,16603,22451,23292,10.5494
27253,25874,15906,23169,23001,10.5705
27405,26113,16022,23214,22989,10.5748
23816,23167,15218,24513,21881,10.5928
24728,24601,15914,24783,21809,10.5977
24325,24613,15563,23391,23508,10.6062
20915,22762,18783,25704,22301,10.694
22527,20214,20701,22533,23618,10.6992
22631,20361,20846,22561,23593,10.7012
20263,22270,20680,23574,23437,10.7183
20353,22319,20779,23572,23441,10.7211
21633,23794,21955,22139,23581,10.7875
21723,23843,22054,22137,23585,10.7906
21526,21394,19836,22993,24594,10.7975
23285,23839,17136,21968,24867,10.8156
20313,22134,20160,24446,22070,10.9403
20403,22183,20259,24444,22074,10.9433
20102,23188,19713,23340,23665,10.9476
20192,23237,19812,23338,23669,10.9517
21376,20371,19328,25274,23135,10.9776
21466,20420,19427,25272,23139,10.9817
22977,21032,18275,22894,23059,11.1494
22943,24003,20194,20458,22038,11.2069
31400,32479,26758,24797,19308,11.3094
31561,32697,26748,24974,19400,11.3121
25747,22200,17818,23597,21157,11.335
26256,23646,18163,22475,22784,11.4073
23032,24279,19734,21623,22194,11.4641
22506,20482,17369,23597,21584,11.4877
23311,21572,17319,24482,22044,11.4951
23472,21790,17309,24659,22136,11.4983
23820,23018,17664,23360,23671,11.5558
24561,29984,20261,26612,19594,11.5873
20326,23126,17624,24818,21229,11.63
21157,25008,17949,24050,23040,11.6653
22090,21875,17376,25811,22410,11.6975
22251,22093,17366,25988,22502,11.7025
23562,24493,15760,21673,24039,11.8166
23750,24279,15419,24140,22520,11.9071
23902,24518,15535,24185,22508,11.9094
23651,24769,15300,22838,24195,11.9207
23803,25008,15416,22883,24183,11.925
23842,21476,18895,22020,22525,12.1066
23946,21623,19040,22048,22500,12.109
26294,21512,18259,24074,20585,12.1259
26814,22247,18984,24214,20460,12.1294
28894,25187,21884,24774,19960,12.1317
28998,25334,22029,24802,19935,12.134
25492,29154,21468,26689,18899,12.1615
25582,29203,21567,26687,18903,12.1638
26392,29644,22458,26669,18939,12.1659
29722,31457,26121,26595,19087,12.1691
30352,31800,26814,26581,19115,12.1721
24358,21629,19395,24559,20829,12.2325
24462,21776,19540,24587,20804,12.2347
21380,22754,18405,25434,20794,12.2608
21650,22901,18702,25428,20806,12.268
22100,23146,19197,25418,20826,12.2733
21529,24004,18354,24320,22405,12.2776
21619,24053,18453,24318,22409,12.2816
24278,23738,16250,23678,23252,12.2974
23932,23859,15791,22136,23376,12.3203
25148,25771,16719,22496,23280,12.3227
26060,27205,17415,22766,23208,12.3257
27048,24906,15793,24381,21350,12.3436
27200,25145,15909,24426,21338,12.346
27101,25635,15790,23124,23013,12.3509
23968,23406,15334,24558,21869,12.3747
22007,19479,19976,22393,23743,12.5229
22111,19626,20121,22421,23718,12.5251
20173,22221,20581,23576,23433,12.5449
23175,23001,17247,23375,24779,12.5857
22429,20758,20300,21070,23756,12.6084
22533,20905,20445,21098,23731,12.6107
20013,22912,20173,22175,23509,12.6288
20103,22961,20272,22173,23513,12.6319
21706,21492,20034,22989,24602,12.6451
21796,21541,20133,22987,24606,12.6492
25401,21529,20389,23264,21691,12.6993
25505,21676,20534,23292,21666,12.7015
22113,19735,19640,23385,22260,12.7381
22217,19882,19785,23413,22235,12.7404
19503,21693,19269,24464,22034,12.8011
20493,22232,20358,24442,22078,12.8042
20583,22281,20457,24440,22082,12.8074
20012,23139,19614,23342,23661,12.8123
21106,20224,19031,25280,23123,12.8525
23487,21772,19455,22764,22675,13.02
20636,23458,18540,23938,22612,13.0531
23570,22524,18134,22018,23423,13.1055
23731,22742,18124,22195,23515,13.1087
20907,24514,18419,22708,22792,13.1387
21068,24732,18409,22885,22884,13.1434
26069,22636,17798,23951,21341,13.1962
23633,22008,17299,24836,22228,13.3592
23659,22800,17674,23183,23579,13.4255
25177,29798,21687,25876,19282,13.4488
25267,29847,21786,25874,19286,13.4513
20487,23344,17614,24995,21321,13.4987
21929,21657,17386,25634,22318,13.5564
22573,22529,17346,26342,22686,13.5617
23866,24971,15992,21763,24015,13.6795
24018,25210,16108,21808,24003,13.6816
24778,26405,16688,22033,23943,13.6838
24930,26644,16804,22078,23931,13.6859
23294,23562,15071,24005,22556,13.7776
23446,23801,15187,24050,22544,13.7799
24054,24757,15651,24230,22496,13.7822
24206,24996,15767,24275,22484,13.7843
23955,25247,15532,22928,24171,13.7935
23634,21182,18605,21964,22575,14.0222
23738,21329,18750,21992,22550,14.0247
24050,21770,19185,22076,22475,14.0274
24154,21917,19330,22104,22450,14.0299
24674,22652,20055,22244,22325,14.0324
24778,22799,20200,22272,22300,14.0347
26502,21806,18549,24130,20535,14.0459
26918,22394,19129,24242,20435,14.0495
27022,22541,19274,24270,20410,14.0519
28374,24452,21159,24634,20085,14.0544
28478,24599,21304,24662,20060,14.0568
30766,27833,24494,25278,19510,14.0594
30870,27980,24639,25306,19485,14.0619
26907,23105,18749,22980,22187,14.0883
27011,23252,18894,23008,22162,14.0929
24772,28762,20676,26705,18867,14.0954
24862,28811,20775,26703,18871,14.098
25672,29252,21666,26685,18907,14.1015
26842,29889,22953,26659,18959,14.1059
26932,29938,23052,26657,18963,14.1085
30262,31751,26715,26583,19111,14.111
26423,27048,20399,27429,20047,14.1184
26437,27146,20445,27459,20018,14.1209
24150,21335,19105,24503,20879,14.2026
24254,21482,19250,24531,20854,14.2052
21200,22656,18207,25438,20786,14.2354
21290,22705,18306,25436,20790,14.239
21830,22999,18900,25424,20814,14.2429
21799,24151,18651,24314,22417,14.2634
23822,23021,15902,23543,23288,14.2849
23974,23260,16018,23588,23276,14.2882
22703,23423,16202,25472,23830,14.2988
24540,24815,16255,22316,23328,14.3104
24692,25054,16371,22361,23316,14.3129
26744,24428,15561,24291,21374,14.3351
26896,24667,15677,24336,21362,14.3376
27352,25384,16025,24471,21326,14.3412
27557,26352,16138,23259,22977,14.3531
24880,24840,16030,24828,21797,14.3717
25949,27923,17309,27195,20942,14.396
25963,28021,17355,27225,20913,14.3986
22872,27416,17150,26796,21427,14.4488
22990,27591,17248,26871,21426,14.4512
22393,23091,15286,26352,22447,14.4887
22407,23189,15332,26382,22418,14.4935
22423,20067,20556,22505,23643,14.5742
20083,22172,20482,23578,23429,14.5878
21253,22809,21769,23552,23481,14.5937
21343,22858,21868,23550,23485,14.5972
23327,23240,17363,23420,24767,14.6333
22325,20611,20155,21042,23781,14.6682
22741,21199,20735,21154,23681,14.6716
22845,21346,20880,21182,23656,14.674
19923,22863,20074,22177,23505,14.6808
21273,23598,21559,22147,23565,14.6865
21363,23647,21658,22145,23569,14.6902
21616,21443,19935,22991,24598,14.7088
25089,21088,19954,23180,21766,14.779
25193,21235,20099,23208,21741,14.7817
21905,19441,19350,23329,22310,14.8364
22009,19588,19495,23357,22285,14.839
22310,20740,19550,22179,23962,14.8623
22414,20887,19695,22207,23937,14.867
20133,22036,19962,24450,22062,14.9173
20223,22085,20061,24448,22066,14.9208
20673,22330,20556,24438,22086,14.9292
20763,22379,20655,24436,22090,14.9328
21286,20322,19229,25276,23131,14.9999
22759,20743,18440,22568,22850,15.2312
22863,20890,18585,22596,22825,15.2335
23409,22306,18144,21841,23331,15.3388
20746,24296,18429,22531,22700,15.3797
21390,25168,18389,23239,23068,15.3884
21551,25386,18379,23416,23160,15.3932
25908,22418,17808,23774,21249,15.4534
23515,24933,19704,22154,22470,15.5698
23676,25151,19694,22331,22562,15.5737
24187,29259,20598,25898,19238,15.7065
24277,29308,20697,25896,19242,15.7098
28417,31562,25251,25804,19426,15.7124
28507,31611,25350,25802,19430,15.715
22412,22311,17356,26165,22594,15.8189
23714,24732,15876,21718,24027,15.9727
24170,25449,16224,21853,23991,15.9768
24626,26166,16572,21988,23955,15.9803
23389,24755,17399,21913,25890,15.987
21270,26770,16552,22996,23575,15.9897
21388,26945,16650,23071,23574,15.9921
26830,25779,15878,23963,22001,16.0676
26982,26018,15994,24008,21989,16.0701
23142,23323,14955,23960,22568,16.0905
23598,24040,15303,24095,22532,16.094
21330,22890,18925,24562,22161,16.3813
21420,22939,19024,24560,22165,16.385
24258,22064,19475,22132,22425,16.3936
24882,22946,20345,22300,22275,16.3994
21710,23875,19111,23149,22261,16.4039
21800,23924,19210,23147,22265,16.4076
26398,21659,18404,24102,20560,16.414
28582,24746,21449,24690,20035,16.4266
29830,26510,23189,25026,19735,16.4296
29934,26657,23334,25054,19710,16.4323
31910,29450,26089,25586,19235,16.4349
32014,29597,26234,25614,19210,16.4374
26803,22958,18604,22952,22212,16.4633
25042,28909,20973,26699,18879,16.4775
25132,28958,21072,26697,18883,16.4802
25762,29301,21765,26683,18911,16.4841
26662,29791,22755,26663,18951,16.4869
26752,29840,22854,26661,18955,16.4898
29632,31408,26022,26597,19083,16.4925
29992,31604,26418,26589,19099,16.496
30082,31653,26517,26587,19103,16.4987
26431,27685,20622,27641,19840,16.5034
26445,27783,20668,27671,19811,16.5061
26549,27930,20813,27699,19786,16.5131
26563,28028,20859,27729,19757,16.5155
23838,20894,18670,24419,20954,16.6346
23942,21041,18815,24447,20929,16.6374
24670,22070,19830,24643,20754,16.6429
23931,21752,18435,23185,22681,16.6616
21740,22950,18801,25426,20810,16.6859
21709,24102,18552,24316,22413,16.7096
24126,23499,16134,23633,23264,16.7402
22689,23325,16156,25442,23859,16.7496
24236,24337,16023,22226,23352,16.7591
24388,24576,16139,22271,23340,16.7617
22869,24653,16275,24185,23802,16.7706
26592,24189,15445,24246,21386,16.7817
25792,26274,16726,25098,21725,16.8207
25725,26355,16573,26715,21406,16.8476
25935,27825,17263,27165,20971,16.8502
26159,29393,17999,27645,20507,16.8538
26173,29491,18045,27675,20478,16.8563
22282,26541,16660,26421,21432,16.9016
22400,26716,16758,26496,21431,16.9038
22379,22993,15240,26322,22476,16.9465
22319,19920,20411,22477,23668,17.0221
22735,20508,20991,22589,23568,17.0262
19993,22123,20383,23580,23425,17.0358
20983,22662,21472,23558,23469,17.0421
21073,22711,21571,23556,23473,17.0458
21433,22907,21967,23548,23489,17.0499
21523,22956,22066,23546,23493,17.0539
22117,20317,19865,20986,23831,17.1293
22637,21052,20590,21126,23706,17.1323
20823,23353,21064,22157,23545,17.1484
20913,23402,21163,22155,23549,17.1522
21453,23696,21757,22143,23573,17.1585
21903,23941,22252,22133,23593,17.1625
21886,21590,20232,22985,24610,17.1872
22180,24339,17482,23927,25380,17.2129
22194,24437,17528,23957,25351,17.2164
21681,22135,17740,27873,26082,17.2532
21695,22233,17786,27903,26053,17.2561
24777,20647,19519,23096,21841,17.2615
24881,20794,19664,23124,21816,17.264
25297,21382,20244,23236,21716,17.2679
21801,19294,19205,23301,22335,17.3051
22206,20593,19405,22151,23987,17.3222
19773,21840,19566,24458,22046,17.3829
19863,21889,19665,24456,22050,17.3866
21393,22722,21348,24422,22118,17.4008
21483,22771,21447,24420,22122,17.4045
21196,20273,19130,25278,23127,17.5059
21556,20469,19526,25270,23143,17.5226
23017,22908,16447,24300,23384,17.6432
23175,21331,19020,22680,22750,17.7784
23279,21478,19165,22708,22725,17.7813
23138,21250,18265,23071,23151,17.7937
20958,23894,18520,24292,22796,17.8126
22168,21820,18411,24575,23613,17.8252
24117,23345,20069,21497,22638,17.8549
24221,23492,20214,21525,22613,17.8576
21229,24950,18399,23062,22976,17.9273
22278,22658,18300,23168,23701,17.9468
26361,23087,19143,23495,20748,17.9828
26465,23234,19288,23523,20723,17.9857
30937,29555,25523,24727,19648,17.9894
31041,29702,25668,24755,19623,17.9921
24097,29210,20499,25900,19234,18.3002
24367,29357,20796,25894,19246,18.3054
26527,30533,23172,25846,19342,18.3089
26617,30582,23271,25844,19346,18.3117
28687,31709,25548,25798,19438,18.3146
28777,31758,25647,25796,19442,18.3176
20916,26245,16258,22771,23578,18.6185
22485,25189,16198,23692,24494,18.6272
22499,25287,16244,23722,24465,18.6307
26222,24823,15414,23783,22049,18.723
26374,25062,15530,23828,22037,18.7256
27438,26735,16342,24143,21953,18.7287
24358,25235,15883,24320,22472,18.749
21005,26521,15798,23936,23734,18.7983
21510,22988,19123,24558,22169,19.0695
21530,23777,18913,23153,22253,19.0805
21620,23826,19012,23151,22257,19.0843
21890,23973,19309,23145,22269,19.0886
21980,24022,19408,23143,22273,19.0929
31699,32234,27441,23532,20003,19.0959
31690,32250,27443,23648,19986,19.0988
28790,25040,21739,24746,19985,19.107
29726,26363,23044,24998,19760,19.1113
30038,26804,23479,25082,19685,19.1161
31598,29009,25654,25502,19310,19.1194
31702,29156,25799,25530,19285,19.1233
32430,30185,26814,25726,19110,19.1262
32534,30332,26959,25754,19085,19.1288
24952,28860,20874,26701,18875,19.1699
25402,29105,21369,26691,18895,19.174
25852,29350,21864,26681,18915,19.1788
28372,30722,24636,26625,19027,19.186
28462,30771,24735,26623,19031,19.1893
30172,31702,26616,26585,19107,19.1942
26481,28616,20983,27943,19546,19.1982
26487,28077,20806,27761,19724,19.2079
26501,28175,20852,27791,19695,19.2112
26521,27734,20721,27639,19844,19.2231
26535,27832,20767,27669,19815,19.2259
23630,20600,18380,24363,21004,19.3209
23734,20747,18525,24391,20979,19.3237
24046,21188,18960,24475,20904,19.3274
24566,21923,19685,24615,20779,19.3306
22675,23227,16110,25412,23888,19.4363
24084,24098,15907,22181,23364,19.4483
22827,24359,16137,24095,23889,19.4586
22841,24457,16183,24125,23860,19.461
27808,26101,16373,24606,21290,19.4706
27960,26340,16489,24651,21278,19.4736
25336,25557,16378,24963,21761,19.5102
25488,25796,16494,25008,21749,19.513
25921,27727,17217,27135,21000,19.5528
26103,29001,17815,27525,20623,19.5569
26117,29099,17861,27555,20594,19.5598
26285,30275,18413,27915,20246,19.5625
26299,30373,18459,27945,20217,19.5651
22046,26191,16464,26271,21434,19.6235
22164,26366,16562,26346,21433,19.6261
22754,27241,17052,26721,21428,19.6291
22365,22895,15194,26292,22505,19.6793
22477,23679,15562,26532,22273,19.6832
22491,23777,15608,26562,22244,19.6869
22916,24635,15677,25260,24045,19.7189
22930,24733,15723,25290,24016,19.7244
22215,19773,20266,22449,23693,19.7417
19813,22025,20185,23584,23417,19.7487
19903,22074,20284,23582,23421,19.7526
20803,22564,21274,23562,23461,19.7569
20893,22613,21373,23560,23465,19.7611
21163,22760,21670,23554,23477,19.7678
21506,20605,20046,24398,24510,19.7834
22221,20464,20010,21014,23806,19.8541
20553,23206,20767,22163,23533,19.8676
20643,23255,20866,22161,23537,19.8718
21183,23549,21460,22149,23561,19.876
21543,23745,21856,22141,23577,19.8856
21813,23892,22153,22135,23589,19.89
22166,24241,17436,23897,25409,19.9422
22222,24633,17620,24017,25293,19.9461
22236,24731,17666,24047,25264,19.9503
21667,22037,17694,27843,26111,19.9801
24985,20941,19809,23152,21791,19.9919
21697,19147,19060,23273,22360,20.0432
19593,21742,19368,24462,22038,20.098
19683,21791,19467,24460,22042,20.1018
20043,21987,19863,24452,22058,20.1063
21303,22673,21249,24424,22114,20.1132
21142,21057,19346,25552,22858,20.2384
21156,21155,19392,25582,22829,20.242
22865,22669,16331,24255,23396,20.4125
20219,24421,16829,25353,22935,20.4254
20337,24596,16927,25428,22934,20.4288
21732,22973,16585,26154,23967,20.4605
21746,23071,16631,26184,23938,20.4632
22255,24517,16976,25062,25565,20.5348
22967,21037,18730,22624,22800,20.5531
23383,21625,19310,22736,22700,20.5564
20797,23676,18530,24115,22704,20.5869
22258,21869,18510,24573,23617,20.5993
23701,22757,19489,21385,22738,20.6285
23805,22904,19634,21413,22713,20.6318
24325,23639,20359,21553,22588,20.6354
22458,22756,18498,23164,23709,20.7046
22548,22805,18597,23162,23713,20.7096
25737,22205,18273,23327,20898,20.7515
25841,22352,18418,23355,20873,20.7546
30313,28673,24653,24559,19798,20.7625
30417,28820,24798,24587,19773,20.7652
31561,30437,26393,24895,19498,20.7683
31665,30584,26538,24923,19473,20.7712
23697,22175,19264,23784,21167,20.9408
23801,22322,19409,23812,21142,20.9437
22310,21509,19668,22096,25010,21.1145
24007,29161,20400,25902,19230,21.1196
24457,29406,20895,25892,19250,21.1236
24547,29455,20994,25890,19254,21.1267
26077,30288,22677,25856,19322,21.1302
26167,30337,22776,25854,19326,21.1331
26797,30680,23469,25840,19354,21.1368
26887,30729,23568,25838,19358,21.1399
28597,31660,25449,25800,19434,21.1441
21065,23398,18624,24621,21177,21.1721
21155,23447,18723,24619,21181,21.1765
20764,24403,18078,23517,22768,21.1854
20854,24452,18177,23515,22772,21.1906
20116,24055,19877,23287,24684,21.2482
23604,23894,15987,23125,23939,21.3474
23756,24133,16103,23170,23927,21.3505
20806,25407,16369,24178,23490,21.3547
21034,26420,16356,22846,23577,21.4277
21506,27120,16748,23146,23573,21.4311
22429,24797,16014,23572,24610,21.4368
22443,24895,16060,23602,24581,21.4396
26526,25301,15646,23873,22025,21.4826
26678,25540,15762,23918,22013,21.486
27286,26496,16226,24098,21965,21.4896
24510,25474,15999,24365,22460,21.5068
21086,25950,15943,25433,22102,21.5492
22546,25269,15646,24797,24708,21.7734
22560,25367,15692,24827,24679,21.7811
21440,23728,18814,23155,22249,21.9966
22340,24218,19804,23135,22289,22.0185
27230,22835,19564,24326,20360,22.0363
28686,24893,21594,24718,20010,22.043
29414,25922,22609,24914,19835,22.0469
29518,26069,22754,24942,19810,22.0511
30662,27686,24349,25250,19535,22.0569
30974,28127,24784,25334,19460,22.0628
31078,28274,24929,25362,19435,22.0695
31806,29303,25944,25558,19260,22.0748
32326,30038,26669,25698,19135,22.0823
32638,30479,27104,25782,19060,22.0922
32742,30626,27249,25810,19035,22.0979
25222,29007,21171,26695,18887,22.1462
25942,29399,21963,26679,18919,22.1512
26032,29448,22062,26677,18923,22.156
28192,30624,24438,26629,19019,22.1617
28282,30673,24537,26627,19023,22.1681
28552,30820,24834,26621,19035,22.1737
26389,27391,20484,27551,19927,22.1927
26403,27489,20530,27581,19898,22.1982
26473,27979,20760,27731,19753,22.2038
26515,28273,20898,27821,19666,22.2099
26529,28371,20944,27851,19637,22.2172
26395,26852,20307,27369,20105,22.2372
26451,27244,20491,27489,19989,22.2458
26485,26901,20406,27367,20109,22.2766
26499,26999,20452,27397,20080,22.2853
26797,27342,20841,27451,20034,22.3135
26811,27440,20887,27481,20005,22.3188
23526,20453,18235,24335,21029,22.4571
21402,23209,18302,25744,20770,22.5
21520,23384,18400,25819,20769,22.5037
22190,23195,19296,25416,20830,22.5263
22280,23244,19395,25414,20834,22.532
21176,24773,16400,24641,22827,22.6179
21404,25786,16387,23309,22914,22.6312
21522,25961,16485,23384,22913,22.6379
22813,24261,16091,24065,23918,22.6477
22855,24555,16229,24155,23831,22.6565
27656,25862,16257,24561,21302,22.6672
24741,27919,16715,22826,22744,22.7114
25032,25079,16146,24873,21785,22.746
25184,25318,16262,24918,21773,22.7538
25640,26035,16610,25053,21737,22.7607
25739,26453,16619,26745,21377,22.8302
25865,27335,17033,27015,21116,22.8455
26019,28413,17539,27345,20797,22.8515
26033,28511,17585,27375,20768,22.8565
26131,29197,17907,27585,20565,22.8619
26257,30079,18321,27855,20304,22.8681
26271,30177,18367,27885,20275,22.8751
21220,24966,15778,25746,21441,22.9799
21338,25141,15876,25821,21440,22.987
22636,27066,16954,26646,21429,22.9935
22449,23483,15470,26472,22331,23.0882
22463,23581,15516,26502,22302,23.0931
22902,24537,15631,25230,24074,23.126
20443,22368,20878,23570,23445,23.1789
20533,22417,20977,23568,23449,23.1843
21416,20556,19947,24400,24506,23.2107
20529,24753,17745,24473,24318,23.2441
20283,23059,20470,22169,23521,23.2986
20373,23108,20569,22167,23525,23.3046
20733,23304,20965,22159,23541,23.3118
21003,23451,21262,22153,23553,23.3324
21562,22227,20151,23265,24329,23.3534
21576,22325,20197,23295,24300,23.3583
21658,21737,20073,23081,24511,23.374
21672,21835,20119,23111,24482,23.3793
22152,24143,17390,23867,25438,23.4353
22208,24535,17574,23987,25322,23.4397
22292,25123,17850,24167,25148,23.4445
22306,25221,17896,24197,25119,23.4496
21723,22429,17878,27963,25995,23.4807
22425,20176,20075,23469,22185,23.5683
19953,21938,19764,24454,22054,23.6596
20853,22428,20754,24434,22094,23.6711
21573,22820,21546,24418,22126,23.676
21128,20959,19300,25522,22887,23.8301
21384,21008,19551,25486,22928,23.8539
21398,21106,19597,25516,22899,23.8581
21564,21106,19749,25482,22936,23.866
21578,21204,19795,25512,22907,23.8704
21718,22875,16539,26124,23996,24.0732
21774,23267,16723,26244,23880,24.0774
21788,23365,16769,26274,23851,24.0807
22241,24419,16930,25032,25594,24.1256
23071,21184,18875,22652,22775,24.1431
20745,23387,18847,23755,22532,24.1613
20835,23436,18946,23753,22536,24.1655
22869,21581,18329,21161,22938,24.2209
22973,21728,18474,21189,22913,24.2243
23909,23051,19779,21441,22688,24.2276
24013,23198,19924,21469,22663,24.2316
20027,23779,20337,22122,24528,24.2725
20117,23828,20436,22120,24532,24.2772
22368,22707,18399,23166,23705,24.2895
22638,22854,18696,23160,23717,24.2976
25633,22058,18128,23299,20923,24.3474
26257,22940,18998,23467,20773,24.3526
29065,26909,22913,24223,20098,24.3645
30833,29408,25378,24699,19673,24.368
31353,30143,26103,24839,19548,24.3724
31457,30290,26248,24867,19523,24.3754
31769,30731,26683,24951,19448,24.3787
31873,30878,26828,24979,19423,24.3822
26558,24092,19053,22289,22450,24.4533
26662,24239,19198,22317,22425,24.4589
22553,20558,17669,23476,21442,24.5767
22657,20705,17814,23504,21417,24.5804
23905,22469,19554,23840,21117,24.5847
22958,21857,17869,22326,23094,24.7031
25087,29749,21588,25878,19278,24.8165
25807,30141,22380,25862,19310,24.8212
25897,30190,22479,25860,19314,24.8246
26347,30435,22974,25850,19334,24.8286
26437,30484,23073,25848,19338,24.8322
26707,30631,23370,25842,19350,24.8371
27427,31023,24162,25826,19382,24.8409
27517,31072,24261,25824,19386,24.8446
29947,32395,26934,25770,19494,24.8506
30037,32444,27033,25768,19498,24.8539
26409,28425,14814,31966,24672,24.8804
20255,22957,17733,24639,21141,24.8869
22218,21684,17891,25447,22246,24.9973
22308,21733,17990,25445,22250,25.0028
23452,23655,15871,23080,23951,25.1261
22305,23861,16079,24949,24551,25.1394
21152,26595,16454,22921,23576,25.2068
22415,24699,15968,23542,24639,25.2116
22457,24993,16106,23632,24552,25.2155
22471,25091,16152,23662,24523,25.2192
27134,26257,16110,24053,21977,25.2558
20968,25775,15845,25358,22103,25.3208
22093,24215,15485,26039,22965,25.4284
22518,25073,15554,24737,24766,25.4801
22532,25171,15600,24767,24737,25.4858
21822,23791,16802,26069,25019,25.5493
22070,24071,19507,23141,22277,25.5777
27126,22688,19419,24298,20385,25.5861
29102,25481,22174,24830,19910,25.5941
29622,26216,22899,24970,19785,25.5982
30142,26951,23624,25110,19660,25.6029
30246,27098,23769,25138,19635,25.6064
31182,28421,25074,25390,19410,25.6131
32222,29891,26524,25670,19160,25.6192
27115,23399,19039,23036,22137,25.6445
25312,29056,21270,26693,18891,25.649
26122,29497,22161,26675,18927,25.6562
28012,30526,24240,26633,19011,25.6608
28102,30575,24339,26631,19015,25.6641
29002,31065,25329,26611,19055,25.6702
29092,31114,25428,26609,19059,25.674
25949,24892,19235,26803,20648,25.6778
25963,24990,19281,26833,20619,25.6808
26215,26754,20109,27373,20097,25.6838
26229,26852,20155,27403,20068,25.6871
26417,27587,20576,27611,19869,25.6955
26459,27881,20714,27701,19782,25.699
26571,28665,21082,27941,19550,25.7053
26409,26950,20353,27399,20076,25.7157
26465,27342,20537,27519,19960,25.7189
26479,27440,20583,27549,19931,25.7223
26709,28469,21142,27847,19645,25.7394
26723,28567,21188,27877,19616,25.7424
26617,27244,20643,27455,20026,25.7459
26631,27342,20689,27485,19997,25.7492
26833,28175,21156,27723,19769,25.7523
26847,28273,21202,27753,19740,25.7555
26769,27146,20749,27391,20092,25.7588
26783,27244,20795,27421,20063,25.7622
26979,28616,21439,27841,19657,25.7653
27069,28665,21538,27839,19661,25.7718
23627,23678,20022,22365,21722,25.8562
21166,22859,18106,25594,20772,25.9069
21284,23034,18204,25669,20771,25.9103
22346,24609,19086,26344,20762,25.9143
22464,24784,19184,26419,20761,25.918
21294,24948,16498,24716,22826,26.0079
21286,25611,16289,23234,22915,26.012
22466,27361,17269,23984,22905,26.0169
22584,27536,17367,24059,22904,26.0204
22785,24065,15999,24005,23976,26.0239
22799,24163,16045,24035,23947,26.0276
27504,25623,16141,24516,21314,26.0405
25893,27531,17125,27075,21058,26.1756
25907,27629,17171,27105,21029,26.1795
25977,28119,17401,27255,20884,26.1841
26089,28903,17769,27495,20652,26.1876
26145,29295,17953,27615,20536,26.1928
26201,29687,18137,27735,20420,26.1975
26215,29785,18183,27765,20391,26.2007
21102,24791,15680,25671,21442,26.2573
21928,26016,16366,26196,21435,26.2622
22518,26891,16856,26571,21430,26.268
22421,23287,15378,26412,22389,26.3305
22505,23875,15654,26592,22215,26.3382
22888,24439,15585,25200,24103,26.3523
20623,22466,21076,23566,23453,26.4055
20765,25103,17941,24623,24316,26.4461
20423,23689,20465,22554,23496,26.4793
20541,23864,20563,22629,23495,26.4836
20193,23010,20371,22171,23517,26.4953
20463,23157,20668,22165,23529,26.5038
21093,23500,21361,22151,23557,26.5229
21534,22031,20059,23205,24387,26.5268
21548,22129,20105,23235,24358,26.5301
21554,21590,19928,23053,24536,26.539
21568,21688,19974,23083,24507,26.5421
21644,21639,20027,23051,24540,26.5453
21686,21933,20165,23141,24453,26.5513
21762,21884,20218,23109,24486,26.5551
21776,21982,20264,23139,24457,26.5589
20757,25766,17732,23141,24405,26.5996
20875,25941,17830,23216,24404,26.6025
22138,24045,17344,23837,25467,26.6067
22264,24927,17758,24107,25206,26.6136
22278,25025,17804,24137,25177,26.6173
21709,22331,17832,27933,26024,26.6416
22110,22813,21282,21387,22978,26.6538
22101,22829,21284,21503,22961,26.6585
22321,20029,19930,23441,22210,26.7482
21033,22526,20952,24430,22102,26.8469
21123,22575,21051,24428,22106,26.852
20282,23286,19911,23336,23673,26.9014
21114,20861,19254,25492,22916,27.0139
21184,21351,19484,25642,22771,27.0181
21198,21449,19530,25672,22742,27.0232
21378,21547,19728,25668,22750,27.0332
21314,20518,19321,25336,23073,27.0407
21328,20616,19367,25366,23044,27.0448
21536,20910,19657,25422,22994,27.0619
21550,21008,19703,25452,22965,27.0661
21760,23169,16677,26214,23909,27.2527
21816,23561,16861,26334,23793,27.2576
21830,23659,16907,26364,23764,27.2612
22227,24321,16884,25002,25623,27.2935
20655,23338,18748,23757,22528,27.3161
21195,23632,19342,23745,22552,27.3239
21285,23681,19441,23743,22556,27.3292
23493,22463,19199,21329,22788,27.3921
23597,22610,19344,21357,22763,27.3959
20747,24171,21129,22106,24560,27.4429
20837,24220,21228,22104,24564,27.448
22202,22707,18247,23200,23668,27.4542
25529,21911,17983,23271,20948,27.5236
25945,22499,18563,23383,20848,27.5297
29377,27350,23348,24307,20023,27.5384
29481,27497,23493,24335,19998,27.542
30625,29114,25088,24643,19723,27.545
30729,29261,25233,24671,19698,27.5485
31145,29849,25813,24783,19598,27.5521
31249,29996,25958,24811,19573,27.5554
31977,31025,26973,25007,19398,27.5641
26454,23945,18908,22261,22475,27.6499
22449,20411,17524,23448,21467,27.7986
23593,22028,19119,23756,21192,27.8033
24997,29700,21489,25880,19274,27.9642
25537,29994,22083,25868,19298,27.9694
25627,30043,22182,25866,19302,27.9729
25987,30239,22578,25858,19318,27.977
26257,30386,22875,25852,19330,27.9841
27247,30925,23964,25830,19374,27.9928
27337,30974,24063,25828,19378,27.9971
27877,31268,24657,25816,19402,28.0013
27967,31317,24756,25814,19406,28.0053
28957,31856,25845,25792,19450,28.01
29047,31905,25944,25790,19454,28.0135
30397,32640,27429,25760,19514,28.0175
20615,23153,18129,24631,21157,28.0531
20705,23202,18228,24629,21161,28.0579
21605,23692,19218,24609,21201,28.0637
21695,23741,19317,24607,21205,28.0688
21034,24550,18375,23511,22780,28.0943
21858,21488,17495,25455,22230,28.1822
21480,21287,19591,25219,24158,28.3119
21570,21336,19690,25217,24162,28.3175
21042,25757,16565,24328,23488,28.3428
21160,25932,16663,24403,23487,28.3469
22513,25385,16290,23752,24436,28.4243
22969,23585,16594,24200,24419,28.5207
20496,25075,15453,25058,22107,28.5297
21995,23529,15163,25829,23168,28.6366
22009,23627,15209,25859,23139,28.64
22504,24975,15508,24707,24795,28.6911
22574,25465,15738,24857,24650,28.7051
22250,24169,19705,23137,22285,28.7436
29310,25775,22464,24886,19860,28.7539
30558,27539,24204,25222,19560,28.7635
31390,28715,25364,25446,19360,28.7691
31494,28862,25509,25474,19335,28.7732
32118,29744,26379,25642,19185,28.777
27219,23546,19184,23064,22112,28.8019
27323,23693,19329,23092,22087,28.8091
27922,30477,24141,26635,19007,28.8193
28642,30869,24933,26619,19039,28.8277
29182,31163,25527,26607,19063,28.8333
25921,24696,19143,26743,20706,28.8376
25935,24794,19189,26773,20677,28.8409
25977,25088,19327,26863,20590,28.8448
25991,25186,19373,26893,20561,28.8492
26425,28224,20799,27823,19662,28.8584
26439,28322,20845,27853,19633,28.8626
26305,26803,20208,27371,20101,28.8731
26557,28567,21036,27911,19579,28.8809
26507,27636,20675,27609,19873,28.8964
26633,28518,21089,27879,19612,28.9014
26647,28616,21135,27909,19583,28.9048
26695,28371,21096,27817,19674,28.9178
26737,28665,21234,27907,19587,28.9233
26813,28616,21287,27875,19620,28.9333
26679,27097,20650,27393,20088,28.9399
26693,27195,20696,27423,20059,28.9439
26895,28028,21163,27661,19831,28.9572
26909,28126,21209,27691,19802,28.9612
26887,27391,20940,27449,20038,28.9651
26901,27489,20986,27479,20009,28.9689
21048,22684,18008,25519,20773,29.1018
21756,23734,18596,25969,20767,29.1074
21874,23909,18694,26044,20766,29.1129
21994,26661,16877,23684,22909,29.191
22112,26836,16975,23759,22908,29.1951
25879,27433,17079,27045,21087,29.3216
25991,28217,17447,27285,20855,29.329
26075,28805,17723,27465,20681,29.333
26187,29589,18091,27705,20449,29.3415
26229,29883,18229,27795,20362,29.3467
20866,24441,15484,25521,21444,29.3877
21456,25316,15974,25896,21439,29.3923
21574,25491,16072,25971,21438,29.3969
23108,27766,17346,26946,21425,29.4023
22435,23385,15424,26442,22360,29.4844
22533,24071,15746,26652,22157,29.4894
22547,24169,15792,26682,22128,29.4946
22874,24341,15539,25170,24132,29.5035
22944,24831,15769,25320,23987,29.521
20713,22515,21175,23564,23457,29.5578
20647,24928,17843,24548,24317,29.5976
22028,23207,17455,25244,25379,29.6033
22042,23305,17501,25274,25350,29.6077
20305,23514,20367,22479,23497,29.6353
21520,21933,20013,23175,24416,29.6775
21540,21492,19882,23023,24565,29.6888
21596,21884,20066,23143,24449,29.6934
21610,21982,20112,23173,24420,29.6971
21630,21541,19981,23021,24569,29.7012
21748,21786,20172,23079,24515,29.7114
20639,25591,17634,23066,24406,29.7432
22250,24829,17712,24077,25235,29.7522
30182,31369,28701,22554,21259,29.7657
22074,22877,21290,21851,22910,29.773
22065,22893,21292,21967,22893,29.7772
19767,22169,19464,24691,22027,29.9683
19885,22344,19562,24766,22026,29.9724
20943,22477,20853,24432,22098,29.9859
21213,22624,21150,24426,22110,29.9959
21058,20469,19070,25372,23032,30.1898
21072,20567,19116,25402,23003,30.1935
21170,21253,19438,25612,22800,30.1988
21210,20371,19176,25308,23098,30.2156
21300,20420,19275,25306,23102,30.2195
21342,20714,19413,25396,23015,30.2249
21356,20812,19459,25426,22986,30.23
21446,20861,19558,25424,22990,30.2386
21460,20959,19604,25454,22961,30.2429
21522,20812,19611,25392,23023,30.2467
21592,21302,19841,25542,22878,30.2549
21802,23463,16815,26304,23822,30.3921
21872,23953,17045,26454,23677,30.3975
21886,24051,17091,26484,23648,30.4022
20565,23289,18649,23759,22524,30.4416
20925,23485,19045,23751,22540,30.4511
21015,23534,19144,23749,22544,30.4571
23389,22316,19054,21301,22813,30.5285
22221,21233,20128,20931,24854,30.5531
21845,24764,19825,22326,22664,30.559
21935,24813,19924,22324,22668,30.5635
20297,23926,20634,22116,24540,30.5696
20387,23975,20733,22114,24544,30.5758
20927,24269,21327,22102,24568,30.5824
21017,24318,21426,22100,24572,30.5881
22328,23589,18661,23470,23407,30.593
22342,23687,18707,23500,23378,30.598
21810,22408,20297,22934,25625,30.6706
21900,22457,20396,22932,25629,30.6763
26049,22646,18708,23411,20823,30.6938
29169,27056,23058,24251,20073,30.705
29585,27644,23638,24363,19973,30.7107
30521,28967,24943,24615,19748,30.7142
26246,23651,18618,22205,22525,30.7927
26350,23798,18763,22233,22500,30.7987
22969,21146,18249,23588,21342,30.9256
23073,21293,18394,23616,21317,30.9303
21801,20063,19323,23218,23383,30.9764
24907,29651,21390,25882,19270,31.0775
25447,29945,21984,25870,19294,31.0825
25717,30092,22281,25864,19306,31.0874
27157,30876,23865,25832,19370,31.0971
27787,31219,24558,25818,19398,31.1046
28057,31366,24855,25812,19410,31.1101
28147,31415,24954,25810,19414,31.1144
28867,31807,25746,25794,19446,31.1202
29677,32248,26637,25776,19482,31.1251
29767,32297,26736,25774,19486,31.1302
30127,32493,27132,25766,19502,31.1358
20755,23783,18124,25016,21132,31.1749
20873,23958,18222,25091,21131,31.1785
20345,23006,17832,24637,21145,31.1834
20435,23055,17931,24635,21149,31.1892
20795,23251,18327,24627,21165,31.1963
20885,23300,18426,24625,21169,31.2021
21245,23496,18822,24617,21185,31.2085
21335,23545,18921,24615,21189,31.2138
19607,22609,19532,24409,23057,31.2279
19697,22658,19631,24407,23061,31.2325
20944,24501,18276,23513,22776,31.2557
21948,21537,17594,25453,22234,31.3676
22038,21586,17693,25451,22238,31.3734
21390,21238,19492,25221,24154,31.5061
20924,25582,16467,24253,23489,31.5383
22403,24547,16401,25159,24348,31.5441
20614,25250,15551,25133,22106,31.7447
22023,23725,15255,25889,23110,31.899
22037,23823,15301,25919,23081,31.9042
22602,25661,15830,24917,24592,31.9797
22160,24120,19606,23139,22281,32.0272
29206,25628,22319,24858,19885,32.0359
30454,27392,24059,25194,19585,32.0416
31286,28568,25219,25418,19385,32.0475
26898,23121,18751,23096,22170,32.0643
26889,23137,18753,23212,22153,32.069
27382,30183,23547,26647,18983,32.0958
27472,30232,23646,26645,18987,32.1005
28732,30918,25032,26617,19043,32.1056
28822,30967,25131,26615,19047,32.1105
29542,31359,25923,26599,19079,32.1152
26257,27048,20247,27463,20010,32.1379
26271,27146,20293,27493,19981,32.1419
26453,28420,20891,27883,19604,32.1474
26053,25039,19380,26831,20623,32.1518
26333,26999,20300,27431,20043,32.1587
26347,27097,20346,27461,20014,32.1628
26543,28469,20990,27881,19608,32.1669
26087,24696,19295,26709,20743,32.1734
26493,27538,20629,27579,19902,32.1783
26605,28322,20997,27819,19670,32.1833
26619,28420,21043,27849,19641,32.187
26513,27097,20498,27427,20051,32.1945
26687,27734,20873,27605,19881,32.2092
26701,27832,20919,27635,19852,32.2133
26819,28077,21110,27693,19798,32.2234
26825,27538,20933,27511,19976,32.2408
26839,27636,20979,27541,19947,32.2449
26951,28420,21347,27781,19715,32.2495
26965,28518,21393,27811,19686,32.2536
26915,27587,21032,27509,19980,32.2648
26929,27685,21078,27539,19951,32.2697
23618,23694,20024,22481,21705,32.3486
23610,21327,18002,23217,22739,32.3633
23601,21343,18004,23333,22722,32.3674
21638,23559,18498,25894,20768,32.4196
22228,24434,18988,26269,20763,32.4247
21412,25123,16596,24791,22825,32.4962
21876,26486,16779,23609,22910,32.5018
22348,27186,17171,23909,22906,32.5073
27065,25699,15798,23588,22945,32.5156
27056,25715,15800,23704,22928,32.5194
24714,27967,16721,23174,22693,32.5414
24705,27983,16723,23290,22676,32.546
23994,24183,15337,23649,23481,32.5961
23985,24199,15339,23765,23464,32.5999
26005,28315,17493,27315,20826,32.6822
26047,28609,17631,27405,20739,32.6884
26243,29981,18275,27825,20333,32.6963
20984,24616,15582,25596,21443,32.7295
21810,25841,16268,26121,21436,32.7346
22519,23973,15700,26622,22186,32.8127
22070,23501,17593,25334,25292,32.9256
20187,23339,20269,22404,23498,32.9394
20659,24039,20661,22704,23494,32.9445
21450,21443,19783,23025,24561,32.9524
21590,22423,20243,23325,24271,32.958
21582,21786,20020,23113,24478,32.9664
21700,22031,20211,23171,24424,32.9771
21734,21688,20126,23049,24544,32.9858
22092,22845,21286,21619,22944,33.0246
22083,22861,21288,21735,22927,33.0306
19531,21819,19268,24541,22029,33.2201
20093,23204,19715,23456,23648,33.268
20084,23220,19717,23572,23631,33.2737
21030,20273,18978,25312,23090,33.482
21100,20763,19208,25462,22945,33.4871
21212,21547,19576,25702,22713,33.4965
21336,21253,19590,25578,22837,33.5106
21350,21351,19636,25608,22808,33.5149
21370,20910,19505,25456,22957,33.5233
21426,21302,19689,25576,22841,33.5295
21440,21400,19735,25606,22812,33.535
21418,20665,19466,25364,23048,33.5397
21432,20763,19512,25394,23019,33.5445
21474,21057,19650,25484,22932,33.5498
21488,21155,19696,25514,22903,33.555
21508,20714,19565,25362,23052,33.5599
21570,20567,19572,25300,23114,33.566
21584,20665,19618,25330,23085,33.5716
21581,22013,19461,24280,24630,33.5888
23159,23988,16574,23900,24916,33.6098
21844,23757,16953,26394,23735,33.6948
21900,24149,17137,26514,23619,33.7009
21105,23583,19243,23747,22548,33.7634
22162,22359,18588,24757,23435,33.7795
22176,22457,18634,24787,23406,33.7844
23285,22169,18909,21273,22838,33.8372
21665,24666,19627,22330,22656,33.8653
21755,24715,19726,22328,22660,33.8706
22025,24862,20023,22322,22672,33.8816
20207,23877,20535,22118,24536,33.8882
20477,24024,20832,22112,24548,33.9035
21287,24465,21723,22094,24584,33.9189
21377,24514,21822,22092,24588,33.9253
22230,22903,18339,23260,23610,33.9309
22244,23001,18385,23290,23581,33.9356
22472,22854,18544,23194,23680,33.9613
22486,22952,18590,23224,23651,33.9662
22590,23099,18735,23252,23626,33.9715
22604,23197,18781,23282,23597,33.9759
21720,22359,20198,22936,25621,34.0344
26153,22793,18853,23439,20798,34.0512
29273,27203,23203,24279,20048,34.0613
30209,28526,24508,24531,19823,34.0674
26038,23357,18328,22149,22575,34.1179
26766,24386,19343,22345,22400,34.1348
26870,24533,19488,22373,22375,34.1413
22761,20852,17959,23532,21392,34.2949
23281,21587,18684,23672,21267,34.3002
23385,21734,18829,23700,21242,34.3052
23166,22151,18159,22382,23044,34.3377
24637,29504,21093,25888,19258,34.4259
25357,29896,21885,25872,19290,34.4334
26977,30778,23667,25836,19362,34.4412
27067,30827,23766,25834,19366,34.4459
27607,31121,24360,25822,19390,34.4514
27697,31170,24459,25820,19394,34.4568
28237,31464,25053,25808,19418,34.4646
28327,31513,25152,25806,19422,34.4702
29587,32199,26538,25778,19478,34.4783
29857,32346,26835,25772,19490,34.4843
30217,32542,27231,25764,19506,34.4915
20519,23433,17928,24866,21134,34.5392
20637,23608,18026,24941,21133,34.5435
20525,23104,18030,24633,21153,34.5659
20975,23349,18525,24623,21173,34.5869
21425,23594,19020,24613,21193,34.6118
21965,23888,19614,24601,21217,34.6191
22055,23937,19713,24599,21221,34.6259
20327,23001,20324,24393,23089,34.6431
20417,23050,20423,24391,23093,34.6489
22128,21635,17792,25449,22242,34.8263
21300,21189,19393,25223,24150,34.9737
22333,23277,17925,24455,23737,35.0011
22333,24057,16171,25009,24493,35.0193
22347,24155,16217,25039,24464,35.0243
22242,24961,17607,23782,26490,35.0575
24335,28617,16692,22827,23339,35.075
23588,24881,15314,23650,24076,35.1129
23579,24897,15316,23766,24059,35.1172
20850,25600,15747,25283,22104,35.2659
20815,26474,15716,24789,23599,35.2723
20806,26490,15718,24905,23582,35.2764
22079,24117,15439,26009,22994,35.4891
22588,25563,15784,24887,24621,35.5433
30350,27245,23914,25166,19610,35.5929
27022,29987,23151,26655,18967,35.6327
27832,30428,24042,26637,19003,35.6382
28912,31016,25230,26613,19051,35.6467
29272,31212,25626,26605,19067,35.6536
29362,31261,25725,26603,19071,35.6595
26243,26950,20201,27433,20039,35.6754
26285,27244,20339,27523,19952,35.6811
26299,27342,20385,27553,19923,35.6861
26467,28518,20937,27913,19575,35.6907
26319,26901,20254,27401,20072,35.7081
26361,27195,20392,27491,19985,35.7128
26375,27293,20438,27521,19956,35.7171
26591,28224,20951,27789,19699,35.7327
26639,27979,20912,27697,19790,35.7399
26653,28077,20958,27727,19761,35.7441
26589,27048,20551,27395,20084,35.7493
26645,27440,20735,27515,19968,35.7538
26659,27538,20781,27545,19939,35.7585
26729,28028,21011,27695,19794,35.7633
26743,28126,21057,27725,19765,35.768
26721,27391,20788,27483,20001,35.7759
26735,27489,20834,27513,19972,35.7802
26903,28665,21386,27873,19624,35.7852
26867,27832,21071,27601,19889,35.8006
26881,27930,21117,27631,19860,35.8061
26923,28224,21255,27721,19773,35.8111
26937,28322,21301,27751,19744,35.8162
26873,27293,20894,27419,20067,35.8232
27027,28371,21400,27749,19748,35.8292
27041,28469,21446,27779,19719,35.8341
21992,24084,18792,26119,20765,35.9078
22110,24259,18890,26194,20764,35.9139
22582,24959,19282,26494,20760,35.9206
21640,26136,16583,23459,22912,35.9993
21758,26311,16681,23534,22911,36.0059
22230,27011,17073,23834,22907,36.0119
27092,25651,15792,23240,22996,36.0259
27244,25890,15908,23285,22984,36.0399
27521,26416,16146,23723,22909,36.0516
24732,27935,16717,22942,22727,36.0735
24723,27951,16719,23058,22710,36.0795
23860,23912,15217,23372,23527,36.0929
23851,23928,15219,23488,23510,36.097
24003,24167,15335,23533,23498,36.1447
23976,24215,15341,23881,23447,36.15
24164,24390,15449,23462,23503,36.1696
24289,24677,15571,23855,23440,36.1836
26061,28707,17677,27435,20710,36.2008
21692,25666,16170,26046,21437,36.2118
23226,27941,17444,27021,21424,36.2188
23344,28116,17542,27096,21423,36.2246
21375,25887,15829,24399,23071,36.233
21466,21487,20308,24702,24212,36.348
21480,21585,20354,24732,24183,36.3533
21520,20703,20092,24428,24481,36.364
21534,20801,20138,24458,24452,36.3706
22056,23403,17547,25304,25321,36.4003
20069,23164,20171,22329,23499,36.4119
21492,21737,19921,23115,24474,36.4179
21506,21835,19967,23145,24445,36.4231
21624,22080,20158,23203,24391,36.4354
21638,22178,20204,23233,24362,36.4407
21720,21590,20080,23019,24573,36.4477
21790,22080,20310,23169,24428,36.4551
22405,20903,19697,22323,23920,36.6117
19649,21994,19366,24616,22028,36.7299
20003,22519,19660,24841,22025,36.7374
20040,23265,19613,23419,23656,36.7476
21044,20371,19024,25342,23061,36.9203
21086,20665,19162,25432,22974,36.9281
21162,20616,19215,25400,23007,36.9427
21176,20714,19261,25430,22978,36.9492
21308,21057,19498,25518,22895,36.9542
21322,21155,19544,25548,22866,36.9595
21364,21449,19682,25638,22779,36.9651
21412,21204,19643,25546,22870,36.9741
21390,20469,19374,25304,23106,36.9902
21544,21547,19880,25634,22787,37
21494,20616,19519,25332,23081,37.0067
21553,21817,19369,24220,24688,37.0198
21567,21915,19415,24250,24659,37.0268
23204,23908,16564,23320,25001,37.0557
23195,23924,16566,23436,24984,37.0599
20455,24771,17025,25503,22933,37.1259
21858,23855,16999,26424,23706,37.1588
22148,22261,18542,24727,23464,37.2138
23181,22022,18764,21245,22863,37.2848
21305,24470,19231,22338,22640,37.3042
21395,24519,19330,22336,22644,37.3099
20567,24073,20931,22110,24552,37.3519
21107,24367,21525,22098,24576,37.3639
21647,24661,22119,22086,24600,37.3716
21737,24710,22218,22084,24604,37.3788
22216,22805,18293,23230,23639,37.3849
22300,23393,18569,23410,23465,37.3917
22314,23491,18615,23440,23436,37.3971
22562,22903,18643,23192,23684,37.4363
21630,22310,20099,22938,25617,37.4628
29689,27791,23783,24391,19948,37.4967
26142,23504,18473,22177,22550,37.5355
26974,24680,19633,22401,22350,37.5626
22865,20999,18104,23560,21367,37.7331
23177,21440,18539,23644,21292,37.7401
23489,21881,18974,23728,21217,37.7464
23062,22004,18014,22354,23069,37.767
24727,29553,21192,25886,19262,37.8908
24817,29602,21291,25884,19266,37.8964
29317,32052,26241,25784,19466,37.9168
29407,32101,26340,25782,19470,37.9224
30307,32591,27330,25762,19510,37.9314
25992,28623,20827,26952,20099,37.9686
20283,23083,17732,24716,21136,38.0079
21515,23643,19119,24611,21197,38.0417
21785,23790,19416,24605,21209,38.0588
22235,24035,19911,24595,21229,38.0665
22325,24084,20010,24593,21233,38.0739
20057,22854,20027,24399,23077,38.0814
20147,22903,20126,24397,23081,38.0873
21210,21140,19294,25225,24146,38.4875
22319,23179,17879,24425,23766,38.5222
22319,23959,16125,24979,24522,38.546
22361,24253,16263,25069,24435,38.5525
22375,24351,16309,25099,24406,38.5584
26570,26046,15645,22732,23671,38.5792
26561,26062,15647,22848,23654,38.5851
24326,28633,16694,22943,23322,38.5921
23418,24674,15202,23837,24054,38.6047
23624,24817,15306,23186,24144,38.6885
23615,24833,15308,23302,24127,38.6931
23570,24913,15318,23882,24042,38.7005
20732,25425,15649,25208,22105,38.8566
20842,26426,15710,24441,23650,38.8635
20833,26442,15712,24557,23633,38.8681
20924,26665,15816,24980,23581,38.9126
22051,23921,15347,25949,23052,39.0858
22065,24019,15393,25979,23023,39.0922
27292,30134,23448,26649,18979,39.2159
27562,30281,23745,26643,18991,39.2235
29452,31310,25824,26601,19075,39.234
25907,24598,19097,26713,20735,39.241
26061,25676,19603,27043,20416,39.2462
26075,25774,19649,27073,20387,39.251
26355,27734,20569,27673,19807,39.2602
26369,27832,20615,27703,19778,39.2648
25997,24647,19196,26711,20739,39.2715
26011,24745,19242,26741,20710,39.2756
26101,24794,19341,26739,20714,39.2917
26577,28126,20905,27759,19728,39.2986
26597,27685,20774,27607,19877,39.3045
26611,27783,20820,27637,19848,39.3094
26681,28273,21050,27787,19703,39.314
26603,27146,20597,27425,20055,39.3203
26673,27636,20827,27575,19910,39.3287
26715,27930,20965,27665,19823,39.3355
26757,28224,21103,27755,19736,39.3424
26707,27293,20742,27453,20030,39.3535
26749,27587,20880,27543,19943,39.3588
26763,27685,20926,27573,19914,39.364
26889,28567,21340,27843,19653,39.3697
26853,27734,21025,27571,19918,39.3765
26859,27195,20848,27389,20096,39.3895
27013,28273,21354,27719,19777,39.3955
27055,28567,21492,27809,19690,39.4029
23922,21768,18437,23301,22664,39.4645
21557,24130,18353,24397,22400,39.4745
21648,25473,16792,24941,22823,39.5531
26913,25460,15682,23543,22957,39.5611
26904,25476,15684,23659,22940,39.5654
27074,25683,15796,23472,22962,39.5719
27217,25938,15914,23633,22933,39.5834
27396,26129,16024,23330,22972,39.5939
27387,26145,16026,23446,22955,39.5984
27548,26368,16140,23375,22960,39.605
23842,23944,15221,23604,23493,39.6382
24012,24151,15333,23417,23515,39.6586
24146,24422,15453,23694,23469,39.6667
24137,24438,15455,23810,23452,39.6726
24316,24629,15565,23507,23491,39.6785
24307,24645,15567,23623,23474,39.6843
21410,21095,20124,24582,24328,39.8006
21424,21193,20170,24612,24299,39.8059
19951,22989,20073,22254,23500,39.8748
21464,21541,19829,23055,24532,39.882
21478,21639,19875,23085,24503,39.8877
21824,21737,20225,23047,24548,39.9112
21838,21835,20271,23077,24519,39.9179
22038,22941,21298,22315,22842,39.9327
22143,20705,19419,22963,23868,40.0059
22134,20721,19421,23079,23851,40.0109
22301,20756,19552,22295,23945,40.0613
22292,20772,19554,22411,23928,40.0663
20239,22869,19856,24991,22023,40.2841
20066,23252,19721,23804,23597,40.3382
20057,23268,19723,23920,23580,40.3442
21134,20420,19123,25340,23065,40.488
21148,20518,19169,25370,23036,40.4937
21218,21008,19399,25520,22891,40.4994
21232,21106,19445,25550,22862,40.5058
21294,20959,19452,25488,22924,40.5107
21454,21498,19781,25636,22783,40.5229
21468,21596,19827,25666,22754,40.5305
21404,20567,19420,25334,23077,40.5376
21530,21449,19834,25604,22816,40.5434
21480,20518,19473,25302,23110,40.5502
21539,21719,19323,24190,24717,40.5623
23213,23892,16562,23204,25018,40.5936
23168,23972,16572,23784,24933,40.599
22092,21869,18358,24607,23580,40.7196
22106,21967,18404,24637,23551,40.7254
23077,21875,18619,21217,22888,40.7876
20765,24176,18637,22350,22616,40.7991
20855,24225,18736,22348,22620,40.8053
21575,24617,19528,22332,22652,40.8136
22475,25107,20518,22312,22692,40.8268
22565,25156,20617,22310,22696,40.8337
20657,24122,21030,22108,24556,40.8413
21197,24416,21624,22096,24580,40.8588
21467,24563,21921,22090,24592,40.8716
22258,23099,18431,23320,23552,40.8931
22576,23001,18689,23222,23655,40.9256
22618,23295,18827,23312,23568,40.9323
22632,23393,18873,23342,23539,40.938
30105,28379,24363,24503,19848,40.9954
22808,24173,19758,22258,21983,41.139
22799,24189,19760,22374,21966,41.1436
23184,24513,19726,21916,22269,41.2075
23175,24529,19728,22032,22252,41.2138
29227,32003,26142,25786,19462,41.3903
29497,32150,26439,25780,19474,41.3979
25632,28427,20431,26960,20083,41.4062
25646,28525,20477,26990,20054,41.4108
25826,28623,20675,26986,20062,41.422
20401,23258,17830,24791,21135,41.4965
21875,23839,19515,24603,21213,41.5232
22145,23986,19812,24597,21225,41.542
19877,22756,19829,24403,23069,41.5501
19967,22805,19928,24401,23073,41.5572
20237,22952,20225,24395,23085,41.5707
20687,23197,20720,24385,23105,41.5794
20792,24529,18077,23594,22763,41.593
21942,22076,17771,25635,22056,41.815
21956,22174,17817,25665,22027,41.8199
22288,22174,18121,25597,22101,41.85
22302,22272,18167,25627,22072,41.8571
22305,23081,17833,24395,23795,42.0191
22389,24449,16355,25129,24377,42.0599
26534,26110,15653,23196,23603,42.0701
24317,28649,16696,23059,23305,42.0772
23490,24546,15186,22909,24190,42.0956
23642,24785,15302,22954,24178,42.1648
23606,24849,15310,23418,24110,42.1714
23597,24865,15312,23534,24093,42.1776
23794,25024,15418,22999,24166,42.2049
23785,25040,15420,23115,24149,42.2096
20851,26410,15708,24325,23667,42.2478
20824,26458,15714,24673,23616,42.2543
20933,26649,15814,24864,23598,42.279
27202,30085,23349,26651,18975,42.4661
27742,30379,23943,26639,18999,42.4731
26047,25578,19557,27013,20445,42.4877
26313,27440,20431,27583,19894,42.4985
26411,28126,20753,27793,19691,42.503
26025,24843,19288,26771,20681,42.5115
26137,25627,19656,27011,20449,42.5162
26583,27587,20728,27577,19906,42.53
26625,27881,20866,27667,19819,42.5358
26667,28175,21004,27757,19732,42.5413
26799,28518,21241,27845,19649,42.5529
26777,27783,20972,27603,19885,42.5635
26875,28469,21294,27813,19682,42.5696
26943,27783,21124,27569,19922,42.5776
26957,27881,21170,27599,19893,42.5836
23818,21621,18292,23273,22689,42.6034
21530,25298,16694,24866,22824,42.6942
26922,25444,15680,23427,22974,42.7012
27083,25667,15794,23356,22979,42.7149
27235,25906,15910,23401,22967,42.726
27226,25922,15912,23517,22950,42.732
27530,26400,16144,23607,22926,42.7443
27682,26639,16260,23652,22914,42.7513
24155,24406,15451,23578,23486,42.7812
24298,24661,15569,23739,23457,42.797
21340,20605,19894,24432,24473,42.9221
21452,21389,20262,24672,24241,42.929
21810,21639,20179,23017,24577,42.9866
21852,21933,20317,23107,24490,42.9952
21900,21688,20278,23015,24581,43.0006
22056,22909,21294,22083,22876,43.0094
22152,20689,19417,22847,23885,43.0858
22256,20836,19562,22875,23860,43.1465
22247,20852,19564,22991,23843,43.153
20121,22694,19758,24916,22024,43.3005
20075,23236,19719,23688,23614,43.3786
20048,23284,19725,24036,23563,43.3861
20039,23300,19727,24152,23546,43.3927
21120,20322,19077,25310,23094,43.4955
21190,20812,19307,25460,22949,43.5057
21266,20763,19360,25428,22982,43.5192
21280,20861,19406,25458,22953,43.5249
21516,21351,19788,25574,22845,43.5416
23186,23940,16568,23552,24967,43.5919
23177,23956,16570,23668,24950,43.598
22120,22065,18450,24667,23522,43.7323
22134,22163,18496,24697,23493,43.7389
22232,22849,18818,24907,23290,43.7456
22196,22016,18503,24635,23555,43.7574
22210,22114,18549,24665,23526,43.7636
20675,24127,18538,22352,22612,43.8107
21035,24323,18934,22344,22628,43.8197
21125,24372,19033,22342,22632,43.8289
21485,24568,19429,22334,22648,43.8443
22385,25058,20419,22314,22688,43.8543
22655,25205,20716,22308,22700,43.8669
21557,24612,22020,22088,24596,43.9006
21827,24759,22317,22082,24608,43.9186
22286,23295,18523,23380,23494,43.9255
22396,22903,18491,23226,23647,43.9401
22410,23001,18537,23256,23618,43.9444
22570,23540,18866,23404,23477,43.9505
22652,22952,18742,23190,23688,43.9715
21824,22506,20343,22964,25596,44.0034
30934,32633,27165,22729,20366,44.0119
30925,32649,27167,22845,20349,44.018
29897,28085,24073,24447,19898,44.0461
30001,28232,24218,24475,19873,44.052
22817,24157,19756,22142,22000,44.2152
22996,24343,19742,22087,22126,44.2893
23310,22412,17700,23177,23344,44.3902
23301,22428,17702,23293,23327,44.3948
29137,31954,26043,25788,19458,44.4927
25660,28623,20523,27020,20025,44.5057
25674,28721,20569,27050,19996,44.5119
21345,24658,18614,25391,21127,44.5606
19787,22707,19730,24405,23065,44.587
20597,23148,20621,24387,23101,44.6207
21914,21880,17679,25575,22114,44.8899
21928,21978,17725,25605,22085,44.8943
22032,22125,17870,25633,22060,44.9055
22046,22223,17916,25663,22031,44.9116
22142,21733,17838,25479,22213,44.9273
22260,21978,18029,25537,22159,44.9329
22274,22076,18075,25567,22130,44.9383
22336,21929,18082,25505,22192,44.9556
21314,21287,19439,25253,24121,45.0311
21404,21336,19538,25251,24125,45.0383
21584,21434,19736,25247,24133,45.0629
22291,22983,17787,24365,23824,45.0747
26543,26094,15651,23080,23620,45.1038
23472,24578,15190,23141,24156,45.1128
23463,24594,15192,23257,24139,45.1199
23633,24801,15304,23070,24161,45.1849
23946,25263,15534,23044,24154,45.2172
23937,25279,15536,23160,24137,45.2244
20860,26394,15706,24209,23684,45.2523
20987,26553,15802,24168,23700,45.2736
20978,26569,15804,24284,23683,45.2788
22537,25285,15648,24913,24691,45.3964
21468,23854,18813,23232,22244,45.439
26690,22827,18461,23040,22220,45.4549
26681,22843,18463,23156,22203,45.4598
27002,23268,18896,23124,22145,45.4785
27112,30036,23250,26653,18971,45.4947
27652,30330,23844,26641,18995,45.5015
26341,27636,20523,27643,19836,45.5201
26383,27930,20661,27733,19749,45.5259
26397,28028,20707,27763,19720,45.5306
26039,24941,19334,26801,20652,45.5364
26569,27489,20682,27547,19935,45.5477
26785,28420,21195,27815,19678,45.5577
26805,27979,21064,27663,19827,45.5644
26861,28371,21248,27783,19711,45.5715
26999,28175,21308,27689,19806,45.5785
23714,21474,18147,23245,22714,45.5909
23705,21490,18149,23361,22697,45.5954
26940,25412,15676,23195,23008,45.7099
27369,26177,16030,23678,22921,45.7319
27539,26384,16142,23491,22943,45.7427
23824,23976,15225,23836,23459,45.7683
21368,20801,19986,24492,24415,45.868
21382,20899,20032,24522,24386,45.8743
21438,21291,20216,24642,24270,45.8818
21556,21536,20407,24700,24216,45.8958
21570,21634,20453,24730,24187,45.903
21548,20899,20184,24488,24423,45.9104
21562,20997,20230,24518,24394,45.9167
21880,22129,20409,23167,24432,45.9339
22047,22925,21296,22199,22859,45.9479
22179,20641,19411,22499,23936,46.0157
22170,20657,19413,22615,23919,46.0208
22265,20820,19560,22759,23877,46.0603
22360,20983,19707,22903,23835,46.0805
22351,20999,19709,23019,23818,46.087
20021,23332,19731,24384,23512,46.2008
21204,20910,19353,25490,22920,46.3232
21252,20665,19314,25398,23011,46.3326
21502,21253,19742,25544,22874,46.3413
20565,25772,17086,24736,24478,46.3979
20556,25788,17088,24852,24461,46.405
20593,23415,18648,23836,22519,46.5212
20711,23590,18746,23911,22518,46.5291
22218,22751,18772,24877,23319,46.5397
22182,21918,18457,24605,23584,46.5466
22238,22310,18641,24725,23468,46.5546
22252,22408,18687,24755,23439,46.5614
22286,22065,18602,24633,23559,46.5676
22300,22163,18648,24663,23530,46.5743
20945,24274,18835,22346,22624,46.6259
21215,24421,19132,22340,22636,46.6459
22115,24911,20122,22320,22676,46.6709
21917,24808,22416,22080,24612,46.717
22272,23197,18477,23350,23523,46.7323
22390,23442,18668,23408,23469,46.7425
22382,22805,18445,23196,23676,46.7565
22438,23197,18629,23316,23560,46.7633
22452,23295,18675,23346,23531,46.7711
22514,23148,18682,23284,23593,46.7796
22528,23246,18728,23314,23564,46.7879
30889,32713,27175,23309,20281,46.8315
31077,32883,27159,23138,20424,46.8452
31068,32899,27161,23254,20407,46.8553
29793,27938,23928,24419,19923,46.8734
26531,24140,19059,22637,22399,46.9373
26522,24156,19061,22753,22382,46.9442
22844,24109,19750,21794,22051,47.0861
22835,24125,19752,21910,22034,47.0909
23005,24327,19740,21971,22143,47.1449
23328,22380,17696,22945,23378,47.3105
23319,22396,17698,23061,23361,47.3164
25722,28476,20530,26958,20087,47.4658
25736,28574,20576,26988,20058,47.4718
25812,28525,20629,26956,20091,47.483
21227,24483,18516,25316,21128,47.5203
20507,23099,20522,24389,23097,47.5394
21796,21635,17488,25517,22168,47.7991
21810,21733,17534,25547,22139,47.8066
21900,21782,17633,25545,22143,47.8129
22004,21929,17778,25573,22118,47.8277
22018,22027,17824,25603,22089,47.8349
22074,22419,18008,25723,21973,47.8421
22052,21684,17739,25481,22209,47.8553
22232,21782,17937,25477,22217,47.8726
22322,21831,18036,25475,22221,47.8935
21494,21385,19637,25249,24129,47.9577
26552,26078,15649,22964,23637,48.0207
23481,24562,15188,23025,24173,48.0276
23454,24610,15194,23373,24122,48.036
20878,26362,15702,23977,23718,48.0876
20869,26378,15704,24093,23701,48.0923
20996,26537,15800,24052,23717,48.1137
20942,26633,15812,24748,23615,48.1219
22551,25383,15694,24943,24662,48.2163
26033,25480,19511,26983,20474,48.308
26327,27538,20477,27613,19865,48.3166
26527,27195,20544,27457,20022,48.3298
26771,28322,21149,27785,19707,48.336
26791,27881,21018,27633,19856,48.3422
26971,27979,21216,27629,19864,48.3529
23809,21637,18294,23389,22672,48.3676
26931,25428,15678,23311,22991,48.483
27378,26161,16028,23562,22938,48.4955
27834,26878,16376,23697,22902,48.5054
23833,23960,15223,23720,23476,48.5149
21354,20703,19940,24462,24444,48.6136
21396,20997,20078,24552,24357,48.6226
21472,20948,20131,24520,24390,48.6331
21486,21046,20177,24550,24361,48.6396
21576,21095,20276,24548,24365,48.6495
21866,22031,20363,23137,24461,48.6571
22197,20609,19407,22267,23970,48.767
22161,20673,19415,22731,23902,48.7744
22283,20788,19556,22527,23911,48.79
22274,20804,19558,22643,23894,48.7982
22396,20919,19699,22439,23903,48.8171
22342,21015,19711,23135,23801,48.8258
19985,23187,19620,23690,23610,48.9132
19976,23203,19622,23806,23593,48.9204
20030,23316,19729,24268,23529,48.9657
21246,21204,19491,25580,22833,49.0614
21260,21302,19537,25610,22804,49.0665
21224,20469,19222,25338,23069,49.0731
20583,25740,17082,24504,24512,49.1222
20574,25756,17084,24620,24495,49.1307
22246,24533,16978,25178,25548,49.1922
21183,24290,19138,24211,22514,49.1981
21301,24465,19236,24286,22513,49.2052
22190,22555,18680,24817,23377,49.213
22204,22653,18726,24847,23348,49.2193
22224,22212,18595,24695,23497,49.2286
22294,22702,18825,24845,23352,49.2365
22308,22800,18871,24875,23323,49.2425
22272,21967,18556,24603,23588,49.25
22295,25009,20320,22316,22684,49.3272
22334,23050,18484,23288,23585,49.352
22348,23148,18530,23318,23556,49.3566
22424,23099,18583,23286,23589,49.3661
22500,23050,18636,23254,23622,49.3785
22542,23344,18774,23344,23535,49.3855
21644,22408,20145,22968,25588,49.4006
30907,32681,27171,23077,20315,49.422
30898,32697,27173,23193,20298,49.4288
31095,32851,27155,22906,20458,49.4365
26436,23977,18912,22493,22441,49.4927
26427,23993,18914,22609,22424,49.4982
26540,24124,19057,22521,22416,49.5149
26560,24114,18147,23061,22934,49.5834
22862,24077,19746,21562,22085,49.67
22853,24093,19748,21678,22068,49.6777
22826,24141,19754,22026,22017,49.6861
22790,24205,19762,22490,21949,49.6945
23014,24311,19738,21855,22160,49.7297
23345,24731,19716,22093,22361,49.754
23488,24981,19710,22502,22419,49.7606
23658,25183,19698,22563,22528,49.7714
21109,24308,18418,25241,21129,50.0698
21782,21537,17442,25487,22197,50.45
21872,21586,17541,25485,22201,50.4643
21970,22272,17863,25695,21998,50.473
21990,21831,17732,25543,22147,50.4805
22060,22321,17962,25693,22002,50.4909
22164,22468,18107,25721,21977,50.5002
22156,21831,17884,25509,22184,50.5134
22170,21929,17930,25539,22155,50.5222
22246,21880,17983,25507,22188,50.5303
21224,21238,19340,25255,24117,50.5926
23436,24642,15198,23605,24088,50.6741
23427,24658,15200,23721,24071,50.681
23731,25136,15432,23811,24047,50.7003
20951,26617,15810,24632,23632,50.7189
22495,24991,15510,24823,24778,50.7376
22509,25089,15556,24853,24749,50.7432
22058,24729,19303,23607,22239,50.7709
22176,24904,19401,23682,22238,50.7782
26541,27293,20590,27487,19993,50.829
26985,28077,21262,27659,19835,50.8388
21520,24020,18356,24436,22388,50.8946
21230,25760,15737,24672,23021,50.9632
21221,25776,15739,24788,23004,50.9705
22865,24357,15541,25286,24115,51.0391
22856,24373,15543,25402,24098,51.0454
22879,24455,15587,25316,24086,51.0541
22893,24553,15633,25346,24057,51.0597
22907,24651,15679,25376,24028,51.0705
21444,20752,20039,24460,24448,51.1098
21458,20850,20085,24490,24419,51.1164
21528,21340,20315,24640,24274,51.1246
21542,21438,20361,24670,24245,51.1321
21590,21193,20322,24578,24336,51.1395
22030,20574,19276,23051,23876,51.1558
22021,20590,19278,23167,23859,51.1616
22188,20625,19409,22383,23953,51.215
22369,20967,19705,22787,23852,51.2339
20003,23155,19616,23458,23644,51.3232
19994,23171,19618,23574,23627,51.3308
19940,23267,19630,24270,23525,51.339
19931,23283,19632,24386,23508,51.3462
20183,23253,19814,23454,23652,51.3948
20174,23269,19816,23570,23635,51.4026
21238,20567,19268,25368,23040,51.4871
20592,25724,17080,24388,24529,51.5368
20547,25804,17090,24968,24444,51.5474
22209,24353,16888,25234,25589,51.601
20947,23940,18942,24061,22516,51.622
21065,24115,19040,24136,22515,51.6308
22280,22604,18779,24815,23381,51.6446
22342,22457,18786,24753,23443,51.66
21293,25128,19027,22804,22602,51.6768
21411,25303,19125,22879,22601,51.6816
22205,24960,20221,22318,22680,51.7093
22306,22854,18392,23228,23643,51.7171
22320,22952,18438,23258,23614,51.7216
22362,23246,18576,23348,23527,51.7289
22466,23393,18721,23376,23502,51.7377
22480,23491,18767,23406,23473,51.7448
22556,23442,18820,23374,23506,51.7534
21554,22359,20046,22970,25584,51.7629
21734,22457,20244,22966,25592,51.7732
30916,32665,27169,22961,20332,51.7873
31086,32867,27157,23022,20441,51.7972
25898,23274,18191,22585,22532,51.8048
25889,23290,18193,22701,22515,51.8106
26445,23961,18910,22377,22458,51.877
26418,24009,18916,22725,22407,51.8843
26549,24108,19055,22405,22433,51.8922
26513,24172,19063,22869,22365,51.9003
26220,23710,18171,22939,22716,51.9646
26569,24098,18145,22945,22951,51.9772
23023,24295,19736,21739,22177,52.0939
23157,24561,19732,22264,22218,52.1052
23318,24779,19722,22441,22310,52.114
23497,24965,19708,22386,22436,52.1273
23667,25167,19696,22447,22545,52.135
22791,21822,17738,23110,23000,52.1434
22782,21838,17740,23226,22983,52.1489
25916,28672,20774,26984,20066,52.4527
26082,28672,20926,26950,20103,52.4611
20991,24133,18320,25166,21130,52.4785
21886,21684,17587,25515,22172,52.9014
21998,22468,17955,25755,21940,52.9105
21962,21635,17640,25483,22205,52.9221
21976,21733,17686,25513,22176,52.9296
22150,22370,18061,25691,22006,52.9392
22184,22027,17976,25569,22126,52.95
22198,22125,18022,25599,22097,52.9589
22330,22468,18259,25687,22014,52.9684
23445,24626,15196,23489,24105,53.0738
23776,25056,15422,23231,24132,53.0843
20960,26601,15808,24516,23649,53.0911
22481,24893,15464,24793,24807,53.1
22523,25187,15602,24883,24720,53.1298
22565,25481,15740,24973,24633,53.1486
21940,24554,19205,23532,22240,53.1699
26794,22974,18606,23068,22195,53.1893
26785,22990,18608,23184,22178,53.1947
26993,23284,18898,23240,22128,53.2019
27106,23415,19041,23152,22120,53.2146
26555,27391,20636,27517,19964,53.2327
21548,24146,18355,24513,22383,53.2622
21511,24036,18358,24552,22371,53.2848
21239,25744,15735,24556,23038,53.3625
21430,20654,19993,24430,24477,53.4794
21500,21144,20223,24580,24332,53.4903
22039,20558,19274,22935,23893,53.5015
22238,20868,19566,23107,23826,53.5321
22387,20935,19701,22555,23886,53.5407
19977,23377,19627,24231,23537,53.5991
19968,23393,19629,24347,23520,53.6064
19949,23251,19628,24154,23542,53.6244
21572,22029,19463,24396,24613,53.7602
20601,25708,17078,24272,24546,53.7825
20674,25963,17186,24927,24460,53.7942
22204,24239,16840,25088,25635,53.8027
22195,24255,16842,25204,25618,53.8109
22218,24337,16886,25118,25606,53.8325
22232,24435,16932,25148,25577,53.8403
20829,23765,18844,23986,22517,53.8538
22266,22506,18733,24785,23410,53.8631
22314,22261,18694,24693,23501,53.8715
20821,24428,18635,22504,22606,53.8853
20939,24603,18733,22579,22605,53.8917
22292,22756,18346,23198,23672,53.9289
22376,23344,18622,23378,23498,53.9376
25925,23226,18185,22237,22583,53.9719
25916,23242,18187,22353,22566,53.9788
25862,23338,18199,23049,22464,53.9865
25853,23354,18201,23165,22447,53.9929
26011,23405,18334,22497,22524,54.0005
26002,23421,18336,22613,22507,54.0072
26061,23648,18491,23221,22397,54.013
26219,23699,18624,22553,22474,54.0232
26210,23715,18626,22669,22457,54.0293
26287,23910,18777,23045,22381,54.0458
26730,24450,19351,22809,22332,54.084
26238,23678,18167,22707,22750,54.1488
26229,23694,18169,22823,22733,54.1563
23166,24545,19730,22148,22235,54.2374
23336,24747,19718,22209,22344,54.2463
23506,24949,19706,22270,22453,54.2542
22845,21726,17726,22414,23102,54.2653
22773,21854,17742,23342,22966,54.2707
23139,22199,18165,22730,22993,54.3481
23130,22215,18167,22846,22976,54.3544
25750,28672,20622,27018,20029,54.455
20629,24434,17989,24099,22679,54.486
20620,24450,17991,24215,22662,54.4942
20774,24561,18081,23826,22729,54.517
20765,24577,18083,23942,22712,54.5242
21130,25056,17955,24398,22989,54.8507
21121,25072,17957,24514,22972,54.8557
21894,22321,17810,25727,21965,55.0079
21908,22419,17856,25757,21936,55.015
21984,22370,17909,25725,21969,55.025
22108,22076,17923,25601,22093,55.0374
22122,22174,17969,25631,22064,55.0445
22316,22370,18213,25657,22043,55.064
21134,21189,19241,25257,24113,55.0957
23767,25072,15424,23347,24115,55.172
20969,26585,15806,24400,23666,55.1792
22472,24909,15466,24909,24790,55.1876
21586,24029,18911,23307,22243,55.2545
22294,25079,19499,23757,22237,55.2639
27314,23709,19331,23208,22070,55.284
21610,24069,18455,24434,22392,55.3309
21601,24085,18457,24550,22375,55.3381
21248,25728,15733,24440,23055,55.357
22851,24259,15495,25256,24144,55.3994
22870,24471,15589,25432,24069,55.4304
21514,21242,20269,24610,24303,55.4614
22093,20462,19262,22239,23995,55.4698
22378,20951,19703,22671,23869,55.4804
19859,23202,19529,24156,23538,55.4893
19850,23218,19531,24272,23521,55.4966
20013,23313,19619,23767,23605,55.5432
20004,23329,19621,23883,23588,55.5513
19967,23219,19624,23922,23576,55.5722
20156,23301,19820,23802,23601,55.607
20147,23317,19822,23918,23584,55.6148
21274,21400,19583,25640,22775,55.6897
22328,22359,18740,24723,23472,55.7901
20703,24253,18537,22429,22607,55.7978
21057,24778,18831,22654,22604,55.809
21765,25828,19419,23104,22598,55.8177
25907,23258,18189,22469,22549,55.8562
25871,23322,18197,22933,22481,55.8639
26020,23389,18332,22381,22541,55.8828
25966,23485,18344,23077,22439,55.8907
25957,23501,18346,23193,22422,55.8979
26070,23632,18489,23105,22414,55.9057
26228,23683,18622,22437,22491,55.9135
26305,23878,18773,22813,22415,55.9303
26296,23894,18775,22929,22398,55.936
26504,24188,19065,22985,22348,55.9545
26748,24418,19347,22577,22366,55.9654
26739,24434,19349,22693,22349,55.9704
26086,23444,18175,22414,22675,55.9971
26247,23662,18165,22591,22767,56.015
23327,24763,19720,22325,22327,56.0719
22836,21742,17728,22530,23085,56.0832
23157,22167,18161,22498,23027,56.1653
23489,22598,17686,23122,23470,56.242
23480,22614,17688,23238,23453,56.2474
25310,26173,19373,26270,20750,56.3223
25902,28574,20728,26954,20095,56.3349
20638,24418,17987,23983,22696,56.3488
20611,24466,17993,24331,22645,56.3591
20783,24545,18079,23710,22746,56.3782
20747,24609,18087,24174,22678,56.3873
20738,24625,18089,24290,22661,56.3955
20746,24435,18082,23749,22734,56.4386
20737,24451,18084,23865,22717,56.4462
21148,25024,17951,24166,23023,56.523
21880,22223,17764,25697,21994,56.5795
22080,21880,17831,25541,22151,56.5958
22094,21978,17877,25571,22122,56.6032
22136,22272,18015,25661,22035,56.6111
22310,23195,17881,24541,23749,56.6744
23740,25120,15430,23695,24064,56.7062
22486,25007,15512,24939,24761,56.7183
22500,25105,15558,24969,24732,56.7266
21704,24204,19009,23382,22242,56.764
21822,24379,19107,23457,22241,56.7725
21430,23971,18257,24438,22384,56.7967
21421,23987,18259,24554,22367,56.8042
21366,25903,15831,24515,23054,56.8535
21357,25919,15833,24631,23037,56.8617
22921,24749,15725,25406,23999,56.8864
19841,22151,20184,23661,23412,56.9015
19959,22326,20282,23736,23411,56.9105
22057,20526,19270,22703,23927,56.9211
22048,20542,19272,22819,23910,56.929
19904,23122,19519,23576,23623,56.9391
19895,23138,19521,23692,23606,56.9465
19841,23234,19533,24388,23504,56.956
20031,23281,19615,23535,23639,56.979
20022,23297,19617,23651,23622,56.9873
19995,23345,19623,23999,23571,56.9974
19958,23235,19626,24038,23559,57.0164
20165,23285,19818,23686,23618,57.0438
20683,25947,17184,24811,24477,57.1566
21175,24953,18929,22729,22603,57.1743
21529,25478,19223,22954,22600,57.1836
21647,25653,19321,23029,22599,57.1922
25880,23306,18195,22817,22498,57.2154
26029,23373,18330,22265,22558,57.2309
25993,23437,18338,22729,22490,57.2396
26106,23568,18481,22641,22482,57.2576
26097,23584,18483,22757,22465,57.2636
26237,23667,18620,22321,22508,57.2713
26314,23862,18771,22697,22432,57.2839
26409,24025,18918,22841,22390,57.2942
26495,24204,19067,23101,22331,57.3015
26644,24271,19202,22549,22391,57.3107
26635,24287,19204,22665,22374,57.3174
26757,24402,19345,22461,22383,57.3253
26861,24549,19490,22489,22358,57.3354
26965,24696,19635,22517,22333,57.3427
26059,23492,18181,22762,22624,57.3514
26399,23896,18157,22884,22842,57.3675
26390,23912,18159,23000,22825,57.3749
22827,21758,17730,22646,23068,57.3904
22818,21774,17732,22762,23051,57.3991
22886,21985,17885,23254,22958,57.4191
22877,22001,17887,23370,22941,57.4242
22999,22116,18028,23166,22950,57.4638
22990,22132,18030,23282,22933,57.4689
23148,22183,18163,22614,23010,57.514
23149,22194,17710,23000,23252,57.5495
23140,22210,17712,23116,23235,57.5549
23471,22630,17690,23354,23436,57.5619
23641,22832,17678,23415,23545,57.5753
20647,24402,17985,23867,22713,57.6156
20593,24498,17997,24563,22611,57.6254
20756,24593,18085,24058,22695,57.6551
20720,24657,18093,24522,22627,57.6646
20755,24419,18080,23633,22751,57.7147
20728,24467,18086,23981,22700,57.7241
20899,24581,18286,24093,22691,57.763
20890,24597,18288,24209,22674,57.7716
21139,25040,17953,24282,23006,57.8336
21824,21831,17580,25577,22110,57.8523
21922,22517,17902,25787,21907,57.861
22066,21782,17785,25511,22180,57.8694
22296,23097,17835,24511,23778,57.937
23758,25088,15426,23463,24098,57.9636
23749,25104,15428,23579,24081,57.9718
27210,23562,19186,23180,22095,57.9929
23913,21784,18439,23417,22647,58.0025
21212,25792,15741,24904,22987,58.047
21348,25935,15835,24747,23020,58.0577
21339,25951,15837,24863,23003,58.066
22842,24275,15497,25372,24127,58.0749
22935,24847,15771,25436,23970,58.0863
22066,20510,19268,22587,23944,58.106
19913,23106,19517,23460,23640,58.1169
19868,23186,19527,24040,23555,58.1261
19986,23361,19625,24115,23554,58.16
21288,21498,19629,25670,22746,58.2028
21507,21653,19281,24392,24712,58.21
21544,21833,19371,24336,24671,58.2346
21535,21849,19373,24452,24654,58.2418
25984,23453,18340,22845,22473,58.296
26133,23520,18475,22293,22533,58.3152
26079,23616,18487,22989,22431,58.3232
26201,23731,18628,22785,22440,58.3339
26192,23747,18630,22901,22423,58.3414
26332,23830,18767,22465,22466,58.3493
26323,23846,18769,22581,22449,58.3552
26653,24255,19200,22433,22408,58.3705
26626,24303,19206,22781,22357,58.378
26617,24319,19208,22897,22340,58.3854
26068,23476,18179,22646,22641,58.3985
26408,23880,18155,22768,22859,58.4099
22809,21790,17734,22878,23034,58.4233
22800,21806,17736,22994,23017,58.4318
22913,21937,17879,22906,23009,58.442
22904,21953,17881,23022,22992,58.4494
23044,22036,18018,22586,23035,58.4944
23035,22052,18020,22702,23018,58.5015
22981,22148,18032,23398,22916,58.5079
23094,22279,18175,23310,22908,58.5336
22997,21960,17718,22707,23177,58.5594
22988,21976,17720,22823,23160,58.5647
23167,22162,17706,22768,23286,58.5736
23650,22816,17676,23299,23562,58.5838
20656,24386,17983,23751,22730,58.5948
20602,24482,17995,24447,22628,58.6033
20729,24641,18091,24406,22644,58.6276
20701,24515,18092,24329,22649,58.6522
20692,24531,18094,24445,22632,58.6608
20935,24517,18278,23629,22759,58.7128
20926,24533,18280,23745,22742,58.7218
20960,24854,17967,24337,22880,58.7698
21838,21929,17626,25607,22081,58.7956
21852,22027,17672,25637,22052,58.8054
22338,23391,17973,24601,23691,58.8816
21691,24134,18556,24548,22379,58.91
20549,23201,20772,24111,23406,58.9482
22075,20494,19266,22471,23961,58.9588
19877,23170,19525,23924,23572,58.9701
20138,23333,19824,24034,23567,58.9955
20129,23349,19826,24150,23550,59.0048
21302,21596,19675,25700,22717,59.0134
21516,21637,19279,24276,24729,59.0216
21521,21751,19327,24422,24683,59.0309
21558,21931,19417,24366,24642,59.0441
22223,24451,16934,25264,25560,59.0566
25975,23469,18342,22961,22456,59.0675
26115,23552,18479,22525,22499,59.0781
26088,23600,18485,22873,22448,59.0875
26341,23814,18765,22349,22483,59.1073
26400,24041,18920,22957,22373,59.1169
26599,24351,19212,23129,22306,59.1292
26077,23460,18177,22530,22658,59.1382
22922,21921,17877,22790,23026,59.1524
22895,21969,17883,23138,22975,59.1607
23053,22020,18016,22470,23052,59.1767
23017,22084,18024,22934,22984,59.1848
23008,22100,18026,23050,22967,59.193
23121,22231,18169,22962,22959,59.2076
23006,21944,17716,22591,23194,59.2354
23158,22178,17708,22884,23269,59.25
20665,24370,17981,23635,22747,59.2639
20719,24483,18088,24097,22683,59.2778
20683,24547,18096,24561,22615,59.2868
20917,24549,18282,23861,22725,59.3238
20863,24645,18294,24557,22623,59.3328
20826,24588,17971,23812,22839,59.3547
20817,24604,17973,23928,22822,59.3615
20978,24822,17963,24105,22914,59.3683
20969,24838,17965,24221,22897,59.3736
21866,22125,17718,25667,22023,59.4027
22212,22223,18068,25629,22068,59.4131
22226,22321,18114,25659,22039,59.4217
22268,22901,17743,24451,23836,59.4418
22259,22917,17745,24567,23819,59.4482
22273,23015,17791,24597,23790,59.4707
22324,23293,17927,24571,23720,59.4862
21700,24118,18554,24432,22396,59.4978
21330,25967,15839,24979,22986,59.5212
20431,23026,20674,24036,23407,59.532
22084,20478,19264,22355,23978,59.5433
19886,23154,19523,23808,23589,59.5529
20111,23381,19830,24382,23516,59.566
21530,21735,19325,24306,24700,59.5789
26124,23536,18477,22409,22516,59.5969
26183,23763,18632,23017,22406,59.6081
26174,23779,18634,23133,22389,59.616
26391,24057,18922,23073,22356,59.6274
26608,24335,19210,23013,22323,59.6361
22949,21873,17871,22442,23077,59.6475
23026,22068,18022,22818,23001,59.6665
23112,22247,18171,23078,22942,59.6784
20710,24499,18090,24213,22666,59.7069
20908,24565,18284,23977,22708,59.7438
20872,24629,18292,24441,22640,59.754
20808,24620,17975,24044,22805,59.7662
20987,24806,17961,23989,22931,59.7731
22240,22419,18160,25689,22010,59.7914
22282,22999,17789,24481,23807,59.8125
20077,22501,20380,23811,23410,59.8453
20120,23365,19828,24266,23533,59.8585
21586,22127,19509,24426,24584,59.8704
22931,21905,17875,22674,23043,59.8927
23103,22263,18173,23194,22925,59.9117
22979,21992,17722,22939,23143,59.9292
20881,24613,18290,24325,22657,59.9706
20313,22851,20576,23961,23408,60.0133
22940,21889,17873,22558,23060,60.0281
20782,24580,18193,24443,22636,60.0537
20773,24596,18195,24559,22619,60.0616
21309,25242,17941,24343,23115,60.0838
20195,22676,20478,23886,23409,60.1045
20800,24548,18189,24211,22670,60.119
20791,24564,18191,24327,22653,60.1269
20799,24636,17977,24160,22788,60.1491
21300,25258,17943,24459,23098,60.1667
22287,23113,17837,24627,23761,60.1818
20836,24484,18181,23747,22738,60.1969
20827,24500,18183,23863,22721,60.2048
20845,24468,18179,23631,22755,60.2304
20818,24516,18185,23979,22704,60.2397
20809,24532,18187,24095,22687,60.2485
