obj0,obj1,obj2,cpu
35538,32184,44472,10.4236
34445,33595,42184,10.4324
35684,32555,44416,10.5231
34591,33966,42128,10.5315
40049,34608,36650,17.6161
40696,33430,38242,17.6235
44947,34516,37334,17.6297
40108,34303,38002,17.6463
40842,33801,38186,17.7798
44391,36062,35212,22.6944
35096,37340,40760,25.279
33163,36191,46555,25.3483
32070,37602,44267,25.3533
32483,39291,42931,25.3632
42302,31907,42824,25.4005
34858,35284,40848,25.4421
40462,36297,35314,25.5214
35857,33217,38910,25.5473
35604,34768,38582,25.5533
36270,34906,37574,25.5573
36017,36457,37246,25.5652
33309,36562,46499,25.6165
32216,37973,44211,25.6214
32629,39662,42875,25.6309
42448,32278,42768,25.6669
35004,35655,40792,25.7066
36003,33588,38854,25.809
35750,35139,38526,25.8147
36416,35277,37518,25.8185
36163,36828,37190,25.8263
32434,43654,42984,32.7419
33100,43792,41976,32.7518
32847,45343,41648,32.7548
32721,41347,42843,32.9613
32468,42898,42515,32.9636
33134,43036,41507,32.9737
32881,44587,41179,32.9762
46553,32993,41916,33.2364
33482,37224,40993,33.3552
33229,38775,40665,33.3573
33895,38913,39657,33.3673
33642,40464,39329,33.3699
37096,34961,36222,33.4616
41347,36047,35314,33.4905
33628,37595,40937,33.7364
33375,39146,40609,33.7383
34041,39284,39601,33.7478
33788,40835,39273,33.7504
37242,35332,36166,33.8397
45630,37806,32524,36.6029
49881,38892,31616,36.6071
45776,38177,32468,36.7214
50027,39263,31560,36.7252
35677,48114,36247,37.7409
38052,44107,34164,37.8289
35823,48485,36191,37.9149
38198,44478,34108,37.9997
34373,44780,38819,38.2762
34120,46331,38491,38.2803
41269,32037,44070,38.5202
46190,41886,30798,38.5674
35987,40623,36575,38.5695
36400,42312,35239,38.5752
43264,42150,31328,38.5796
34721,38968,38305,38.6139
34468,40519,37977,38.617
35134,40657,36969,38.631
34881,42208,36641,38.6347
41288,36352,33962,38.6899
45539,37438,33054,38.694
41701,38041,32626,38.6982
45952,39127,31718,38.7029
38362,36616,34492,38.7056
42613,37702,33584,38.7096
38775,38305,33156,38.7138
43026,39391,32248,38.7185
41935,35174,35554,38.7222
46186,36260,34646,38.7423
36843,36512,35894,38.7747
37509,36650,34886,38.7866
37256,38201,34558,38.7975
41415,32408,44014,38.9136
46336,42257,30742,38.9526
36133,40994,36519,38.9545
36546,42683,35183,38.9601
43410,42521,31272,38.9639
34867,39339,38249,38.997
34614,40890,37921,38.9999
35280,41028,36913,39.0137
35027,42579,36585,39.0173
41434,36723,33906,39.0632
41847,38412,32570,39.0703
46098,39498,31662,39.0749
38508,36987,34436,39.0778
38921,38676,33100,39.0857
43172,39762,32192,39.0903
42081,35545,35498,39.094
36989,36883,35838,39.1436
37655,37021,34830,39.1548
37402,38572,34502,39.1652
38041,44216,34260,40.1808
35527,32293,44568,40.2691
34434,33704,42280,40.2834
34847,35393,40944,40.2942
41678,42078,32807,40.3975
41690,38150,32722,40.4242
38764,38414,33252,40.4558
40685,33539,38338,40.4713
41924,35283,35650,40.4734
35846,33326,39006,40.4836
37085,35070,36318,40.49
35593,34877,38678,40.4973
36832,36621,35990,40.5033
36259,35015,37670,40.5107
37498,36759,34982,40.5192
36006,36566,37342,40.5283
37245,38310,34654,40.5364
35516,32402,44664,40.8719
34423,33813,42376,40.8925
34836,35502,41040,40.9078
41611,42110,32884,41.021
41679,38259,32818,41.0513
38753,38523,33348,41.0809
40674,33648,38434,41.0937
41913,35392,35746,41.0964
44880,34548,37411,41.0986
35835,33435,39102,41.1048
37074,35179,36414,41.114
35582,34986,38774,41.1242
36821,36730,36086,41.1306
36248,35124,37766,41.1378
37487,36868,35078,41.1493
35995,36675,37438,41.1618
37234,38419,34750,41.1727
40041,34335,38079,41.1842
41280,36079,35391,41.1927
35505,32511,44760,41.528
34412,33922,42472,41.5542
34825,35611,41136,41.5698
41544,42142,32961,41.678
41668,38368,32914,41.7101
38742,38632,33444,41.7361
40663,33757,38530,41.7483
41902,35501,35842,41.7513
44813,34580,37488,41.7539
35824,33544,39198,41.7614
37063,35288,36510,41.773
35571,35095,38870,41.787
36810,36839,36182,41.7942
36237,35233,37862,41.8008
37476,36977,35174,41.8079
35984,36784,37534,41.8248
37223,38528,34846,41.8342
35494,32620,44856,42.2105
34401,34031,42568,42.2557
34814,35720,41232,42.2902
41477,42174,33038,42.3936
41657,38477,33010,42.4384
38731,38741,33540,42.4722
35813,33653,39294,42.5175
37052,35397,36606,42.5389
35560,35204,38966,42.5633
36799,36948,36278,42.5757
36226,35342,37958,42.5907
37465,37086,35270,42.6051
35973,36893,37630,42.6355
37212,38637,34942,42.6519
33132,43775,42118,43.0868
32879,45326,41790,43.0884
33166,43019,41649,43.1052
32913,44570,41321,43.1091
34152,46314,38633,43.1128
32515,39274,43073,43.154
35483,32729,44952,43.1702
34390,34140,42664,43.2227
34803,35829,41328,43.2647
36432,42295,35381,43.2887
33927,38896,39799,43.3499
35166,40640,37111,43.3562
33674,40447,39471,43.3629
34913,42191,36783,43.369
41646,38586,33106,43.4387
38720,38850,33636,43.4771
35802,33762,39390,43.5231
37041,35506,36702,43.5561
35549,35313,39062,43.5932
36788,37057,36374,43.6104
36215,35451,38054,43.636
37454,37195,35366,43.6557
35962,37002,37726,43.6982
37201,38746,35038,43.7198
33198,43002,41791,44.2581
32945,44553,41463,44.2628
34184,46297,38775,44.2658
32547,39257,43215,44.3171
35472,32838,45048,44.3452
34379,34249,42760,44.4457
34890,35267,40990,44.4961
34792,35938,41424,44.5092
36464,42278,35523,44.5354
33959,38879,39941,44.5994
35198,40623,37253,44.6065
33706,40430,39613,44.6141
34945,42174,36925,44.6211
41733,38024,32768,44.6972
38807,38288,33298,44.7374
38709,38959,33732,44.75
35791,33871,39486,44.8136
37030,35615,36798,44.8736
35538,35422,39158,44.9359
36777,37166,36470,44.9632
36302,34889,37716,44.9798
36204,35560,38150,44.993
37541,36633,35028,45.0048
37443,37304,35462,45.0281
36049,36440,37388,45.0816
35951,37111,37822,45.0956
37288,38184,34700,45.1091
37190,38855,35134,45.1305
32977,44536,41605,45.8937
32579,39240,43357,45.937
35461,32947,45144,45.9757
34368,34358,42856,46.1208
34922,35250,41132,46.1781
34781,36047,41520,46.1941
33991,38862,40083,46.2752
33738,40413,39755,46.3059
41643,42093,33026,46.3646
41765,38007,32910,46.4047
38839,38271,33440,46.4453
38698,39068,33828,46.4588
35780,33980,39582,46.5284
37019,35724,36894,46.6254
35527,35531,39254,46.7178
36766,37275,36566,46.7465
36334,34872,37858,46.7644
36193,35669,38246,46.7786
37573,36616,35170,46.7892
37432,37413,35558,46.8248
36081,36423,37530,46.8937
35940,37220,37918,46.9074
37320,38167,34842,46.9176
37179,38964,35230,46.9515
33009,44519,41747,47.8397
32611,39223,43499,47.9073
35450,33056,45240,47.9586
34357,34467,42952,48.0982
34954,35233,41274,48.1475
34770,36156,41616,48.1644
34711,38953,38408,48.2382
34458,40504,38080,48.2599
34023,38845,40225,48.2746
33770,40396,39897,48.3091
38687,39177,33924,48.5219
35769,34089,39678,48.6128
37008,35833,36990,48.7625
35516,35640,39350,48.8988
36755,37384,36662,48.9186
36366,34855,38000,48.9304
36182,35778,38342,48.9486
37421,37522,35654,49.0241
36113,36406,37672,49.1368
35929,37329,38014,49.1533
37168,39073,35326,49.2089
35667,48099,36350,50.2487
34363,44765,38922,50.2917
33041,44502,41889,50.3059
34110,46316,38594,50.3106
34142,46299,38736,50.3158
32643,39206,43641,50.3957
35439,33165,45336,50.4549
34346,34576,43048,50.6143
34986,35216,41416,50.6718
34759,36265,41712,50.6902
34701,38938,38511,50.7774
34448,40489,38183,50.806
34055,38828,40367,50.8238
35124,40642,37072,50.8388
35156,40625,37214,50.8441
33802,40379,40039,50.8801
34871,42193,36744,50.8954
34903,42176,36886,50.9007
38676,39286,34020,51.151
35758,34198,39774,51.2564
37086,34946,36325,51.4186
37075,35055,36421,51.4407
36997,35942,37086,51.4992
35505,35749,39446,51.7085
36833,36497,35997,51.7163
36822,36606,36093,51.7238
36744,37493,36758,51.7383
36398,34838,38142,51.7569
36145,36389,37814,52.0455
35918,37438,38110,52.0639
37157,39182,35422,52.1418
38042,44092,34267,53.4167
34353,44750,39025,53.4468
33073,44485,42031,53.4612
34100,46301,38697,53.4642
34132,46284,38839,53.4696
34174,46282,38878,53.4711
32675,39189,43783,53.5341
35428,33274,45432,53.6024
34335,34685,43144,53.7894
35018,35199,41558,53.8527
34748,36374,41808,53.8779
34691,38923,38614,53.969
34438,40474,38286,54.0057
34087,38811,40509,54.0299
35114,40627,37175,54.0413
35146,40610,37317,54.0494
35188,40608,37356,54.0532
33834,40362,40181,54.0905
34861,42178,36847,54.1019
34893,42161,36989,54.1096
34935,42159,37028,54.1172
41668,42063,32910,54.2362
35747,34307,39870,54.5685
37076,34931,36428,54.7919
37065,35040,36524,54.8245
37064,35164,36517,54.8533
36986,36051,37182,54.9026
35494,35858,39542,55.1812
36823,36482,36100,55.1915
36812,36591,36196,55.2024
36811,36715,36189,55.2064
36733,37602,36854,55.2227
36430,34821,38284,55.2496
37499,36635,34989,55.2935
37531,36618,35131,55.2993
37488,36744,35085,55.3558
36177,36372,37956,55.6628
35907,37547,38206,55.6895
37246,38186,34661,55.7059
37278,38169,34803,55.7113
37235,38295,34757,55.7475
37146,39291,35518,55.8038
34090,46286,38800,57.4392
34122,46269,38942,57.4443
34164,46267,38981,57.4461
32707,39172,43925,57.5103
35417,33383,45528,57.5737
34324,34794,43240,57.7502
35050,35182,41700,57.8231
34737,36483,41904,57.8443
34681,38908,38717,57.9395
34428,40459,38389,57.9898
34119,38794,40651,58.0116
35104,40612,37278,58.0232
35136,40595,37420,58.039
35178,40593,37459,58.0438
33866,40345,40323,58.0861
34851,42163,36950,58.0983
34883,42146,37092,58.1138
34925,42144,37131,58.1263
41601,42095,32987,58.282
35736,34416,39966,58.6564
37066,34916,36531,58.9573
37055,35025,36627,59.0113
37054,35149,36620,59.0573
37053,35273,36613,59.0835
36975,36160,37278,59.1148
35483,35967,39638,59.4791
36813,36467,36203,59.4878
36802,36576,36299,59.5045
36801,36700,36292,59.5098
36800,36824,36285,59.5132
36722,37711,36950,59.5238
36462,34804,38426,59.5528
37489,36620,35092,59.588
37521,36603,35234,59.5963
37563,36601,35273,59.6043
37478,36729,35188,59.6926
37477,36853,35181,59.7572
36209,36355,38098,60.0808
35896,37656,38302,60.1045
37236,38171,34764,60.1193
37268,38154,34906,60.1282
37310,38152,34945,60.136
37225,38280,34860,60.1783
37224,38404,34853,60.2134
37135,39400,35614,60.2531
41337,36032,35417,60.3996
34080,46271,38903,62.0907
34112,46254,39045,62.0961
34154,46252,39084,62.0977
35406,33492,45624,62.2505
41350,32076,44044,62.3376
34313,34903,43336,62.4291
35082,35165,41842,62.491
34726,36592,42000,62.5088
34671,38893,38820,62.6068
34418,40444,38492,62.6696
35094,40597,37381,62.7126
35126,40580,37523,62.7316
35168,40578,37562,62.7337
34841,42148,37053,62.7929
34873,42131,37195,62.8182
34915,42129,37234,62.837
41591,42080,33090,63.0484
41534,42127,33064,63.0568
35725,34525,40062,63.4599
37056,34901,36634,63.8335
37045,35010,36730,63.9162
37044,35134,36723,63.9882
37043,35258,36716,64.0264
37042,35382,36709,64.046
35472,36076,39734,64.5733
36803,36452,36306,64.5859
36792,36561,36402,64.6017
36791,36685,36395,64.6092
36790,36809,36388,64.6114
36789,36933,36381,64.613
36494,34787,38568,64.6478
37479,36605,35195,64.6762
37511,36588,35337,64.6921
37553,36586,35376,64.7061
37468,36714,35291,64.8314
37467,36838,35284,64.9151
37466,36962,35277,64.9357
35885,37765,38398,65.3199
37226,38156,34867,65.3316
37258,38139,35009,65.3473
37300,38137,35048,65.3603
37215,38265,34963,65.4253
37214,38389,34956,65.4721
37213,38513,34949,65.4874
37124,39509,35710,65.5169
41496,32447,43988,65.8324
34070,46256,39006,67.7992
34102,46239,39148,67.8038
41431,32115,44018,68.0536
34302,35012,43432,68.1788
34715,36701,42096,68.2634
34661,38878,38923,68.3716
34408,40429,38595,68.4424
35084,40582,37484,68.4913
35116,40565,37626,68.5152
35158,40563,37665,68.518
34831,42133,37156,68.5891
34863,42116,37298,68.6305
34905,42114,37337,68.6509
35714,34634,40158,69.3299
37046,34886,36737,69.7568
37035,34995,36833,69.888
37034,35119,36826,70.0018
37033,35243,36819,70.0609
37032,35367,36812,70.0899
37031,35491,36805,70.0971
35461,36185,39830,70.8439
36793,36437,36409,70.8607
36782,36546,36505,70.8793
36781,36670,36498,70.8848
36780,36794,36491,70.8898
36779,36918,36484,70.8919
36778,37042,36477,70.8936
37469,36590,35298,70.9621
37501,36573,35440,70.9924
37543,36571,35479,71.0161
37458,36699,35394,71.1975
37457,36823,35387,71.3001
37456,36947,35380,71.3257
37455,37071,35373,71.3312
35874,37874,38494,71.7737
37216,38141,34970,71.7904
37248,38124,35112,71.8146
37290,38122,35151,71.8313
37205,38250,35066,71.9172
37204,38374,35059,71.9695
37203,38498,35052,71.9888
37202,38622,35045,71.9941
37113,39618,35806,72.0168
41577,32486,43962,72.3629
34060,46241,39109,74.7389
41512,32154,43992,75.007
34291,35121,43528,75.1883
34651,38863,39026,75.4041
34398,40414,38698,75.4826
35074,40567,37587,75.532
35106,40550,37729,75.5559
35148,40548,37768,75.5587
34821,42118,37259,75.6387
34853,42101,37401,75.6919
34895,42099,37440,75.7193
35703,34743,40254,76.498
37036,34871,36840,76.9718
37025,34980,36936,77.1814
37024,35104,36929,77.3493
37023,35228,36922,77.4392
37022,35352,36915,77.4761
37021,35476,36908,77.4919
37020,35600,36901,77.4941
35450,36294,39926,78.5454
36783,36422,36512,78.5655
36772,36531,36608,78.5852
36771,36655,36601,78.5923
36770,36779,36594,78.5971
36769,36903,36587,78.6022
36768,37027,36580,78.6044
36767,37151,36573,78.6061
37459,36575,35401,78.6973
37491,36558,35543,78.7447
37533,36556,35582,78.7728
37448,36684,35497,79.0029
37447,36808,35490,79.096
37446,36932,35483,79.1157
37445,37056,35476,79.1198
37444,37180,35469,79.1215
37206,38126,35073,79.6093
37238,38109,35215,79.6489
37280,38107,35254,79.6653
37195,38235,35169,79.7697
37194,38359,35162,79.8346
37193,38483,35155,79.8575
37192,38607,35148,79.8651
37191,38731,35141,79.87
41658,32525,43936,80.263
41593,32193,43966,83.4474
34280,35230,43624,83.6714
34641,38848,39129,83.894
34388,40399,38801,83.9805
35064,40552,37690,84.0348
35096,40535,37832,84.0656
35138,40533,37871,84.0685
34811,42103,37362,84.1541
34843,42086,37504,84.2255
34885,42084,37543,84.2518
37026,34856,36943,85.6503
37015,34965,37039,85.9477
37014,35089,37032,86.1613
37013,35213,37025,86.2723
37012,35337,37018,86.3203
37011,35461,37011,86.3383
37010,35585,37004,86.3423
37009,35709,36997,86.3441
35439,36403,40022,87.734
36773,36407,36615,87.7545
36762,36516,36711,87.7746
36761,36640,36704,87.783
36760,36764,36697,87.7892
36759,36888,36690,87.7939
36758,37012,36683,87.7989
36757,37136,36676,87.801
36756,37260,36669,87.8028
37449,36560,35504,87.8888
37481,36543,35646,87.9538
37523,36541,35685,87.9816
37438,36669,35600,88.2356
37437,36793,35593,88.3287
37436,36917,35586,88.3468
37435,37041,35579,88.3519
37434,37165,35572,88.3544
37433,37289,35565,88.3562
37196,38111,35176,88.8432
37228,38094,35318,88.8954
37270,38092,35357,88.9163
37185,38220,35272,89.0379
37184,38344,35265,89.1148
37183,38468,35258,89.1418
37182,38592,35251,89.1505
37181,38716,35244,89.1562
37180,38840,35237,89.1625
41739,32564,43910,89.6167
33219,39211,42506,92.9712
41674,32232,43940,93.2033
34269,35339,43720,93.4607
34631,38833,39232,93.684
34378,40384,38904,93.7723
35054,40537,37793,93.8311
35086,40520,37935,93.859
35128,40518,37974,93.8619
34801,42088,37465,93.9509
34833,42071,37607,94.0352
34875,42069,37646,94.059
37016,34841,37046,95.5165
37005,34950,37142,95.8848
37004,35074,37135,96.1407
37003,35198,37128,96.2653
37002,35322,37121,96.3235
37001,35446,37114,96.3402
37000,35570,37107,96.346
36999,35694,37100,96.3484
36998,35818,37093,96.3501
35428,36512,40118,98.0288
36763,36392,36718,98.0484
36752,36501,36814,98.0683
36751,36625,36807,98.0777
36750,36749,36800,98.0849
36749,36873,36793,98.0909
36748,36997,36786,98.0956
36747,37121,36779,98.1008
36746,37245,36772,98.1032
36745,37369,36765,98.1049
37439,36545,35607,98.1957
37471,36528,35749,98.2567
37513,36526,35788,98.2848
37428,36654,35703,98.545
37427,36778,35696,98.6393
37426,36902,35689,98.6611
37425,37026,35682,98.6655
37424,37150,35675,98.6708
37423,37274,35668,98.6732
37422,37398,35661,98.6749
37186,38096,35279,99.1654
37218,38079,35421,99.2282
37260,38077,35460,99.2461
37175,38205,35375,99.3864
37174,38329,35368,99.4705
37173,38453,35361,99.4998
37172,38577,35354,99.5093
37171,38701,35347,99.5178
37170,38825,35340,99.5233
37169,38949,35333,99.5285
41820,32603,43884,100.016
33209,39196,42609,103.686
41755,32271,43914,103.917
34258,35448,43816,104.205
34621,38818,39335,104.42
34368,40369,39007,104.503
35044,40522,37896,104.558
35076,40505,38038,104.586
35118,40503,38077,104.589
34791,42073,37568,104.684
34823,42056,37710,104.776
34865,42054,37749,104.8
37006,34826,37149,106.318
36995,34935,37245,106.752
36994,35059,37238,107.029
36993,35183,37231,107.163
36992,35307,37224,107.219
36991,35431,37217,107.238
36990,35555,37210,107.243
36989,35679,37203,107.249
36988,35803,37196,107.251
36987,35927,37189,107.253
35417,36621,40214,109.11
36753,36377,36821,109.131
36742,36486,36917,109.153
36741,36610,36910,109.163
36740,36734,36903,109.172
36739,36858,36896,109.179
36738,36982,36889,109.186
36737,37106,36882,109.19
36736,37230,36875,109.195
36735,37354,36868,109.197
36734,37478,36861,109.199
37429,36530,35710,109.293
37461,36513,35852,109.352
37503,36511,35891,109.386
37418,36639,35806,109.644
37176,38081,35382,110.287
37208,38064,35524,110.362
37250,38062,35563,110.38
37165,38190,35478,110.534
37164,38314,35471,110.623
37163,38438,35464,110.65
37162,38562,35457,110.659
37161,38686,35450,110.665
37160,38810,35443,110.672
37159,38934,35436,110.676
37158,39058,35429,110.679
41901,32642,43858,111.172
33199,39181,42712,114.959
41836,32310,43888,115.193
34247,35557,43912,115.488
34611,38803,39438,115.709
34358,40354,39110,115.793
35034,40507,37999,115.846
35066,40490,38141,115.874
35108,40488,38180,115.877
34781,42058,37671,115.966
34813,42041,37813,116.066
34855,42039,37852,116.092
36996,34811,37252,117.65
36985,34920,37348,118.126
36984,35044,37341,118.414
36983,35168,37334,118.552
36982,35292,37327,118.611
36981,35416,37320,118.631
36980,35540,37313,118.638
36979,35664,37306,118.643
36978,35788,37299,118.648
36977,35912,37292,118.65
36976,36036,37285,118.652
35406,36730,40310,120.665
36743,36362,36924,120.687
36732,36471,37020,120.706
36731,36595,37013,120.718
36730,36719,37006,120.729
36729,36843,36999,120.737
36728,36967,36992,120.745
36727,37091,36985,120.751
36726,37215,36978,120.756
36725,37339,36971,120.762
36724,37463,36964,120.764
36723,37587,36957,120.766
37419,36515,35813,120.855
37451,36498,35955,120.917
37493,36496,35994,120.947
37166,38066,35485,121.897
37198,38049,35627,121.973
37240,38047,35666,121.992
37155,38175,35581,122.15
37154,38299,35574,122.236
37153,38423,35567,122.265
37152,38547,35560,122.274
37151,38671,35553,122.28
37150,38795,35546,122.284
37149,38919,35539,122.29
37148,39043,35532,122.293
37147,39167,35525,122.295
41982,32681,43832,122.806
33189,39166,42815,126.621
41917,32349,43862,126.868
34236,35666,44008,127.176
34601,38788,39541,127.4
34348,40339,39213,127.489
35024,40492,38102,127.54
34771,42043,37774,127.658
36986,34796,37355,129.34
36975,34905,37451,129.862
36974,35029,37444,130.161
35395,36839,40406,132.477
36733,36347,37027,132.504
36722,36456,37123,132.523
36721,36580,37116,132.537
37409,36500,35916,132.68
37441,36483,36058,132.741
37483,36481,36097,132.77
37156,38051,35588,133.704
37188,38034,35730,133.787
37230,38032,35769,133.806
37145,38160,35684,133.957
37144,38284,35677,134.043
37143,38408,35670,134.072
37142,38532,35663,134.082
37141,38656,35656,134.09
37140,38780,35649,134.096
37139,38904,35642,134.101
37138,39028,35635,134.106
37137,39152,35628,134.108
37136,39276,35621,134.11
42063,32720,43806,134.617
33179,39151,42918,138.497
41998,32388,43836,138.744
34225,35775,44104,139.061
35564,35159,40732,139.111
35553,35268,40828,139.116
34591,38773,39644,139.286
34338,40324,39316,139.376
35014,40477,38205,139.429
34761,42028,37877,139.547
36976,34781,37458,141.229
36965,34890,37554,141.771
35384,36948,40502,144.452
36723,36332,37130,144.476
36712,36441,37226,144.498
37399,36485,36019,144.667
37146,38036,35691,145.689
37135,38145,35787,145.937
37134,38269,35780,146.025
37133,38393,35773,146.06
37132,38517,35766,146.073
37131,38641,35759,146.082
37130,38765,35752,146.09
37129,38889,35745,146.096
37128,39013,35738,146.101
37127,39137,35731,146.108
37126,39261,35724,146.11
37125,39385,35717,146.112
42144,32759,43780,146.608
33169,39136,43021,150.503
42079,32427,43810,150.751
34214,35884,44200,151.083
35554,35144,40835,151.136
35543,35253,40931,151.142
34581,38758,39747,151.308
34328,40309,39419,151.399
36966,34766,37561,153.274
36955,34875,37657,153.836
35373,37057,40598,156.564
36713,36317,37233,156.59
36702,36426,37329,156.61
37389,36470,36122,156.793
37136,38021,35794,157.818
33447,38265,43825,162.582
33159,39121,43124,162.623
42160,32466,43784,162.866
34203,35993,44296,163.21
35544,35129,40938,163.262
35533,35238,41034,163.269
34571,38743,39850,163.44
34318,40294,39522,163.53
36956,34751,37664,165.411
36945,34860,37760,165.986
36703,36302,37336,168.707
36692,36411,37432,168.728
33366,38226,43851,174.69
33149,39106,43227,174.73
42241,32505,43758,174.976
34192,36102,44392,175.33
35534,35114,41041,175.383
35523,35223,41137,175.391
34561,38728,39953,175.56
36946,34736,37767,177.632
36935,34845,37863,178.191
36693,36287,37439,180.811
33285,38187,43877,186.819
33139,39091,43330,186.856
35741,34219,41768,187.397
34181,36211,44488,187.455
35524,35099,41144,187.511
35513,35208,41240,187.52
34551,38713,40056,187.698
36258,42871,36199,187.921
36936,34721,37870,189.604
36925,34830,37966,190.152
33431,38558,43821,194.857
33204,38148,43903,198.725
33129,39076,43433,198.759
35660,34180,41794,199.332
34170,36320,44584,199.394
35514,35084,41247,199.451
35503,35193,41343,199.461
34541,38698,40159,199.64
36177,42832,36225,199.869
36926,34706,37973,201.5
36915,34815,38069,202.054
38633,38864,34116,205.884
33350,38519,43847,206.755
33123,38109,43929,210.627
33119,39061,43536,210.658
35579,34141,41820,211.219
34159,36429,44680,211.276
35504,35069,41350,211.32
35493,35178,41446,211.332
34531,38683,40262,211.509
36096,42793,36251,211.733
45003,37694,33670,212.296
45416,39383,32334,212.368
36916,34691,38076,213.365
36905,34800,38172,213.922
38552,38825,34142,217.763
33269,38480,43873,218.613
35725,34512,41764,218.905
36242,43164,36195,219.253
33042,38070,43955,222.452
33109,39046,43639,222.48
35498,34102,41846,223.045
34148,36538,44776,223.096
35494,35054,41453,223.132
35483,35163,41549,223.145
34521,38668,40365,223.329
36015,42754,36277,223.554
45070,37662,33593,224.038
45483,39351,32257,224.1
36906,34676,38179,225.04
36895,34785,38275,225.597
38471,38786,34168,229.429
33188,38441,43899,230.311
35644,34473,41790,230.597
36161,43125,36221,230.93
38617,39157,34112,233.197
32961,38031,43981,234.075
33099,39031,43742,234.1
46151,33185,42378,234.131
35417,34063,41872,234.667
34137,36647,44872,234.715
35484,35039,41556,234.747
35473,35148,41652,234.757
34511,38653,40468,234.937
35934,42715,36303,235.163
45137,37630,33516,235.554
45550,39319,32180,235.619
36896,34661,38282,236.545
36885,34770,38378,237.108
38390,38747,34194,240.995
33107,38402,43925,241.741
35563,34434,41816,242.027
36080,43086,36247,242.344
38536,39118,34138,244.474
49546,39052,32001,245.032
32880,37992,44007,245.131
33089,39016,43845,245.156
46218,33153,42301,245.187
35336,34024,41898,245.714
34126,36756,44968,245.76
35474,35024,41659,245.787
35463,35133,41755,245.798
34501,38638,40571,245.981
35853,42676,36329,246.202
45204,37598,33439,246.503
45617,39287,32103,246.571
36886,34646,38385,247.459
36875,34755,38481,248.013
38309,38708,34220,251.865
33026,38363,43951,252.505
35482,34395,41842,252.783
35999,43047,36273,253.094
38455,39079,34164,255.11
49613,39020,31924,255.585
32799,37953,44033,255.69
33079,39001,43948,255.719
46285,33121,42224,255.755
35255,33985,41924,256.46
34115,36865,45064,256.507
35464,35009,41762,256.534
35453,35118,41858,256.547
34491,38623,40674,256.745
35772,42637,36355,256.978
45271,37566,33362,257.229
45684,39255,32026,257.301
42345,37830,33892,257.321
42758,39519,32556,257.395
36876,34631,38488,258.213
36865,34740,38584,258.799
38228,38669,34246,262.659
32945,38324,43977,263.191
35401,34356,41868,263.467
35918,43008,36299,263.775
38374,39040,34190,265.702
49680,38988,31847,266.04
33116,43210,42307,266.077
32718,37914,44059,266.14
42203,32888,43688,266.193
46352,33089,42147,266.196
35174,33946,41950,266.731
34104,36974,45160,266.774
35454,34994,41865,266.797
33877,39087,40457,267.049
35691,42598,36381,267.227
45338,37534,33285,267.406
45751,39223,31949,267.468
42412,37798,33815,267.485
42825,39487,32479,267.553
36866,34616,38591,268.31
38147,38630,34272,272.821
32864,38285,44003,273.302
35320,34317,41894,273.583
35837,42969,36325,273.897
38293,39001,34216,275.783
49747,38956,31770,276.014
33035,43171,42333,276.053
32637,37875,44085,276.118
33131,39603,42723,276.143
42214,32779,43592,276.17
46419,33057,42070,276.173
35093,33907,41976,276.708
34093,37083,45256,276.752
33796,39048,40483,277.026
34290,40776,39121,277.169
35610,42559,36407,277.199
42555,42436,32470,277.314
45405,37502,33208,277.352
45818,39191,31872,277.414
42479,37766,33738,277.43
42892,39455,32402,277.503
36252,35080,38374,281.392
38066,38591,34298,282.65
32783,38246,44029,283.022
35239,34278,41920,283.301
35756,42930,36351,283.594
38212,38962,34242,285.404
49814,38924,31693,285.56
32954,43132,42359,285.6
32556,37836,44111,285.66
33050,39564,42749,285.684
42225,32670,43496,285.708
46486,33025,41993,285.71
35012,33868,42002,286.246
34082,37192,45352,286.29
35506,35596,40640,286.325
33715,39009,40509,286.571
35035,40792,37795,286.577
34209,40737,39147,286.711
35529,42520,36433,286.734
42474,42397,32496,286.823
45472,37470,33131,286.85
45885,39159,31795,286.913
45515,39334,32399,286.922
42546,37734,33661,286.932
42959,39423,32325,287.003
36171,35041,38400,290.834
36665,36769,37038,292.038
37985,38552,34324,292.094
32702,38207,44055,292.425
33196,39935,42693,292.429
35158,34239,41946,292.692
33861,39380,40453,292.856
34355,41108,39091,292.961
35675,42891,36377,292.975
38131,38923,34268,294.745
32873,43093,42385,294.895
32475,37797,44137,294.951
32969,39525,42775,294.974
42236,32561,43400,294.995
34931,33829,42028,295.546
35425,35557,40666,295.627
33634,38970,40535,295.87
34954,40753,37821,295.876
34128,40698,39173,296.009
35448,42481,36459,296.029
42393,42358,32522,296.111
45582,39302,32322,296.213
40336,36521,35182,296.952
36090,35002,38426,300.229
37410,36785,35712,300.266
36584,36730,37064,301.433
37904,38513,34350,301.484
32621,38168,44081,301.792
33115,39896,42719,301.795
35077,34200,41972,302.051
33780,39341,40479,302.209
34274,41069,39117,302.315
35594,42852,36403,302.323
38050,38884,34294,304.053
32792,43054,42411,304.169
32394,37758,44163,304.222
32888,39486,42801,304.243
42247,32452,43304,304.26
34850,33790,42054,304.793
35344,35518,40692,304.868
33553,38931,40561,305.102
34873,40714,37847,305.104
34047,40659,39199,305.236
35367,42442,36485,305.252
45238,42055,32018,305.289
42312,42319,32548,305.321
41233,36897,34442,305.337
45649,39270,32245,305.424
38935,34699,37922,305.55
40255,36482,35208,306.1
36009,34963,38452,309.339
37329,36746,35738,309.375
40749,38210,33846,309.546
36503,36691,37090,310.509
37823,38474,34376,310.551
32540,38129,44107,310.827
33034,39857,42745,310.829
34996,34161,41998,311.089
35490,35889,40636,311.094
33699,39302,40505,311.233
35019,41085,37791,311.236
34193,41030,39143,311.335
35513,42813,36429,311.342
36155,35334,38396,312.773
36649,37062,37034,313.036
37969,38845,34320,313.05
36222,49127,36182,313.132
32711,43015,42437,313.145
33205,44743,41075,313.155
32313,37719,44189,313.204
32807,39447,42827,313.225
42258,32343,43208,313.24
34769,33751,42080,313.77
35263,35479,40718,313.842
33472,38892,40587,314.063
34792,40675,37873,314.065
33966,40620,39225,314.192
35286,42403,36511,314.207
45157,42016,32044,314.236
41244,36788,34346,314.276
45716,39238,32168,314.369
38854,34660,37948,314.506
40174,36443,35234,315.055
35928,34924,38478,318.297
37248,36707,35764,318.327
40668,38171,33872,318.497
36422,36652,37116,319.525
37742,38435,34402,319.562
32459,38090,44133,319.827
32953,39818,42771,319.829
34915,34122,42024,320.083
35409,35850,40662,320.086
33618,39263,40531,320.229
34938,41046,37817,320.23
34112,40991,39169,320.33
35432,42774,36455,320.336
36074,35295,38422,321.762
37394,37078,35708,321.766
36568,37023,37060,322.042
37888,38806,34346,322.053
36089,48913,36185,322.11
38597,45120,34099,322.114
32630,42976,42463,322.12
33124,44704,41101,322.129
32232,37680,44215,322.171
32726,39408,42853,322.192
42269,32234,43112,322.206
34688,33712,42106,322.735
35182,35440,40744,322.803
33391,38853,40613,323.021
34711,40636,37899,323.023
33885,40581,39251,323.154
35205,42364,36537,323.169
45076,41977,32070,323.192
41255,36679,34250,323.227
45783,39206,32091,323.316
38773,34621,37974,323.449
40093,36404,35260,323.997
35847,34885,38504,327.402
37167,36668,35790,327.432
40587,38132,33898,327.589
36341,36613,37142,328.625
37661,38396,34428,328.658
32378,38051,44159,328.906
32872,39779,42797,328.908
34834,34083,42050,329.163
35328,35811,40688,329.164
33537,39224,40557,329.3
34857,41007,37843,329.302
34031,40952,39195,329.398
35351,42735,36481,329.4
42296,42612,32544,329.411
35993,35256,38448,330.882
37313,37039,35734,330.884
36487,36984,37086,331.164
37807,38767,34372,331.17
35810,48328,36244,331.219
35956,48699,36188,331.226
38464,44906,34102,331.229
32549,42937,42489,331.234
33043,44665,41127,331.242
34363,46448,38413,331.254
32151,37641,44241,331.283
32645,39369,42879,331.303
42280,32125,43016,331.316
34607,33673,42132,331.847
35101,35401,40770,331.915
33310,38814,40639,332.135
34630,40597,37925,332.136
33804,40542,39277,332.263
35124,42325,36563,332.276
44995,41938,32096,332.297
40027,34826,36842,332.323
41266,36570,34154,332.325
45850,39174,32014,332.424
38340,36834,34684,332.452
42924,39438,32544,332.53
38692,34582,38000,332.566
40012,36365,35286,333.128
35766,34846,38530,336.527
37086,36629,35816,336.556
40506,38093,33924,336.708
36260,36574,37168,337.729
37580,38357,34454,337.758
32297,38012,44185,337.994
32791,39740,42823,337.996
34753,34044,42076,338.254
35247,35772,40714,338.255
33456,39185,40583,338.386
34776,40968,37869,338.388
33950,40913,39221,338.48
35270,42696,36507,338.482
35912,35217,38474,339.963
37232,37000,35760,339.966
36406,36945,37112,340.233
37726,38728,34398,340.235
38185,44321,34161,340.281
38331,44692,34105,340.285
32962,44626,41153,340.298
34282,46409,38439,340.307
32564,39330,42905,340.353
42291,32016,42920,340.365
34526,33634,42158,340.902
35020,35362,40796,340.968
34549,40558,37951,341.185
33723,40503,39303,341.315
35043,42286,36589,341.325
44914,41899,32122,341.346
40038,34717,36746,341.365
41277,36461,34058,341.367
45917,39142,31937,341.45
38351,36725,34588,341.486
42991,39406,32467,341.56
38611,34543,38026,341.6
39931,36326,35312,342.167
35685,34807,38556,345.502
37005,36590,35842,345.528
40425,38054,33950,345.68
36179,36535,37194,346.656
37499,38318,34480,346.684
32710,39701,42849,346.918
34672,34005,42102,347.17
35166,35733,40740,347.172
34695,40929,37895,347.31
33869,40874,39247,347.404
35189,42657,36533,347.406
35831,35178,38500,348.889
37151,36961,35786,348.891
36325,36906,37138,349.154
37645,38689,34424,349.156
34201,46370,38465,349.217
34939,35323,40822,349.861
34962,42247,36615,350.201
44833,41860,32148,350.222
45984,39110,31860,350.328
43058,39374,32390,350.445
38530,34504,38052,350.486
39850,36287,35338,351.056
36924,36551,35868,354.352
40344,38015,33976,354.51
36098,36496,37220,355.451
37418,38279,34506,355.475
35085,35694,40766,355.962
35108,42618,36559,356.189
37070,36922,35812,357.729
36244,36867,37164,357.984
37564,38650,34450,357.986
44752,41821,32174,359.077
46016,39093,32002,359.174
43090,39357,32532,359.294
38449,34465,38078,359.336
39769,36248,35364,359.911
40263,37976,34002,363.338
37337,38240,34532,364.233
37483,38611,34476,366.697
38368,34426,38104,368.002
39688,36209,35390,368.581
40182,37937,34028,371.873
38287,34387,38130,376.427
39607,36170,35416,377
40101,37898,34054,380.16
38206,34348,38156,384.621
39526,36131,35442,385.179
40020,37859,34080,388.197
35857,40428,37914,392.067
38125,34309,38182,392.645
39445,36092,35468,393.196
39939,37820,34106,396.098
38271,34680,38126,397.36
39591,36463,35412,397.603
35867,40443,37811,399.774
38044,34270,38208,400.372
39364,36053,35494,400.904
39858,37781,34132,403.579
38190,34641,38152,404.715
39510,36424,35438,404.964
40004,38152,34076,406.237
35877,40458,37708,407.142
36280,42132,36475,407.145
41029,33418,38734,407.674
37963,34231,38234,407.708
39283,36014,35520,408.204
39777,37742,34158,410.666
38109,34602,38178,411.696
39429,36385,35464,411.934
39923,38113,34102,413.16
35887,40473,37605,414.043
36290,42147,36372,414.045
36322,42130,36514,414.049
41581,37861,33862,414.385
38655,38125,34392,414.509
40918,33422,38570,414.586
37882,34192,38260,414.623
39202,35975,35546,415.093
39696,37703,34184,417.354
38028,34563,38204,418.3
39348,36346,35490,418.542
39842,38074,34128,419.789
35897,40488,37502,420.64
36300,42162,36269,420.643
36332,42145,36411,420.647
35345,38121,40395,420.68
41591,37876,33759,420.983
41623,37859,33901,420.987
41580,37985,33855,421.006
38665,38140,34289,421.098
38697,38123,34431,421.102
38654,38249,34385,421.122
40807,33426,38406,421.173
45280,34504,37826,421.191
37801,34153,38286,421.208
39121,35936,35572,421.632
39615,37664,34210,423.668
37947,34524,38230,424.54
39267,36307,35516,424.787
39761,38035,34154,425.92
35907,40503,37399,426.734
36310,42177,36166,426.736
36342,42160,36308,426.739
35264,38082,40421,426.769
41601,37891,33656,427.063
41633,37874,33798,427.067
41590,38000,33752,427.085
38675,38155,34186,427.174
38707,38138,34328,427.178
38664,38264,34282,427.195
45169,34508,37662,427.257
37720,34114,38312,427.273
39040,35897,35598,427.643
39534,37625,34236,429.448
37866,34485,38256,430.237
39186,36268,35542,430.464
39680,37996,34180,431.55
35917,40518,37296,432.347
36320,42192,36063,432.349
36352,42175,36205,432.353
36374,42143,36450,432.356
35183,38043,40447,432.381
41611,37906,33553,432.682
41643,37889,33695,432.686
41600,38015,33649,432.701
41579,38109,33848,432.707
38685,38170,34083,432.786
38717,38153,34225,432.788
38674,38279,34179,432.803
38653,38373,34378,432.809
45058,34512,37498,432.86
37639,34075,38338,432.877
38959,35858,35624,433.214
39453,37586,34262,434.827
35329,38414,40391,435.366
37785,34446,38282,435.573
39105,36229,35568,435.802
39599,37957,34206,436.777
35927,40533,37193,437.563
36330,42207,35960,437.566
36362,42190,36102,437.568
36384,42158,36347,437.57
35102,38004,40473,437.595
41621,37921,33450,437.884
41653,37904,33592,437.887
41675,37872,33837,437.889
41610,38030,33546,437.899
41589,38124,33745,437.904
38695,38185,33980,437.978
38727,38168,34122,437.981
38749,38136,34367,437.983
38684,38294,34076,437.993
38663,38388,34275,437.998
37558,34036,38364,438.059
38878,35819,35650,438.345
39372,37547,34288,439.764
35248,38375,40417,440.295
37704,34407,38308,440.5
39024,36190,35594,440.712
39518,37918,34232,441.611
35937,40548,37090,442.402
36340,42222,35857,442.405
36372,42205,35999,442.408
36394,42173,36244,442.411
35021,37965,40499,442.435
41631,37936,33347,442.729
41663,37919,33489,442.732
41685,37887,33734,442.734
41620,38045,33443,442.741
41599,38139,33642,442.745
38705,38200,33877,442.819
38737,38183,34019,442.822
38759,38151,34264,442.825
38694,38309,33973,442.833
38673,38403,34172,442.837
38652,38497,34371,442.84
37477,33997,38390,442.896
38797,35780,35676,443.153
39291,37508,34314,444.388
35167,38336,40443,444.898
37623,34368,38334,445.115
38943,36151,35620,445.309
39437,37879,34258,446.118
35947,40563,36987,446.896
36350,42237,35754,446.897
36382,42220,35896,446.9
36404,42188,36141,446.901
34940,37926,40525,446.921
36754,41437,36449,447.082
41641,37951,33244,447.208
41673,37934,33386,447.211
41695,37902,33631,447.212
41630,38060,33340,447.218
41609,38154,33539,447.222
38715,38215,33774,447.293
38747,38198,33916,447.295
38769,38166,34161,447.297
38704,38324,33870,447.303
38683,38418,34069,447.307
38662,38512,34268,447.311
41885,35099,36069,447.336
37396,33958,38416,447.366
38716,35741,35702,447.573
39210,37469,34340,448.663
35086,38297,40469,449.17
37542,34329,38360,449.391
38862,36112,35646,449.577
39356,37840,34284,450.311
35957,40578,36884,451.095
36360,42252,35651,451.097
36392,42235,35793,451.098
36414,42203,36038,451.099
34859,37887,40551,451.12
36673,41398,36475,451.285
41651,37966,33141,451.418
41683,37949,33283,451.421
41705,37917,33528,451.422
41640,38075,33237,451.425
41619,38169,33436,451.428
38725,38230,33671,451.497
38757,38213,33813,451.5
38779,38181,34058,451.503
38714,38339,33767,451.506
38693,38433,33966,451.509
38672,38527,34165,451.511
41895,35114,35966,451.529
41884,35223,36062,451.536
37315,33919,38442,451.557
38635,35702,35728,451.739
39129,37430,34366,452.688
35005,38258,40495,453.202
37461,34290,38386,453.42
38781,36073,35672,453.573
39275,37801,34310,454.232
35967,40593,36781,454.999
36370,42267,35548,455.001
36402,42250,35690,455.002
36424,42218,35935,455.003
34778,37848,40577,455.022
36592,41359,36501,455.186
41661,37981,33038,455.313
41693,37964,33180,455.315
41715,37932,33425,455.317
41650,38090,33134,455.319
41629,38184,33333,455.322
38735,38245,33568,455.39
38767,38228,33710,455.392
38789,38196,33955,455.393
38724,38354,33664,455.396
38703,38448,33863,455.399
38682,38542,34062,455.4
38661,38636,34261,455.401
41905,35129,35863,455.422
41894,35238,35959,455.427
46136,36185,35161,455.44
37234,33880,38468,455.453
38554,35663,35754,455.599
39048,37391,34392,456.408
34924,38219,40521,456.917
36738,41730,36445,457.052
37380,34251,38412,457.137
38700,36034,35698,457.285
39194,37762,34336,457.866
35977,40608,36678,458.631
36380,42282,35445,458.632
36412,42265,35587,458.633
36434,42233,35832,458.635
42192,42662,32560,458.638
34697,37809,40603,458.654
41671,37996,32935,458.941
41703,37979,33077,458.943
41725,37947,33322,458.945
41660,38105,33031,458.947
41639,38199,33230,458.949
38745,38260,33465,459.018
38777,38243,33607,459.019
38799,38211,33852,459.02
38734,38369,33561,459.023
38713,38463,33760,459.024
38692,38557,33959,459.025
38671,38651,34158,459.027
41915,35144,35760,459.045
41904,35253,35856,459.051
46146,36200,35058,459.059
37153,33841,38494,459.069
38473,35624,35780,459.195
38967,37352,34418,459.904
34843,38180,40547,460.411
36657,41691,36471,460.546
37299,34212,38438,460.629
38619,35995,35724,460.744
39113,37723,34362,461.229
36390,42297,35342,461.979
36422,42280,35484,461.981
36444,42248,35729,461.982
42259,42630,32483,461.985
34616,37770,40629,462.001
35936,39553,37915,462.026
41681,38011,32832,462.283
41713,37994,32974,462.285
41735,37962,33219,462.286
41670,38120,32928,462.289
41649,38214,33127,462.294
38755,38275,33362,462.366
38787,38258,33504,462.368
38809,38226,33749,462.369
38744,38384,33458,462.372
38723,38478,33657,462.373
38702,38572,33856,462.375
38681,38666,34055,462.376
41925,35159,35657,462.394
41914,35268,35753,462.401
41893,35362,35952,462.403
46156,36215,34955,462.409
37072,33802,38520,462.42
38392,35585,35806,462.524
34762,38141,40573,463.624
36576,41652,36497,463.744
37218,34173,38464,463.827
38538,35956,35750,463.922
39032,37684,34388,464.325
36454,42263,35626,465.07
42326,42598,32406,465.073
34535,37731,40655,465.092
35855,39514,37941,465.11
41691,38026,32729,465.368
41723,38009,32871,465.37
41745,37977,33116,465.374
41680,38135,32825,465.377
41659,38229,33024,465.378
38765,38290,33259,465.451
38797,38273,33401,465.453
38819,38241,33646,465.454
38754,38399,33355,465.457
38733,38493,33554,465.458
38712,38587,33753,465.459
38691,38681,33952,465.461
38670,38775,34151,465.462
41903,35377,35849,465.488
46166,36230,34852,465.494
36991,33763,38546,465.508
38311,35546,35832,465.593
34681,38102,40599,466.595
37137,34134,38490,466.802
38457,35917,35776,466.879
38951,37645,34414,467.203
42393,42566,32329,467.954
34454,37692,40681,467.973
35774,39475,37967,467.99
41755,37992,33013,468.24
41669,38244,32921,468.242
41648,38338,33120,468.244
38829,38256,33543,468.313
38743,38508,33451,468.316
38722,38602,33650,468.318
38701,38696,33849,468.32
38680,38790,34048,468.321
46176,36245,34749,468.348
36910,33724,38572,468.365
38230,35507,35858,468.446
34600,38063,40625,469.392
35920,39846,37911,469.411
37056,34095,38516,469.575
38376,35878,35802,469.629
42460,42534,32252,470.637
34373,37653,40707,470.658
35693,39436,37993,470.67
41658,38353,33017,470.91
38732,38617,33547,470.98
38711,38711,33746,470.982
38690,38805,33945,470.984
36829,33685,38598,471.032
38149,35468,35884,471.091
34519,38024,40651,471.956
35839,39807,37937,471.97
36975,34056,38542,472.124
38295,35839,35828,472.171
42527,42502,32175,473.1
34292,37614,40733,473.123
35612,39397,38019,473.135
41647,38462,33113,473.36
38721,38726,33643,473.428
38700,38820,33842,473.43
38679,38914,34041,473.431
36748,33646,38624,473.474
38068,35429,35910,473.522
34438,37985,40677,474.336
35758,39768,37963,474.347
36894,34017,38568,474.493
38214,35800,35854,474.527
42594,42470,32098,475.419
34211,37575,40759,475.443
35531,39358,38045,475.452
38710,38835,33739,475.74
38689,38929,33938,475.742
36667,33607,38650,475.786
37987,35390,35936,475.827
34357,37946,40703,476.608
35677,39729,37989,476.619
36813,33978,38594,476.748
38133,35761,35880,476.776
42661,42438,32021,477.631
34130,37536,40785,477.653
35450,39319,38071,477.662
35944,41047,36709,477.74
38699,38944,33835,477.934
38678,39038,34034,477.936
36586,33568,38676,477.976
37906,35351,35962,478.013
34276,37907,40729,478.78
35596,39690,38015,478.786
36732,33939,38620,478.908
38052,35722,35906,478.931
45654,42142,31414,479.8
42728,42406,31944,479.813
42425,42549,32471,479.82
34049,37497,40811,479.835
35369,39280,38097,479.843
34543,39225,39449,479.891
35863,41008,36735,479.918
38688,39053,33931,480.11
36505,33529,38702,480.152
37825,35312,35988,480.185
38319,37040,34626,480.426
34195,37868,40755,480.926
35515,39651,38041,480.934
36651,33900,38646,481.04
37971,35683,35932,481.054
33207,41581,42687,481.31
45721,42110,31337,481.865
42795,42374,31867,481.879
42492,42517,32394,481.885
33968,37458,40837,481.903
35288,39241,38123,481.91
34462,39186,39475,481.952
35782,40969,36761,481.976
38677,39162,34027,482.143
36424,33490,38728,482.183
37744,35273,36014,482.215
36918,35218,37366,482.405
38238,37001,34652,482.456
34114,37829,40781,482.939
35434,39612,38067,482.943
34608,39557,39419,482.955
35928,41340,36705,482.97
36570,33861,38672,483.021
37890,35644,35958,483.032
33126,41542,42713,483.239
45788,42078,31260,483.792
42862,42342,31790,483.808
42559,42485,32317,483.815
33887,37419,40863,483.833
35207,39202,38149,483.838
34381,39147,39501,483.878
35701,40930,36787,483.897
36343,33451,38754,484.1
37663,35234,36040,484.127
36837,35179,37392,484.304
38157,36962,34678,484.351
34033,37790,40807,484.812
35353,39573,38093,484.814
34527,39518,39445,484.824
35847,41301,36731,484.832
36489,33822,38698,484.871
37809,35605,35984,484.877
38303,37333,34622,484.922
45608,38024,32716,485.001
33045,41503,42739,485.034
45855,42046,31183,485.586
42929,42310,31713,485.607
42626,42453,32240,485.614
33806,37380,40889,485.636
35126,39163,38175,485.639
34300,39108,39527,485.674
35620,40891,36813,485.691
36262,33412,38780,485.891
37582,35195,36066,485.916
36756,35140,37418,486.058
38076,36923,34704,486.096
40675,34576,37820,486.211
33952,37751,40833,486.537
35272,39534,38119,486.54
34446,39479,39471,486.547
35766,41262,36757,486.554
36408,33783,38724,486.579
37728,35566,36010,486.584
36902,35511,37362,486.597
38222,37294,34648,486.611
45619,37915,32620,486.66
32964,41464,42765,486.692
45922,42014,31106,487.246
42996,42278,31636,487.264
42693,42421,32163,487.272
33725,37341,40915,487.296
35045,39124,38201,487.299
34219,39069,39553,487.331
35539,40852,36839,487.347
36181,33373,38806,487.532
37501,35156,36092,487.555
36675,35101,37444,487.7
37995,36884,34730,487.735
40594,34537,37846,487.83
33871,37712,40859,488.149
35191,39495,38145,488.15
34365,39440,39497,488.156
35685,41223,36783,488.161
36327,33744,38750,488.185
37647,35527,36036,488.193
36821,35472,37388,488.204
38141,37255,34674,488.214
32883,41425,42791,488.277
35339,37457,40682,488.285
45989,41982,31029,488.832
43063,42246,31559,488.856
42760,42389,32086,488.863
33644,37302,40941,488.893
34964,39085,38227,488.896
34138,39030,39579,488.926
35458,40813,36865,488.941
36100,33334,38832,489.118
37420,35117,36118,489.138
36594,35062,37470,489.263
37914,36845,34756,489.292
40513,34498,37872,489.378
33790,37673,40885,489.693
35110,39456,38171,489.695
34284,39401,39523,489.697
35604,41184,36809,489.7
36246,33705,38776,489.716
37566,35488,36062,489.718
36740,35433,37414,489.724
38060,37216,34700,489.731
32802,41386,42817,489.78
35258,37418,40708,489.788
46056,41950,30952,490.327
45753,42093,31479,490.335
43130,42214,31482,490.354
42827,42357,32009,490.361
33563,37263,40967,490.394
34883,39046,38253,490.396
34057,38991,39605,490.425
35377,40774,36891,490.44
36019,33295,38858,490.623
37339,35078,36144,490.643
36513,35023,37496,490.766
37833,36806,34782,490.792
40432,34459,37898,490.864
33709,37634,40911,491.175
35029,39417,38197,491.177
34203,39362,39549,491.178
35523,41145,36835,491.18
36165,33666,38802,491.191
37485,35449,36088,491.192
36659,35394,37440,491.195
37979,37177,34726,491.198
33215,43075,41481,491.242
35177,37379,40734,491.25
46123,41918,30875,491.792
45820,42061,31402,491.8
43197,42182,31405,491.824
42894,42325,31932,491.831
34802,39007,38279,491.869
33976,38952,39631,491.897
35296,40735,36917,491.909
35938,33256,38884,492.085
37258,35039,36170,492.102
36432,34984,37522,492.223
37752,36767,34808,492.247
40351,34420,37924,492.319
34948,39378,38223,492.609
34122,39323,39575,492.611
35442,41106,36861,492.612
36084,33627,38828,492.621
37404,35410,36114,492.622
36578,35355,37466,492.624
37898,37138,34752,492.625
45887,42029,31325,493.217
42961,42293,31855,493.253
35215,40696,36943,493.332
37177,35000,36196,493.526
36351,34945,37548,493.646
37671,36728,34834,493.666
40270,34381,37950,493.732
41590,36164,35236,493.741
35361,41067,36887,494.046
37323,35371,36140,494.056
36497,35316,37492,494.057
37817,37099,34778,494.059
45954,41997,31248,494.685
43028,42261,31778,494.728
37590,36689,34860,495.128
40189,34342,37976,495.19
41509,36125,35262,495.195
42003,37853,33900,495.214
37736,37060,34804,495.495
40554,32219,44434,495.753
46021,41965,31171,496.068
43095,42229,31701,496.115
41428,36086,35288,496.58
40609,32205,44406,497.115
46088,41933,31094,497.369
43162,42197,31624,497.418
40664,32191,44378,498.345
46155,41901,31017,498.538
43229,42165,31547,498.595
40719,32177,44350,499.471
46222,41869,30940,499.626
43296,42133,31470,499.691
40774,32163,44322,500.521
46254,41852,31082,500.625
43328,42116,31612,500.694
40829,32149,44294,501.497
40884,32135,44266,502.421
37644,33198,43796,503.073
40939,32121,44238,503.31
37563,33159,43822,503.924
40994,32107,44210,504.153
45040,37617,33902,504.416
44983,37664,33876,504.418
49620,38898,32465,504.712
49563,38945,32439,504.717
49506,38992,32413,504.719
37482,33120,43848,504.741
41049,32093,44182,504.971
41148,36142,35404,505.189
45278,37444,33903,505.225
45221,37491,33877,505.228
45164,37538,33851,505.23
45107,37585,33825,505.231
45050,37632,33799,505.233
44993,37679,33773,505.234
45453,39306,32566,505.284
45396,39353,32540,505.289
49801,38772,32440,505.491
49744,38819,32414,505.497
49687,38866,32388,505.502
49630,38913,32362,505.507
49573,38960,32336,505.511
49516,39007,32310,505.513
37401,33081,43874,505.535
41104,32079,44154,505.768
41158,36157,35301,505.977
41157,36281,35294,505.985
45459,37318,33878,506.005
45402,37365,33852,506.01
45345,37412,33826,506.015
45288,37459,33800,506.021
45231,37506,33774,506.024
45174,37553,33748,506.025
45117,37600,33722,506.026
45060,37647,33696,506.028
45577,39227,32515,506.074
45520,39274,32489,506.079
45463,39321,32463,506.082
45406,39368,32437,506.087
38232,36421,35831,506.091
49811,38787,32337,506.292
49754,38834,32311,506.298
49697,38881,32285,506.303
49640,38928,32259,506.307
49583,38975,32233,506.311
49526,39022,32207,506.313
37320,33042,43900,506.338
41159,32065,44126,506.566
41168,36172,35198,506.766
41167,36296,35191,506.775
41166,36420,35184,506.779
45469,37333,33775,506.793
45412,37380,33749,506.798
45355,37427,33723,506.803
45298,37474,33697,506.806
45241,37521,33671,506.807
45184,37568,33645,506.809
45127,37615,33619,506.811
45758,39101,32490,506.837
45701,39148,32464,506.844
45644,39195,32438,506.851
45587,39242,32412,506.858
45619,39225,32554,506.86
45530,39289,32386,506.862
45562,39272,32528,506.864
45473,39336,32360,506.866
45505,39319,32502,506.868
38242,36436,35728,506.873
49821,38802,32234,507.076
49764,38849,32208,507.082
49707,38896,32182,507.086
49650,38943,32156,507.088
49593,38990,32130,507.09
49536,39037,32104,507.091
37239,33003,43926,507.11
41214,32051,44098,507.323
41178,36187,35095,507.523
41177,36311,35088,507.529
41176,36435,35081,507.532
45479,37348,33672,507.545
45422,37395,33646,507.549
45365,37442,33620,507.552
45308,37489,33594,507.554
45251,37536,33568,507.556
45194,37583,33542,507.557
45882,39022,32439,507.562
45825,39069,32413,507.575
45768,39116,32387,507.583
45711,39163,32361,507.592
45743,39146,32503,507.594
45654,39210,32335,507.597
45686,39193,32477,507.599
45597,39257,32309,507.602
45629,39240,32451,507.604
45540,39304,32283,507.606
45572,39287,32425,507.608
38252,36451,35625,507.613
41360,32422,44042,507.777
49831,38817,32131,507.809
49774,38864,32105,507.814
49717,38911,32079,507.816
49660,38958,32053,507.817
49603,39005,32027,507.819
37158,32964,43952,507.837
41188,36202,34992,508.231
41187,36326,34985,508.236
41186,36450,34978,508.239
45489,37363,33569,508.251
45432,37410,33543,508.256
45375,37457,33517,508.258
45318,37504,33491,508.259
45261,37551,33465,508.26
45892,39037,32336,508.266
45835,39084,32310,508.28
45867,39067,32452,508.282
45778,39131,32284,508.29
45810,39114,32426,508.292
45721,39178,32258,508.296
45753,39161,32400,508.297
45664,39225,32232,508.3
45696,39208,32374,508.303
45607,39272,32206,508.305
45639,39255,32348,508.307
38262,36466,35522,508.311
49841,38832,32028,508.486
49784,38879,32002,508.49
49727,38926,31976,508.491
49670,38973,31950,508.493
37077,32925,43978,508.509
41198,36217,34889,508.877
41197,36341,34882,508.882
41196,36465,34875,508.885
45499,37378,33466,508.894
45442,37425,33440,508.9
45385,37472,33414,508.902
45328,37519,33388,508.904
45902,39052,32233,508.906
45934,39035,32375,508.907
45845,39099,32207,508.913
45877,39082,32349,508.915
45788,39146,32181,508.919
45820,39129,32323,508.923
45731,39193,32155,508.926
45763,39176,32297,508.927
45674,39240,32129,508.93
45706,39223,32271,508.931
38272,36481,35419,508.935
49851,38847,31925,509.1
49794,38894,31899,509.102
49737,38941,31873,509.104
36996,32886,44004,509.12
41208,36232,34786,509.472
41207,36356,34779,509.478
41206,36480,34772,509.479
45509,37393,33363,509.485
45452,37440,33337,509.487
45395,37487,33311,509.489
45912,39067,32130,509.492
45944,39050,32272,509.493
45855,39114,32104,509.497
45887,39097,32246,509.498
45798,39161,32078,509.501
45830,39144,32220,509.503
45741,39208,32052,509.505
45773,39191,32194,509.507
38282,36496,35316,509.51
42583,37657,33893,509.516
42526,37704,33867,509.518
42469,37751,33841,509.519
49861,38862,31822,509.675
49804,38909,31796,509.677
36915,32847,44030,509.693
41218,36247,34683,510.02
41217,36371,34676,510.025
41216,36495,34669,510.026
45519,37408,33260,510.032
45462,37455,33234,510.034
45922,39082,32027,510.037
45954,39065,32169,510.038
45976,39033,32414,510.039
45865,39129,32001,510.042
45897,39112,32143,510.043
45808,39176,31975,510.046
45840,39159,32117,510.047
38292,36511,35213,510.051
42593,37672,33790,510.058
42536,37719,33764,510.06
42996,39346,32557,510.062
42939,39393,32531,510.066
42882,39440,32505,510.069
49871,38877,31719,510.204
36834,32808,44056,510.221
41228,36262,34580,510.521
41227,36386,34573,510.524
41226,36510,34566,510.526
45529,37423,33157,510.533
45932,39097,31924,510.536
45964,39080,32066,510.537
45986,39048,32311,510.538
45875,39144,31898,510.541
45907,39127,32040,510.542
38302,36526,35110,510.546
42603,37687,33687,510.553
43006,39361,32454,510.555
42949,39408,32428,510.559
36980,33179,44000,510.592
36753,32769,44082,510.698
41238,36277,34477,510.99
41237,36401,34470,510.993
41236,36525,34463,510.995
41235,36649,34456,510.996
41234,36773,34449,510.997
45942,39112,31821,511.002
45974,39095,31963,511.004
45996,39063,32208,511.005
38312,36541,35007,511.01
43016,39376,32351,511.017
43048,39359,32493,511.019
36899,33140,44026,511.05
36672,32730,44108,511.148
41248,36292,34374,511.411
41247,36416,34367,511.414
41246,36540,34360,511.416
41245,36664,34353,511.418
46006,39078,32105,511.422
38322,36556,34904,511.423
36818,33101,44052,511.461
34135,36659,46243,511.546
36591,32691,44134,511.56
41258,36307,34271,511.803
41257,36431,34264,511.805
41256,36555,34257,511.806
38332,36571,34801,511.809
38331,36695,34794,511.811
36737,33062,44078,511.836
34054,36620,46269,511.903
36510,32652,44160,511.916
41268,36322,34168,512.157
41267,36446,34161,512.159
38342,36586,34698,512.161
38341,36710,34691,512.163
36656,33023,44104,512.185
33973,36581,46295,512.247
36429,32613,44186,512.259
41278,36337,34065,512.478
38352,36601,34595,512.481
36575,32984,44130,512.501
33892,36542,46321,512.551
36348,32574,44212,512.561
34038,36913,46265,512.79
36494,32945,44156,512.802
33811,36503,46347,512.844
36267,32535,44238,512.852
33957,36874,46291,513.065
36413,32906,44182,513.072
33730,36464,46373,513.106
36186,32496,44264,513.115
33876,36835,46317,513.31
36332,32867,44208,513.318
33649,36425,46399,513.345
36105,32457,44290,513.356
33795,36796,46343,513.553
36251,32828,44234,513.558
33568,36386,46425,513.579
36024,32418,44316,513.585
33714,36757,46369,513.774
36170,32789,44260,513.777
33487,36347,46451,513.791
35943,32379,44342,513.795
33633,36718,46395,513.994
36089,32750,44286,513.997
33406,36308,46477,514.011
35862,32340,44368,514.016
33552,36679,46421,514.2
36008,32711,44312,514.201
33325,36269,46503,514.214
35781,32301,44394,514.217
33471,36640,46447,514.399
35927,32672,44338,514.401
33244,36230,46529,514.412
35700,32262,44420,514.414
33390,36601,46473,514.603
35846,32633,44364,514.604
35619,32223,44446,514.617
35765,32594,44390,514.799
42373,42536,32535,516.643
42316,42583,32509,516.646
45651,42005,32058,516.727
45594,42052,32032,516.733
42668,42316,32562,516.81
42497,42457,32484,516.823
42440,42504,32458,516.828
42383,42551,32432,516.831
45718,41973,31981,516.904
45661,42020,31955,516.91
45604,42067,31929,516.915
42792,42237,32511,516.981
42735,42284,32485,516.987
42678,42331,32459,516.994
42621,42378,32433,517.001
42564,42425,32407,517.007
42507,42472,32381,517.011
42450,42519,32355,517.016
45785,41941,31904,517.091
45728,41988,31878,517.099
45671,42035,31852,517.104
45703,42018,31994,517.106
45614,42082,31826,517.11
42859,42205,32434,517.168
42802,42252,32408,517.175
42745,42299,32382,517.182
42777,42282,32524,517.184
42688,42346,32356,517.188
42720,42329,32498,517.189
42631,42393,32330,517.193
42663,42376,32472,517.195
42574,42440,32304,517.198
42606,42423,32446,517.2
42517,42487,32278,517.202
42549,42470,32420,517.204
45852,41909,31827,517.262
45795,41956,31801,517.27
45738,42003,31775,517.277
45770,41986,31917,517.279
45681,42050,31749,517.283
45713,42033,31891,517.285
45624,42097,31723,517.289
42926,42173,32357,517.338
42869,42220,32331,517.346
42812,42267,32305,517.353
42844,42250,32447,517.354
42755,42314,32279,517.358
42787,42297,32421,517.361
42698,42361,32253,517.365
42730,42344,32395,517.367
42641,42408,32227,517.369
42673,42391,32369,517.371
42584,42455,32201,517.373
42616,42438,32343,517.375
45919,41877,31750,517.424
45862,41924,31724,517.434
45805,41971,31698,517.442
45837,41954,31840,517.444
45748,42018,31672,517.448
45780,42001,31814,517.45
45691,42065,31646,517.454
45723,42048,31788,517.455
45634,42112,31620,517.458
42993,42141,32280,517.499
42936,42188,32254,517.506
42879,42235,32228,517.514
42911,42218,32370,517.516
42822,42282,32202,517.519
42854,42265,32344,517.521
42765,42329,32176,517.524
42797,42312,32318,517.526
42708,42376,32150,517.529
42740,42359,32292,517.531
42651,42423,32124,517.534
42683,42406,32266,517.535
45580,37731,33039,517.548
45579,37855,33032,517.552
45578,37979,33025,517.553
46043,41798,31699,517.566
45986,41845,31673,517.575
45929,41892,31647,517.583
45872,41939,31621,517.59
45904,41922,31763,517.592
45815,41986,31595,517.597
45847,41969,31737,517.599
45758,42033,31569,517.603
45790,42016,31711,517.604
45701,42080,31543,517.607
45733,42063,31685,517.608
45644,42127,31517,517.612
43117,42062,32229,517.632
43060,42109,32203,517.641
43003,42156,32177,517.649
42946,42203,32151,517.656
42978,42186,32293,517.658
42889,42250,32125,517.663
42921,42233,32267,517.664
42832,42297,32099,517.668
42864,42280,32241,517.67
42775,42344,32073,517.672
42807,42327,32215,517.674
42718,42391,32047,517.677
42750,42374,32189,517.679
45590,37746,32936,517.695
45589,37870,32929,517.698
45588,37994,32922,517.7
46110,41766,31622,517.702
46053,41813,31596,517.715
45996,41860,31570,517.723
46028,41843,31712,517.727
45939,41907,31544,517.733
45971,41890,31686,517.734
45882,41954,31518,517.739
45914,41937,31660,517.741
45825,42001,31492,517.745
45857,41984,31634,517.747
45768,42048,31466,517.749
45800,42031,31608,517.751
45711,42095,31440,517.753
45743,42078,31582,517.755
43184,42030,32152,517.765
43127,42077,32126,517.776
43070,42124,32100,517.785
43102,42107,32242,517.787
43013,42171,32074,517.793
43045,42154,32216,517.795
42956,42218,32048,517.8
42988,42201,32190,517.802
42899,42265,32022,517.806
42931,42248,32164,517.807
42842,42312,31996,517.81
42874,42295,32138,517.812
42785,42359,31970,517.814
42817,42342,32112,517.816
45600,37761,32833,517.826
45599,37885,32826,517.829
45598,38009,32819,517.83
46120,41781,31519,517.833
46152,41764,31661,517.835
46063,41828,31493,517.843
46095,41811,31635,517.846
46006,41875,31467,517.852
46038,41858,31609,517.853
45949,41922,31441,517.858
45981,41905,31583,517.86
45892,41969,31415,517.864
45924,41952,31557,517.866
45835,42016,31389,517.869
45867,41999,31531,517.87
45778,42063,31363,517.873
45810,42046,31505,517.874
43194,42045,32049,517.881
43226,42028,32191,517.883
43137,42092,32023,517.891
43169,42075,32165,517.894
43080,42139,31997,517.901
43112,42122,32139,517.903
43023,42186,31971,517.907
43055,42169,32113,517.909
42966,42233,31945,517.913
42998,42216,32087,517.914
42909,42280,31919,517.917
42941,42263,32061,517.918
42852,42327,31893,517.921
42884,42310,32035,517.922
45610,37776,32730,517.931
45609,37900,32723,517.933
46130,41796,31416,517.937
46162,41779,31558,517.939
46073,41843,31390,517.946
46105,41826,31532,517.948
46016,41890,31364,517.952
46048,41873,31506,517.954
45959,41937,31338,517.958
45991,41920,31480,517.96
45902,41984,31312,517.962
45934,41967,31454,517.964
45845,42031,31286,517.967
45877,42014,31428,517.969
43204,42060,31946,517.973
43236,42043,32088,517.976
43147,42107,31920,517.984
43179,42090,32062,517.985
43090,42154,31894,517.99
43122,42137,32036,517.992
43033,42201,31868,517.996
43065,42184,32010,517.998
42976,42248,31842,518.001
43008,42231,31984,518.002
42919,42295,31816,518.005
42951,42278,31958,518.006
45620,37791,32627,518.013
46140,41811,31313,518.017
46172,41794,31455,518.018
46083,41858,31287,518.023
46115,41841,31429,518.024
46026,41905,31261,518.029
46058,41888,31403,518.031
45969,41952,31235,518.034
46001,41935,31377,518.035
45912,41999,31209,518.038
45944,41982,31351,518.039
43214,42075,31843,518.042
43246,42058,31985,518.044
43157,42122,31817,518.049
43189,42105,31959,518.051
43100,42169,31791,518.055
43132,42152,31933,518.056
43043,42216,31765,518.059
43075,42199,31907,518.061
42986,42263,31739,518.064
43018,42246,31881,518.066
46150,41826,31210,518.073
46182,41809,31352,518.075
46204,41777,31597,518.077
46093,41873,31184,518.08
46125,41856,31326,518.081
46036,41920,31158,518.084
46068,41903,31300,518.085
45979,41967,31132,518.088
46011,41950,31274,518.089
43224,42090,31740,518.093
43256,42073,31882,518.095
43278,42041,32127,518.096
43167,42137,31714,518.099
43199,42120,31856,518.101
43110,42184,31688,518.103
43142,42167,31830,518.105
43053,42231,31662,518.107
43085,42214,31804,518.109
46160,41841,31107,518.115
46192,41824,31249,518.116
46214,41792,31494,518.118
46103,41888,31081,518.12
46135,41871,31223,518.122
46046,41935,31055,518.125
46078,41918,31197,518.126
43234,42105,31637,518.13
43266,42088,31779,518.131
43288,42056,32024,518.133
43177,42152,31611,518.136
43209,42135,31753,518.137
43120,42199,31585,518.14
43152,42182,31727,518.141
46170,41856,31004,518.147
46202,41839,31146,518.149
46224,41807,31391,518.15
46113,41903,30978,518.153
46145,41886,31120,518.154
43244,42120,31534,518.158
43276,42103,31676,518.16
43298,42071,31921,518.161
43187,42167,31508,518.164
43219,42150,31650,518.166
46180,41871,30901,518.172
46212,41854,31043,518.173
46234,41822,31288,518.175
43254,42135,31431,518.18
43286,42118,31573,518.181
43308,42086,31818,518.183
46244,41837,31185,518.191
43318,42101,31715,518.195
