obj0,obj1,obj2,cpu
24492,49457,46182,5.66088
31608,30551,36703,5.74298
30417,32094,30430,5.83581
32944,28838,29946,5.8402
25099,48032,41215,5.85619
32215,29126,31736,5.93536
31803,31150,29150,6.07521
34330,27894,28666,6.0794
31074,31438,30940,6.12116
33601,28182,30456,6.12522
24827,48860,44868,6.41292
31943,29954,35389,6.49409
30752,31497,29116,6.58538
33279,28241,28632,6.5897
25434,47435,39901,6.60561
30023,31785,30906,6.67869
32550,28529,30422,6.68295
27292,38002,34408,9.49634
25161,45946,47770,9.61214
27961,34491,35996,9.62884
30944,33920,26430,9.69784
29297,32778,29239,9.80471
27899,36577,29441,9.84044
28951,34919,28637,9.88751
25768,44521,42803,9.94245
28568,33066,31029,9.9594
30683,31834,27959,10.0915
34705,28578,28165,10.0976
29954,32122,29749,10.1592
27627,37405,33094,10.4877
25496,45349,46456,10.5897
28296,33894,34682,10.6068
31279,33323,25116,10.6711
30564,34205,25668,10.6888
31175,31011,29515,10.7227
31570,32263,26911,10.7281
29632,32181,27925,10.7583
33654,28925,28131,10.7646
28234,35980,28127,10.7938
30001,33440,26771,10.8229
29286,34322,27323,10.8401
30446,31299,31305,10.8687
26103,43924,41489,10.8871
28903,32469,29715,10.9034
32925,29213,29921,10.9089
25364,46404,42288,11.6863
26033,42893,43876,11.7729
25971,44979,37321,11.9321
32598,30979,29344,11.974
27023,43321,36517,11.9789
26640,41468,38909,12.0159
32330,32976,25150,12.0837
32226,30664,29549,12.1133
32621,31916,26945,12.1171
31052,33093,26805,12.1761
31497,30952,31339,12.2041
25699,45807,40974,12.476
26368,42296,42562,12.5543
34211,30265,26375,12.6394
30855,33145,27463,12.6961
34877,29889,27669,12.7048
26306,44382,36007,12.7285
32933,30382,28030,12.7687
26975,40871,37595,12.8153
36352,29720,25356,13.1189
35262,29918,26409,13.1242
38752,27163,36693,13.1362
36248,27408,29755,13.1388
36643,28660,27151,13.1451
35074,29837,27011,13.1872
33984,30035,28064,13.1925
35519,27696,31545,13.2007
35301,30067,25322,13.374
34586,30949,25874,13.3859
35197,27755,29721,13.3982
35592,29007,27117,13.4108
34023,30184,26977,13.4687
33308,31066,27529,13.4852
32851,31836,27540,24.8685
32897,31820,27659,24.8697
32759,31868,27302,28.4324
32805,31852,27421,28.4335
32667,31900,27064,32.8004
32943,31804,27778,32.8032
37149,28484,28460,32.8069
37195,28468,28579,32.8085
31616,32247,27030,33.5822
31662,32231,27149,33.5833
32713,31884,27183,38.1034
32989,31788,27897,38.1039
33035,31772,28016,38.1051
37103,28500,28341,38.1089
31938,32135,27863,38.9834
30993,33097,27820,39.4165
34923,29873,27788,39.5968
31605,30701,36795,42.7744
36689,28644,27270,44.2847
36735,28628,27389,44.2862
31708,32215,27268,45.1942
30947,33113,27701,45.7244
35015,29841,28026,45.8656
32206,29576,32012,51.0173
32203,29726,32104,51.018
37011,28532,28103,51.1412
37057,28516,28222,51.1427
34324,28194,28850,51.1731
31846,32167,27625,52.0757
31892,32151,27744,52.0769
35776,28943,27593,52.0859
35822,28927,27712,52.0875
30901,33129,27582,52.675
33270,28691,28908,52.6783
33267,28841,29000,52.679
34969,29857,27907,52.8449
27236,40494,36620,56.1022
27232,40672,36778,56.1029
31602,30851,36887,56.235
27851,38713,31337,56.7021
27847,38891,31495,56.7028
32212,29276,31828,58.0968
38684,27313,36755,58.2345
36112,27708,29879,58.2451
36827,28596,27627,58.2598
36873,28580,27746,58.2615
34327,28044,28758,58.2915
34757,31267,25818,58.6814
31800,32183,27506,59.3041
35684,28975,27355,59.3134
35730,28959,27474,59.315
35914,28895,27950,59.3156
35960,28879,28069,59.3171
33273,28541,28816,59.954
32520,30029,31342,62.4467
25175,47718,43296,63.2643
25154,47864,43408,63.265
27252,39782,35988,63.2966
27248,39960,36146,63.2972
25844,44207,44884,63.3061
25823,44353,44996,63.3068
30940,34098,26588,63.4569
29293,32956,29397,63.4606
32938,29138,30130,63.4623
27871,37823,30547,64.0105
27867,38001,30705,64.0112
27823,39959,32443,64.0117
27819,40137,32601,64.0124
28548,33956,31819,65.535
28544,34134,31977,65.5357
32209,29426,31920,65.5795
32200,29876,32196,65.581
36180,27558,29817,65.7756
36781,28612,27508,65.7872
36919,28564,27865,65.7907
34938,30137,27135,65.8411
25510,47121,41982,65.8625
25489,47267,42094,65.8632
28288,34250,34998,66.2516
28284,34428,35156,66.2523
34825,31117,25756,66.2771
30540,35273,26616,66.5337
31754,32199,27387,67.0265
35638,28991,27236,67.0331
35868,28911,27831,67.0355
33276,28391,28724,67.7435
33264,28991,29092,67.7445
33382,29525,28379,67.7485
33314,29675,28441,67.7492
32921,30982,28398,69.3651
32918,31132,28490,69.3658
32532,29429,30974,70.3748
32529,29579,31066,70.3755
25343,46550,42400,71.3138
25322,46696,42512,71.3146
27272,38892,35198,71.3455
27268,39070,35356,71.3462
27244,40138,36304,71.3467
27240,40316,36462,71.3474
25907,43769,44548,71.3562
25886,43915,44660,71.3569
32941,28988,30038,71.4561
33115,29972,29631,71.4566
33047,30122,29693,71.4573
25341,49359,40681,71.4832
25320,49505,40793,71.4839
27879,37467,30231,71.6481
27875,37645,30389,71.6488
27855,38535,31179,71.6494
27843,39069,31653,71.6504
27839,39247,31811,71.6511
32595,31129,29436,71.6597
26918,44051,37077,71.6603
26897,44197,37189,71.661
26514,42344,39581,71.7148
26493,42490,39693,71.7155
28560,33422,31345,73.464
28556,33600,31503,73.4648
32185,30626,32656,73.4842
36284,29870,25418,73.6211
36965,28548,27984,73.6489
34637,28728,28227,73.6626
35006,29987,27073,73.6849
25531,46975,41870,73.6984
26263,43026,43122,73.7552
26242,43172,43234,73.756
28292,34072,34840,74.0953
35097,30517,25508,74.116
35029,30667,25570,74.1167
34193,31165,26927,74.2849
30544,35095,26458,74.2881
31171,31189,29673,74.8719
31167,31367,29831,74.8726
29628,32359,28083,75.5563
29624,32537,28241,75.5569
33252,29591,29460,75.57
33249,29741,29552,75.5707
33450,29375,28317,75.5752
28206,37226,29233,76.0997
28202,37404,29391,76.1006
32927,30682,28214,76.5897
32924,30832,28306,76.5904
32544,28829,30606,77.8149
32541,28979,30698,77.8156
32523,29879,31250,77.8162
32449,30263,30355,77.8251
32381,30413,30417,77.8258
25259,47134,42848,78.8974
25238,47280,42960,78.8982
25133,48010,43520,78.8988
24734,50784,45648,78.9
24713,50930,45760,78.9007
27276,38714,35040,78.9264
27260,39426,35672,78.9275
27256,39604,35830,78.9282
25949,43477,44324,78.9381
25928,43623,44436,78.9389
25865,44061,44772,78.9399
25571,46105,46340,78.9405
25550,46251,46452,78.9412
33183,29822,29569,79.01
25845,45855,37993,79.0236
25824,46001,38105,79.0243
25257,49943,41129,79.0249
27883,37289,30073,79.0965
27863,38179,30863,79.0984
27859,38357,31021,79.0991
27831,39603,32127,79.1005
27827,39781,32285,79.1011
26939,43905,36965,79.1085
28935,35631,29269,79.1289
28931,35809,29427,79.1296
26619,41614,39021,79.1349
26598,41760,39133,79.1357
28564,33244,31187,79.2463
28552,33778,31661,79.2479
28520,35202,32925,79.2484
28516,35380,33083,79.2491
32194,30176,32380,79.2685
32191,30326,32472,79.2694
32326,33154,25308,79.3258
31048,33271,26963,79.3733
25573,46683,41646,79.3785
25552,46829,41758,79.3792
26347,42442,42674,79.41
26326,42588,42786,79.4108
28276,34784,35472,79.458
28272,34962,35630,79.4587
31940,30104,35481,79.4648
31937,30254,35573,79.4655
31271,33679,25432,79.4704
31267,33857,25590,79.4711
35233,30217,25384,79.4739
35165,30367,25446,79.4746
34961,30817,25632,79.4752
34893,30967,25694,79.4759
34196,31015,26835,79.5238
30556,34561,25984,79.526
30552,34739,26142,79.5267
33255,29441,29368,80.1381
33518,29225,28255,80.1407
26117,45696,37015,80.2483
26096,45842,37127,80.2491
28210,37048,29075,80.3445
32930,30532,28122,80.53
32909,31582,28766,80.5315
26765,42331,38715,80.7539
26744,42477,38827,80.7546
32547,28679,30514,81.8001
32538,29129,30790,81.8017
32526,29729,31158,81.8028
32585,29963,30231,81.8063
32517,30113,30293,81.807
25280,46988,42736,82.3872
25196,47572,43184,82.3884
25091,48302,43744,82.3903
25070,48448,43856,82.3911
24755,50638,45536,82.3916
24671,51222,45984,82.3927
24650,51368,46096,82.3934
27280,38536,34882,82.4129
27264,39248,35514,82.414
25970,43331,44212,82.4206
25718,45083,45556,82.4234
25697,45229,45668,82.4241
27929,35915,37260,82.4592
27925,36093,37418,82.4599
33251,29672,29507,82.4744
32843,30572,29879,82.4755
25887,45563,37769,82.4819
25866,45709,37881,82.4826
25425,48775,40233,82.4839
25299,49651,40905,82.485
27887,37111,29915,82.5313
27835,39425,31969,82.534
27807,40671,33075,82.5359
27002,43467,36629,82.5401
28947,35097,28795,82.5526
28943,35275,28953,82.5533
26556,42052,39357,82.5581
26535,42198,39469,82.5588
26262,44096,40925,82.5594
26241,44242,41037,82.5601
28540,34312,32135,82.6304
32197,30026,32288,82.6399
32188,30476,32564,82.6414
35259,30068,26501,82.6706
25615,46391,41422,82.7106
25594,46537,41534,82.7114
27595,38829,34358,82.7275
26284,42880,43010,82.7397
28280,34606,35314,82.7762
31275,33501,25274,82.7851
34202,30715,26651,82.8053
34199,30865,26743,82.806
30560,34383,25826,82.8082
30548,34917,26300,82.8093
34314,31549,26122,82.8109
34246,31699,26184,82.8115
33261,29141,29184,83.1216
33586,29075,28193,83.1233
33110,30125,28627,83.1244
33042,30275,28689,83.1251
26264,44674,36231,83.1977
26243,44820,36343,83.1985
28230,36158,28285,83.2393
32912,31432,28674,83.3
33036,31666,27777,83.3457
30442,31477,31463,83.4519
26912,41309,37931,83.4534
26891,41455,38043,83.4542
28899,32647,29873,83.7975
28895,32825,30031,83.7983
32535,29279,30882,83.8089
32653,29813,30169,83.8117
25301,46842,42624,83.9789
25217,47426,43072,83.98
25049,48594,43968,83.9819
24797,50346,45312,83.9825
24776,50492,45424,83.9832
24692,51076,45872,83.9843
27284,38358,34724,83.9955
25991,43185,44100,84.0005
25760,44791,45332,84.0023
25676,45375,45780,84.0033
27957,34669,36154,84.0224
32911,30422,29817,84.0332
25908,45417,37657,84.0382
25383,49067,40457,84.0413
25362,49213,40569,84.0422
25278,49797,41017,84.0428
27891,36933,29757,84.0723
27811,40493,32917,84.0742
26981,43613,36741,84.0772
26960,43759,36853,84.078
28939,35453,29111,84.085
26577,41906,39245,84.0882
26283,43950,40813,84.0903
28536,34490,32293,84.1415
32114,30860,31669,84.1493
36216,30020,25480,84.1648
36621,28794,27332,84.1758
36553,28944,27394,84.1765
25678,45953,41086,84.2037
25657,46099,41198,84.2045
25468,47413,42206,84.206
27615,37939,33568,84.212
27611,38117,33726,84.2127
26305,42734,42898,84.2182
31934,30404,35665,84.2418
31931,30554,35757,84.2425
31263,34035,25748,84.2443
34205,30565,26559,84.2555
34518,31099,25936,84.2592
34450,31249,25998,84.26
33702,32899,26680,84.2607
33258,29291,29276,84.4763
33178,29975,28565,84.4792
26285,44528,36119,84.5385
26222,44966,36455,84.5397
26201,45112,36567,84.5404
26075,45988,37239,84.541
28222,36514,28601,84.5585
28218,36692,28759,84.5592
32915,31282,28582,84.5985
27190,43892,36099,84.6012
27169,44038,36211,84.6019
29266,35212,28113,84.6172
29262,35390,28271,84.6179
33104,31516,27715,84.6251
26954,41017,37707,84.6762
26870,41601,38155,84.6768
26849,41747,38267,84.6777
32857,29363,29983,84.76
32789,29513,30045,84.7608
32313,30563,30479,84.7618
24881,49762,44864,84.8283
24818,50200,45200,84.8294
27288,38180,34566,84.8378
27212,41562,37568,84.8389
26012,43039,43988,84.8414
25802,44499,45108,84.8423
25739,44937,45444,84.844
25613,45813,46116,84.8453
25592,45959,46228,84.846
27933,35737,37102,84.8577
32979,30272,29755,84.8695
25929,45271,37545,84.8722
25803,46147,38217,84.8738
25404,48921,40345,84.8744
27895,36755,29599,84.8962
27815,40315,32759,84.8979
26472,42636,39805,84.9068
26178,44680,41373,84.9075
26157,44826,41485,84.9082
28532,34668,32451,84.9414
28528,34846,32609,84.9421
32386,30260,31421,84.9473
32318,30410,31483,84.9488
32617,32094,27103,84.9611
30679,32012,28117,84.9802
25636,46245,41310,84.9891
27619,37761,33410,84.9906
27607,38295,33884,84.9921
26221,43318,43346,84.9947
26200,43464,43458,84.9954
28264,35318,35946,85.0082
31925,30854,35941,85.0114
34208,30415,26467,85.0206
34382,31399,26060,85.0225
33770,32749,26618,85.0235
29612,33071,28715,85.1569
29608,33249,28873,85.1576
33246,29825,28503,85.1627
26159,45404,36791,85.2138
26138,45550,36903,85.2146
28226,36336,28443,85.2236
28214,36870,28917,85.2251
29989,33974,27245,85.2267
29985,34152,27403,85.2274
27253,43454,35763,85.2544
27148,44184,36323,85.2554
29274,34856,27797,85.261
29270,35034,27955,85.2617
29258,35568,28429,85.2628
33240,31216,27591,85.2661
26933,41163,37819,85.2864
26786,42185,38603,85.2884
32721,29663,30107,85.3298
24986,49032,44304,85.3549
24965,49178,44416,85.3556
27216,41384,37410,85.3621
25655,45521,45892,85.3661
27953,34847,36312,85.3756
27917,36449,37734,85.3761
25950,45125,37433,85.3862
25740,46585,38553,85.3869
25719,46731,38665,85.3877
26876,44343,37301,85.407
26367,43366,40365,85.4085
26346,43512,40477,85.4093
26199,44534,41261,85.4099
28524,35024,32767,85.4279
28512,35558,33241,85.4291
32522,29960,31297,85.4321
32454,30110,31359,85.4328
32182,30710,31607,85.4334
32222,30842,29707,85.4391
27623,37583,33252,85.468
27603,38473,34042,85.4691
28268,35140,35788,85.479
31928,30704,35849,85.4806
34178,31849,26246,85.4848
34110,31999,26308,85.4855
29620,32715,28399,85.5695
29616,32893,28557,85.5702
26180,45258,36679,85.6172
29997,33618,26929,85.6224
29993,33796,27087,85.6231
33955,30334,27039,85.6251
27232,43600,35875,85.6366
27211,43746,35987,85.6374
29282,34500,27481,85.6416
29278,34678,27639,85.6423
29254,35746,28587,85.6437
33172,31366,27653,85.6454
30438,31655,31621,85.6545
26807,42039,38491,85.6565
25007,48886,44192,85.698
24923,49470,44640,85.6991
24902,49616,44752,85.6998
27220,41206,37252,85.7015
25634,45667,46004,85.7026
27937,35559,36944,85.7082
27921,36271,37576,85.7092
25782,46293,38329,85.7155
25656,47169,39001,85.7162
25635,47315,39113,85.7169
26430,42928,40029,85.7247
26409,43074,40141,85.7254
26304,43804,40701,85.726
26220,44388,41149,85.7273
28508,35736,33399,85.7381
32250,30560,31545,85.7399
27599,38651,34200,85.7643
33906,32449,26494,85.7742
33838,32599,26556,85.7749
31566,32441,27069,85.8
29604,33427,29031,85.8394
29600,33605,29189,85.8401
32566,31325,29123,85.8429
34809,30039,27731,85.8538
34855,30023,27850,85.8552
34787,30173,27912,85.8559
26828,41893,38379,85.8942
28879,33537,30663,85.9019
28875,33715,30821,85.9026
32177,30863,30603,85.9071
25028,48740,44080,85.9238
24944,49324,44528,85.925
27228,40850,36936,85.9283
27949,35025,36470,85.9313
29289,33134,29555,85.9339
25761,46439,38441,85.9366
25698,46877,38777,85.9382
25530,48045,39673,85.9389
25509,48191,39785,85.9398
26451,42782,39917,85.9442
26388,43220,40253,85.9454
26325,43658,40589,85.9468
28504,35914,33557,85.9555
36575,28810,27213,85.9586
36507,28960,27275,85.9594
26179,43610,43570,85.9769
33974,32299,26432,85.9809
35524,29157,27179,85.9938
35456,29307,27241,85.9945
30851,33323,27621,86.0191
32838,30725,28875,86.0197
32770,30875,28937,86.0205
28891,33003,30189,86.0467
28887,33181,30347,86.0475
27224,41028,37094,86.0587
27941,35381,36786,86.0598
29285,33312,29713,86.0609
25677,47023,38889,86.0638
25551,47899,39561,86.0649
25488,48337,39897,86.0661
26137,43902,43794,86.0851
34042,32149,26370,86.0897
35434,29441,27422,86.1014
35366,29591,27484,86.1021
32906,30575,28813,86.1188
32702,31025,28999,86.1199
32634,31175,29061,86.1206
33615,31084,27349,86.1302
33547,31234,27411,86.1309
28883,33359,30505,86.1384
28871,33893,30979,86.1395
27945,35203,36628,86.1491
25614,47461,39225,86.1523
26158,43756,43682,86.162
31554,32975,27543,86.1665
35388,29457,27303,86.1688
35320,29607,27365,86.1695
35502,29291,27360,86.1701
33751,30784,27225,86.189
33683,30934,27287,86.1897
33479,31384,27473,86.1903
27127,44330,36435,86.1913
25593,47607,39337,86.2027
25572,47753,39449,86.2035
34569,28878,28289,86.2081
31558,32797,27385,86.2112
35252,29757,27427,86.2142
35570,29141,27298,86.2157
33887,30484,27101,86.2266
31562,32619,27227,86.2375
35298,29741,27546,86.241
33819,30634,27163,86.246
