obj0,obj1,obj2,obj3,cpu
29431,35829,30058,32331,0.836528
30171,35967,30394,31484,0.848015
28033,35098,31883,30971,0.860777
28773,35236,32219,30124,0.8753
27813,35126,31328,32286,0.890792
28553,35264,31664,31439,0.901976
27575,34765,33323,31776,0.912693
28315,34903,33659,30929,0.922889
31082,28209,37944,36524,1.34001
31814,28099,38120,34965,1.34225
29247,28408,35964,36110,1.34471
29979,28298,36140,34551,1.34705
29009,28047,37959,35600,1.34936
29741,27937,38135,34041,1.35164
28880,34301,33081,30927,1.35913
29612,34191,33257,29368,1.36597
27482,33570,34906,29567,1.3733
28214,33460,35082,28008,1.38012
27262,33598,34351,30882,1.38732
27994,33488,34527,29323,1.39406
27024,33237,36346,30372,1.40151
27756,33127,36522,28813,1.40831
29129,34129,29781,35688,1.46176
29869,34267,30117,34841,1.46825
27731,33398,31606,34328,1.47468
28471,33536,31942,33481,1.48103
27511,33426,31051,35643,1.48741
28251,33564,31387,34796,1.49371
27273,33065,33046,35133,1.50004
28013,33203,33382,34286,1.50657
30357,34639,32328,31574,1.54291
28219,33770,33817,31061,1.56126
28959,33908,34153,30214,1.57902
27999,33798,33262,32376,1.5971
28739,33936,33598,31529,1.61452
27761,33437,35257,31866,1.63203
28478,30161,33184,33584,1.94522
29210,30051,33360,32025,1.94943
27080,29430,35009,32224,1.95357
27812,29320,35185,30665,1.95771
26860,29458,34454,33539,1.96183
27592,29348,34630,31980,1.96595
26622,29097,36449,33029,1.96996
27354,28987,36625,31470,1.97391
29650,30710,32586,32781,1.98469
30382,30600,32762,31222,1.99577
28252,29979,34411,31421,2.00648
28984,29869,34587,29862,2.01708
28032,30007,33856,32736,2.02837
28764,29897,34032,31177,2.03914
29215,30361,32095,35078,2.0716
29955,30499,32431,34231,2.08245
27817,29630,33920,33718,2.09359
28557,29768,34256,32871,2.10425
27597,29658,33365,35033,2.11522
28337,29796,33701,34186,2.12592
27359,29297,35360,34523,2.13652
30201,32238,29563,34185,2.1663
30387,30910,31497,34275,2.17537
30941,32376,29899,33338,2.195
31127,31048,31833,33428,2.20388
28803,31507,31388,32825,2.22315
28989,30179,33322,32915,2.23209
29543,31645,31724,31978,2.25068
31156,29157,34277,36801,2.2729
28583,31535,30833,34140,2.27887
28769,30207,32767,34230,2.2879
31896,29295,34613,35954,2.30067
29323,31673,31169,33293,2.3063
29509,30345,33103,33383,2.31468
28345,31174,32828,33630,2.33314
29085,31312,33164,32783,2.36017
32986,28648,37522,34162,2.54376
30419,28957,35366,35307,2.56189
31151,28847,35542,33748,2.57391
30913,28486,37537,33238,2.6071
29984,28608,34875,37604,2.67727
30724,28746,35211,36757,2.69572
29746,28247,36870,37094,2.71393
27877,31094,33692,34138,7.14979
27882,31216,33673,34173,7.15218
27657,31122,33137,35453,7.20489
27662,31244,33118,35488,7.20718
28259,34746,33665,31341,7.56819
28264,34868,33646,31376,7.56986
29019,30911,33208,33125,7.57985
29024,31033,33189,33160,7.58339
28039,34774,33110,32656,7.78356
28044,34896,33091,32691,7.78529
28799,30939,32653,34440,7.79755
28804,31061,32634,34475,7.80146
29235,30849,32019,35218,8.59952
29240,30971,32000,35253,8.60195
27837,30118,33844,33858,8.66332
27842,30240,33825,33893,8.6658
27922,32192,33521,34453,8.66825
27927,32314,33502,34488,8.67059
27617,30146,33289,35173,8.7293
27622,30268,33270,35208,8.73167
27702,32220,32966,35768,8.73403
27707,32342,32947,35803,8.73645
30397,31154,31459,34345,8.91497
30402,31276,31440,34380,8.91859
28239,34258,33741,31201,9.21356
28244,34380,33722,31236,9.21531
28999,30423,33284,32985,9.22573
29004,30545,33265,33020,9.22918
28999,34884,34001,30494,9.41194
29004,35006,33982,30529,9.41357
28019,34286,33186,32516,9.5216
28024,34408,33167,32551,9.5233
28779,30451,32729,34300,9.53375
28784,30573,32710,34335,9.53757
29539,31077,32989,33593,9.62549
29544,31199,32970,33628,9.62937
29220,30483,32076,35113,10.5516
29225,30605,32057,35148,10.5542
29250,31215,31962,35323,10.5567
29255,31337,31943,35358,10.5592
29975,30987,32355,34371,10.5659
29980,31109,32336,34406,10.5684
27822,29752,33901,33753,10.6157
27827,29874,33882,33788,10.6184
27852,30484,33787,33963,10.6208
27857,30606,33768,33998,10.6233
27892,31460,33635,34243,10.6259
27897,31582,33616,34278,10.6283
27952,32924,33407,34663,10.6307
27957,33046,33388,34698,10.633
30004,29096,34799,37744,10.6625
30009,29218,34780,37779,10.6642
27602,29780,33346,35068,10.672
27607,29902,33327,35103,10.6746
27632,30512,33232,35278,10.6771
27637,30634,33213,35313,10.6794
27672,31488,33080,35558,10.6819
27677,31610,33061,35593,10.6845
27732,32952,32852,35978,10.687
27737,33074,32833,36013,10.6894
28357,30284,33625,34326,10.7205
28362,30406,33606,34361,10.7229
30392,31032,31478,34310,10.8696
30407,31398,31421,34415,10.8731
31137,31292,31795,33498,11.149
31142,31414,31776,33533,11.1525
28229,34014,33779,31131,11.2741
28234,34136,33760,31166,11.2758
28249,34502,33703,31271,11.2775
28254,34624,33684,31306,11.2792
28994,30301,33303,32950,11.2885
29009,30667,33246,33055,11.292
29014,30789,33227,33090,11.2955
29029,31155,33170,33195,11.299
29034,31277,33151,33230,11.3024
28979,34396,34077,30354,11.5697
28984,34518,34058,30389,11.5714
31166,29401,34239,36871,11.6149
31171,29523,34220,36906,11.618
28009,34042,33224,32446,11.6771
28014,34164,33205,32481,11.6787
28029,34530,33148,32586,11.6804
28034,34652,33129,32621,11.6821
28774,30329,32748,34265,11.6922
28789,30695,32691,34370,11.6961
28794,30817,32672,34405,11.7001
28809,31183,32615,34510,11.7039
28814,31305,32596,34545,11.7078
28759,34424,33522,31669,11.7547
28764,34546,33503,31704,11.7564
29519,30589,33065,33453,11.7801
29524,30711,33046,33488,11.7838
28108,31635,34843,31361,12.2678
28096,31773,34879,31356,12.2702
27888,31663,34288,32676,12.5888
27876,31801,34324,32671,12.5911
29230,30727,32038,35183,12.8986
29245,31093,31981,35288,12.903
29260,31459,31924,35393,12.9057
29960,30621,32412,34266,12.9145
29965,30743,32393,34301,12.917
29990,31353,32298,34476,12.9195
27832,29996,33863,33823,12.9514
27847,30362,33806,33928,12.9558
27862,30728,33749,34033,12.9583
27867,30850,33730,34068,12.9608
27887,31338,33654,34208,12.9651
27902,31704,33597,34313,12.9677
27907,31826,33578,34348,12.9702
27932,32436,33483,34523,12.9728
27937,32558,33464,34558,12.9754
28562,29890,34237,32906,12.9865
29994,28852,34837,37674,12.9955
29999,28974,34818,37709,12.9972
27612,30024,33308,35138,13.0102
27627,30390,33251,35243,13.0145
27642,30756,33194,35348,13.017
27647,30878,33175,35383,13.0199
27667,31366,33099,35523,13.0243
27682,31732,33042,35628,13.0269
27687,31854,33023,35663,13.0294
27712,32464,32928,35838,13.032
27717,32586,32909,35873,13.0345
30744,29234,35135,36897,13.041
28342,29918,33682,34221,13.0574
28347,30040,33663,34256,13.0601
28372,30650,33568,34431,13.0626
28377,30772,33549,34466,13.0651
30057,33894,29995,34125,13.1044
30045,34032,30031,34120,13.1068
30367,34883,32290,31644,13.5671
30372,35005,32271,31679,13.5689
31132,31170,31814,33463,13.5816
28659,33163,31820,32765,13.6381
28647,33301,31856,32760,13.6404
28224,33892,33798,31096,13.7373
28269,34990,33627,31411,13.7452
29039,31399,33132,33265,13.7725
28969,34152,34115,30284,14.1294
28974,34274,34096,30319,14.1311
28989,34640,34039,30424,14.133
28994,34762,34020,30459,14.1347
31161,29279,34258,36836,14.1635
28439,33191,31265,34080,14.1709
28427,33329,31301,34075,14.1732
28004,33920,33243,32411,14.241
28049,35018,33072,32726,14.2489
28819,31427,32577,34580,14.2774
28749,34180,33560,31599,14.3285
28754,34302,33541,31634,14.3302
28769,34668,33484,31739,14.3319
28774,34790,33465,31774,14.3336
29514,30467,33084,33418,14.3534
29529,30833,33027,33523,14.3573
29534,30955,33008,33558,14.3611
28201,32830,33260,33570,14.4007
28189,32968,33296,33565,14.4032
27766,33559,35238,31901,14.4599
29602,31262,32730,32761,14.5865
29590,31400,32766,32756,14.5889
30238,32256,33194,31162,14.6104
30226,32394,33230,31157,14.6127
28204,30531,34555,31401,14.9503
28192,30669,34591,31396,14.9527
28000,32877,35167,31316,14.955
28840,31525,35019,29802,14.9935
28828,31663,35055,29797,14.9959
27984,30559,34000,32716,15.3917
27972,30697,34036,32711,15.3941
27780,32905,34612,32631,15.3966
28620,31553,34464,31117,15.4558
28608,31691,34500,31112,15.4582
27542,32544,36607,32121,15.6889
28382,31192,36459,30607,15.7216
28370,31330,36495,30602,15.724
29970,30865,32374,34336,15.7919
29985,31231,32317,34441,15.7965
27872,30972,33711,34103,15.844
27912,31948,33559,34383,15.8571
27917,32070,33540,34418,15.8599
27942,32680,33445,34593,15.866
27947,32802,33426,34628,15.8686
27962,33168,33369,34733,15.8711
27967,33290,33350,34768,15.8737
29989,28730,34856,37639,15.8864
27652,31000,33156,35418,15.922
27692,31976,33004,35698,15.935
27697,32098,32985,35733,15.9375
27722,32708,32890,35908,15.9436
27727,32830,32871,35943,15.9462
27742,33196,32814,36048,15.9488
27747,33318,32795,36083,15.9513
30734,28990,35173,36827,15.9531
30739,29112,35154,36862,15.9548
28352,30162,33644,34291,15.9746
28367,30528,33587,34396,15.9789
28382,30894,33530,34501,15.9815
28387,31016,33511,34536,15.9841
29751,28369,36851,37129,16.0041
30153,32790,29707,34165,16.0181
30141,32928,29743,34160,16.0206
29949,35136,30319,34080,16.0231
29937,35274,30355,34075,16.0255
30797,34032,30331,33278,16.1012
30785,34170,30367,33273,16.1035
30362,34761,32309,31609,16.5537
28755,32059,31532,32805,16.6244
28743,32197,31568,32800,16.6268
28551,34405,32144,32720,16.6294
28539,34543,32180,32715,16.6317
29399,33301,32156,31918,16.7633
29387,33439,32192,31913,16.7658
28964,34030,34134,30249,17.2087
29009,35128,33963,30564,17.2167
28535,32087,30977,34120,17.2376
28523,32225,31013,34115,17.2399
28331,34433,31589,34035,17.2424
28319,34571,31625,34030,17.2448
31901,29417,34594,35989,17.3672
28744,34058,33579,31564,17.4197
28297,31726,32972,33610,17.4894
28285,31864,33008,33605,17.492
28941,32968,33596,32723,17.5319
28929,33106,33632,32718,17.5343
29207,29177,36055,33709,17.606
29292,29168,36130,33800,17.6078
28969,28816,38050,33199,17.6362
29054,28807,38125,33290,17.6379
29638,30848,32622,32776,17.6859
29626,30986,32658,32771,17.6886
30334,31152,32906,31202,17.7114
30322,31290,32942,31197,17.7139
30130,33498,33518,31117,17.7165
30118,33636,33554,31112,17.719
28240,30117,34447,31416,17.9464
28228,30255,34483,31411,17.9489
28168,30945,34663,31386,17.9514
28156,31083,34699,31381,17.954
28072,32049,34951,31346,17.9566
28060,32187,34987,31341,17.9591
28936,30421,34731,29842,17.9844
28924,30559,34767,29837,17.9868
28732,32767,35343,29757,17.9892
28720,32905,35379,29752,17.9916
28020,30145,33892,32731,18.245
28008,30283,33928,32726,18.2475
27948,30973,34108,32701,18.25
27936,31111,34144,32696,18.2524
27852,32077,34396,32661,18.2549
27840,32215,34432,32656,18.2573
28716,30449,34176,31157,18.3066
28704,30587,34212,31152,18.3091
28512,32795,34788,31072,18.3116
28500,32933,34824,31067,18.314
28478,30088,36171,30647,18.5301
28466,30226,36207,30642,18.5325
28274,32434,36783,30562,18.535
28262,32572,36819,30557,18.5374
28276,33345,31726,36462,18.734
28361,33336,31801,36553,18.7359
30729,28868,35192,36792,18.8187
28392,31138,33492,34571,18.8549
30189,32376,29599,34180,18.8718
30177,32514,29635,34175,18.8746
30117,33204,29815,34150,18.8772
30105,33342,29851,34145,18.8797
30021,34308,30103,34110,18.8822
30009,34446,30139,34105,18.8847
30893,32928,30043,33318,18.9505
30881,33066,30079,33313,18.9531
30689,35274,30655,33233,18.9556
30677,35412,30691,33228,18.958
28791,31645,31424,32820,19.2873
28779,31783,31460,32815,19.29
28719,32473,31640,32790,19.2925
28707,32611,31676,32785,19.2951
28623,33577,31928,32750,19.2976
28611,33715,31964,32745,19.3002
29495,32197,31868,31958,19.4214
29483,32335,31904,31953,19.4239
29291,34543,32480,31873,19.4264
29279,34681,32516,31868,19.4288
28571,31673,30869,34135,19.6852
28559,31811,30905,34130,19.6879
28499,32501,31085,34105,19.6907
28487,32639,31121,34100,19.6934
28403,33605,31373,34065,19.696
28391,33743,31409,34060,19.6984
29275,32225,31313,33273,19.7919
29263,32363,31349,33268,19.7943
28333,31312,32864,33625,19.9437
28321,31450,32900,33620,19.9466
28261,32140,33080,33595,19.9492
28249,32278,33116,33590,19.9518
28165,33244,33368,33555,19.9545
28153,33382,33404,33550,19.957
29037,31864,33308,32763,19.9789
29025,32002,33344,32758,19.9813
29002,29194,36235,31939,20.0422
29087,29185,36310,32030,20.0441
27200,29422,34754,33903,20.0676
27285,29413,34829,33994,20.0694
28357,29267,35305,32799,20.0784
28442,29258,35380,32890,20.0802
26962,29061,36749,33393,20.1035
27047,29052,36824,33484,20.1053
28119,28906,37300,32289,20.1144
28204,28897,37375,32380,20.1163
29614,31124,32694,32766,20.1524
29578,31538,32802,32751,20.1568
30370,30738,32798,31217,20.1745
30358,30876,32834,31212,20.1771
30298,31566,33014,31187,20.1797
30286,31704,33050,31182,20.1823
30202,32670,33302,31147,20.1853
30190,32808,33338,31142,20.1879
28216,30393,34519,31406,20.3925
28180,30807,34627,31391,20.397
28144,31221,34735,31376,20.3998
28132,31359,34771,31371,20.4024
28084,31911,34915,31351,20.4068
28048,32325,35023,31336,20.4095
28036,32463,35059,31331,20.412
28972,30007,34623,29857,20.428
28960,30145,34659,29852,20.4306
28900,30835,34839,29827,20.4334
28888,30973,34875,29822,20.4359
28804,31939,35127,29787,20.4385
28792,32077,35163,29782,20.4409
27996,30421,33964,32721,20.6529
27960,30835,34072,32706,20.6574
27924,31249,34180,32691,20.6601
27912,31387,34216,32686,20.6627
27864,31939,34360,32666,20.6671
27828,32353,34468,32651,20.6697
27816,32491,34504,32646,20.6722
28752,30035,34068,31172,20.7177
28740,30173,34104,31167,20.7203
28680,30863,34284,31142,20.7229
28668,31001,34320,31137,20.7255
28584,31967,34572,31102,20.7283
28572,32105,34608,31097,20.7309
27590,31992,36463,32141,20.8872
27578,32130,36499,32136,20.8898
28514,29674,36063,30662,20.9272
28502,29812,36099,30657,20.9298
28442,30502,36279,30632,20.9325
28430,30640,36315,30627,20.9349
28346,31606,36567,30592,20.9376
28334,31744,36603,30587,20.94
29809,34057,30381,36416,20.9762
29894,34048,30456,36507,20.978
28326,33335,32131,34965,21.0342
28411,33326,32206,35056,21.0361
27851,33390,31351,36007,21.132
27936,33381,31426,36098,21.1338
30165,32652,29671,34170,21.2841
30129,33066,29779,34155,21.2885
30093,33480,29887,34140,21.2911
30081,33618,29923,34135,21.2937
30033,34170,30067,34115,21.298
29997,34584,30175,34100,21.3005
29985,34722,30211,34095,21.3031
29925,35412,30391,34070,21.3058
29913,35550,30427,34065,21.3084
30929,32514,29935,33333,21.3671
30917,32652,29971,33328,21.3697
30857,33342,30151,33303,21.3725
30845,33480,30187,33298,21.3754
30761,34446,30439,33263,21.3781
30749,34584,30475,33258,21.3806
28767,31921,31496,32810,21.6723
28731,32335,31604,32795,21.6768
28695,32749,31712,32780,21.6796
28683,32887,31748,32775,21.6822
28635,33439,31892,32755,21.6871
28599,33853,32000,32740,21.6906
28587,33991,32036,32735,21.6934
28527,34681,32216,32710,21.696
28515,34819,32252,32705,21.6986
29531,31783,31760,31973,21.8253
29519,31921,31796,31968,21.828
29459,32611,31976,31943,21.8307
29447,32749,32012,31938,21.8334
29363,33715,32264,31903,21.8361
29351,33853,32300,31898,21.8386
28547,31949,30941,34125,22.0611
28511,32363,31049,34110,22.0656
28475,32777,31157,34095,22.0684
28463,32915,31193,34090,22.071
28415,33467,31337,34070,22.0755
28379,33881,31445,34055,22.0782
28367,34019,31481,34050,22.0807
28307,34709,31661,34025,22.0834
28295,34847,31697,34020,22.0859
29311,31811,31205,33288,22.1823
29299,31949,31241,33283,22.1854
28309,31588,32936,33615,22.3342
28273,32002,33044,33600,22.339
28237,32416,33152,33585,22.3417
28225,32554,33188,33580,22.3445
28177,33106,33332,33560,22.3492
28141,33520,33440,33545,22.3522
28129,33658,33476,33540,22.3553
29073,31450,33200,32778,22.3632
29061,31588,33236,32773,22.3659
29001,32278,33416,32748,22.3687
28989,32416,33452,32743,22.3715
28905,33382,33704,32708,22.3744
28893,33520,33740,32703,22.3769
28818,30125,33484,33948,22.4193
28903,30116,33559,34039,22.4212
29890,29979,33960,32753,22.4232
27335,29403,35234,32497,22.4306
27420,29394,35309,32588,22.4325
28407,29257,35710,31302,22.4418
28492,29248,35785,31393,22.4437
27030,29440,34604,33721,22.4657
27115,29431,34679,33812,22.4677
27455,29395,34979,34176,22.4697
27540,29386,35054,34267,22.4719
27932,29312,34930,32344,22.4852
28017,29303,35005,32435,22.4871
28782,29222,35680,33254,22.4891
28867,29213,35755,33345,22.491
29632,29132,36430,34164,22.4929
26792,29079,36599,33211,22.5113
26877,29070,36674,33302,22.5134
27217,29034,36974,33666,22.5154
27302,29025,37049,33757,22.5173
27694,28951,36925,31834,22.536
27779,28942,37000,31925,22.5385
28544,28861,37675,32744,22.5408
28629,28852,37750,32835,22.5427
29394,28771,38425,33654,22.5448
29479,28762,38500,33745,22.5467
30346,31014,32870,31207,22.6104
30310,31428,32978,31192,22.615
30274,31842,33086,31177,22.6178
30262,31980,33122,31172,22.6205
30214,32532,33266,31152,22.6251
30178,32946,33374,31137,22.6278
30166,33084,33410,31132,22.6305
30106,33774,33590,31107,22.6333
30094,33912,33626,31102,22.6359
28120,31497,34807,31366,22.8011
28024,32601,35095,31326,22.8147
28012,32739,35131,31321,22.8174
28948,30283,34695,29847,22.829
28912,30697,34803,29832,22.8336
28876,31111,34911,29817,22.8364
28864,31249,34947,29812,22.8391
28816,31801,35091,29792,22.8436
28780,32215,35199,29777,22.8464
28768,32353,35235,29772,22.8491
28708,33043,35415,29747,22.8521
28696,33181,35451,29742,22.8553
30395,29233,35438,35297,23.0018
27900,31525,34252,32681,23.0325
27804,32629,34540,32641,23.0467
27792,32767,34576,32636,23.0495
28728,30311,34140,31162,23.0881
28692,30725,34248,31147,23.0927
28656,31139,34356,31132,23.0955
28644,31277,34392,31127,23.0983
28596,31829,34536,31107,23.1028
28560,32243,34644,31092,23.1057
28548,32381,34680,31087,23.1084
28488,33071,34860,31062,23.1112
28476,33209,34896,31057,23.1138
27566,32268,36535,32131,23.2337
27554,32406,36571,32126,23.2364
28490,29950,36135,30652,23.275
28454,30364,36243,30637,23.2795
28418,30778,36351,30622,23.2823
28406,30916,36387,30617,23.2851
28358,31468,36531,30597,23.2899
28322,31882,36639,30582,23.2928
28310,32020,36675,30577,23.2954
28250,32710,36855,30552,23.2982
28238,32848,36891,30547,23.3006
29469,34093,30081,36052,23.3293
29554,34084,30156,36143,23.3312
27986,33371,31831,34601,23.3852
28071,33362,31906,34692,23.3876
27681,33408,31201,35825,23.4699
27766,33399,31276,35916,23.472
28106,33363,31576,36280,23.474
28191,33354,31651,36371,23.4761
27443,33047,33196,35315,23.5821
27528,33038,33271,35406,23.5843
30069,33756,29959,34130,23.6212
29973,34860,30247,34090,23.6353
29961,34998,30283,34085,23.6384
29901,35688,30463,34060,23.6448
29889,35826,30499,34055,23.6477
30339,31462,31641,34255,23.6542
30905,32790,30007,33323,23.6951
30869,33204,30115,33308,23.6997
30833,33618,30223,33293,23.7024
30821,33756,30259,33288,23.7071
30773,34308,30403,33268,23.7117
30737,34722,30511,33253,23.7144
30725,34860,30547,33248,23.7172
30665,35550,30727,33223,23.7201
30653,35688,30763,33218,23.723
28671,33025,31784,32770,23.9917
28575,34129,32072,32730,24.0053
28563,34267,32108,32725,24.0084
28503,34957,32288,32700,24.0148
28491,35095,32324,32695,24.0179
28941,30731,33466,32895,24.0253
28929,30869,33502,32890,24.028
28946,30853,33447,32930,24.0359
28934,30991,33483,32925,24.0387
28951,30975,33428,32965,24.0467
28939,31113,33464,32960,24.0492
28956,31097,33409,33000,24.0572
28944,31235,33445,32995,24.0597
28961,31219,33390,33035,24.0676
28949,31357,33426,33030,24.0704
28966,31341,33371,33070,24.0733
28954,31479,33407,33065,24.0759
28971,31463,33352,33105,24.0787
29507,32059,31832,31963,24.1498
29471,32473,31940,31948,24.1544
29435,32887,32048,31933,24.1572
29423,33025,32084,31928,24.16
29375,33577,32228,31908,24.1645
29339,33991,32336,31893,24.1674
29327,34129,32372,31888,24.1702
29267,34819,32552,31863,24.1731
29255,34957,32588,31858,24.1758
28451,33053,31229,34085,24.3623
28355,34157,31517,34045,24.3767
28343,34295,31553,34040,24.3796
28283,34985,31733,34015,24.3862
28271,35123,31769,34010,24.3892
28721,30759,32911,34210,24.3919
28709,30897,32947,34205,24.3947
28726,30881,32892,34245,24.4025
28714,31019,32928,34240,24.405
28731,31003,32873,34280,24.4128
28719,31141,32909,34275,24.4153
28736,31125,32854,34315,24.418
28746,31369,32816,34385,24.4279
28751,31491,32797,34420,24.4329
29287,32087,31277,33278,24.4835
29251,32501,31385,33263,24.4882
28213,32692,33224,33575,24.6563
28117,33796,33512,33535,24.6703
29049,31726,33272,32768,24.6811
29013,32140,33380,32753,24.6863
28977,32554,33488,32738,24.6894
28965,32692,33524,32733,24.6921
28917,33244,33668,32713,24.6964
28881,33658,33776,32698,24.6993
28869,33796,33812,32693,24.7022
28648,30143,33334,33766,24.7193
28733,30134,33409,33857,24.7214
28988,30107,33634,34130,24.7236
29550,30015,33660,32389,24.7278
29635,30006,33735,32480,24.7298
27165,29421,35084,32315,24.7355
27250,29412,35159,32406,24.7377
27505,29385,35384,32679,24.7398
27590,29376,35459,32770,24.7418
28067,29293,35410,30938,24.747
28152,29284,35485,31029,24.7491
28747,29221,36010,31666,24.7511
28832,29212,36085,31757,24.7531
29342,29158,36535,32303,24.7553
29427,29149,36610,32394,24.7573
26945,29449,34529,33630,24.7709
27370,29404,34904,34085,24.7757
27762,29330,34780,32162,24.7849
27847,29321,34855,32253,24.7871
28187,29285,35155,32617,24.7891
28272,29276,35230,32708,24.7911
28612,29240,35530,33072,24.7933
28697,29231,35605,33163,24.7953
29037,29195,35905,33527,24.7974
29122,29186,35980,33618,24.7996
29462,29150,36280,33982,24.8015
29547,29141,36355,34073,24.8035
26707,29088,36524,33120,24.8246
27132,29043,36899,33575,24.8294
27524,28969,36775,31652,24.8438
27609,28960,36850,31743,24.8463
27949,28924,37150,32107,24.8484
28034,28915,37225,32198,24.8507
28374,28879,37525,32562,24.8543
28459,28870,37600,32653,24.8567
28799,28834,37900,33017,24.8588
28884,28825,37975,33108,24.8608
29224,28789,38275,33472,24.863
29309,28780,38350,33563,24.865
29649,28744,38650,33927,24.8672
29734,28735,38725,34018,24.8697
30250,32118,33158,31167,24.9481
30154,33222,33446,31127,24.9623
30142,33360,33482,31122,24.9654
30082,34050,33662,31097,24.9719
30070,34188,33698,31092,24.9748
28852,31387,34983,29807,25.1957
28756,32491,35271,29767,25.2104
28744,32629,35307,29762,25.2135
28684,33319,35487,29737,25.2202
28672,33457,35523,29732,25.2231
30407,29095,35402,35302,25.3456
31127,29123,35614,33738,25.4212
28632,31415,34428,31122,25.4783
28536,32519,34716,31082,25.4921
28524,32657,34752,31077,25.4951
28464,33347,34932,31052,25.5017
28452,33485,34968,31047,25.5046
30889,28762,37609,33228,25.6066
28394,31054,36423,30612,25.654
28298,32158,36711,30572,25.6679
28286,32296,36747,30567,25.6708
28226,32986,36927,30542,25.6774
28214,33124,36963,30537,25.6803
29299,34111,29931,35870,25.6981
29384,34102,30006,35961,25.7001
29639,34075,30231,36234,25.7029
29724,34066,30306,36325,25.7053
29979,34039,30531,36598,25.7077
27816,33389,31681,34419,25.7853
27901,33380,31756,34510,25.7877
28156,33353,31981,34783,25.7901
28241,33344,32056,34874,25.7923
27596,33417,31126,35734,25.9054
28021,33372,31501,36189,25.9101
27358,33056,33121,35224,26.0437
30375,31048,31533,34270,26.1511
30363,31186,31569,34265,26.154
30380,31170,31514,34305,26.1621
30368,31308,31550,34300,26.1649
30385,31292,31495,34340,26.1679
30373,31430,31531,34335,26.1707
30390,31414,31476,34375,26.1736
30809,33894,30295,33283,26.2175
30713,34998,30583,33243,26.2315
30701,35136,30619,33238,26.2345
30641,35826,30799,33213,26.241
28977,30317,33358,32910,26.5758
28965,30455,33394,32905,26.5788
28905,31145,33574,32880,26.5818
28893,31283,33610,32875,26.5847
28982,30439,33339,32945,26.5878
28970,30577,33375,32940,26.5905
28910,31267,33555,32915,26.5933
28898,31405,33591,32910,26.5962
28987,30561,33320,32980,26.599
28975,30699,33356,32975,26.6017
28915,31389,33536,32950,26.6045
28992,30683,33301,33015,26.6101
28980,30821,33337,33010,26.6128
28997,30805,33282,33050,26.6209
28985,30943,33318,33045,26.6238
29002,30927,33263,33085,26.6319
28990,31065,33299,33080,26.6347
29007,31049,33244,33120,26.6428
28995,31187,33280,33115,26.6459
29012,31171,33225,33155,26.6489
29000,31309,33261,33150,26.6516
29017,31293,33206,33190,26.6545
29005,31431,33242,33185,26.6573
29022,31415,33187,33225,26.6601
29411,33163,32120,31923,26.7089
29315,34267,32408,31883,26.7235
29303,34405,32444,31878,26.7267
29243,35095,32624,31853,26.7333
28757,30345,32803,34225,26.9709
28745,30483,32839,34220,26.9738
28762,30467,32784,34260,26.9822
28750,30605,32820,34255,26.9851
28767,30589,32765,34295,26.9934
28755,30727,32801,34290,26.9963
28772,30711,32746,34330,27.0046
28760,30849,32782,34325,27.0075
28777,30833,32727,34365,27.0104
28765,30971,32763,34360,27.0131
28782,30955,32708,34400,27.0162
28770,31093,32744,34395,27.0207
28787,31077,32689,34435,27.0238
28775,31215,32725,34430,27.0266
28792,31199,32670,34470,27.0296
28780,31337,32706,34465,27.0328
28797,31321,32651,34505,27.0367
28785,31459,32687,34500,27.0395
28802,31443,32632,34540,27.0424
28953,32830,33560,32728,27.3003
28563,30152,33259,33675,27.318
29380,30033,33510,32207,27.3249
29465,30024,33585,32298,27.3273
29720,29997,33810,32571,27.3295
29805,29988,33885,32662,27.3317
27897,29311,35260,30756,27.343
27982,29302,35335,30847,27.3456
28237,29275,35560,31120,27.3479
28322,29266,35635,31211,27.3503
28577,29239,35860,31484,27.3535
28662,29230,35935,31575,27.3558
28917,29203,36160,31848,27.358
29172,29176,36385,32121,27.361
29257,29167,36460,32212,27.3633
27677,29339,34705,32071,27.3725
28102,29294,35080,32526,27.3778
28527,29249,35455,32981,27.3829
28952,29204,35830,33436,27.3879
29377,29159,36205,33891,27.3927
27439,28978,36700,31561,27.4011
27864,28933,37075,32016,27.4061
28289,28888,37450,32471,27.4111
28714,28843,37825,32926,27.416
29139,28798,38200,33381,27.4208
29564,28753,38575,33836,27.4254
31139,28985,35578,33743,27.9479
30901,28624,37573,33233,28.1378
29214,34120,29856,35779,28.2524
28556,33527,32017,33572,28.4693
28362,29577,34040,35852,28.4895
28447,29568,34115,35943,28.4917
28336,33555,31462,34887,28.6119
28124,29216,36035,35342,28.6606
28209,29207,36110,35433,28.6628
28098,33194,33457,34377,28.665
31561,32094,30763,35641,28.6681
30351,31324,31605,34260,28.7859
30356,31446,31586,34295,28.7983
31115,31186,31869,33423,28.9621
31103,31324,31905,33418,28.9649
31120,31308,31850,33458,28.9731
31108,31446,31886,33453,28.9761
31125,31430,31831,33493,28.979
29993,31381,32438,34099,29.0849
30078,31372,32513,34190,29.0872
28953,30593,33430,32900,29.2082
28917,31007,33538,32885,29.2129
28881,31421,33646,32870,29.216
28958,30715,33411,32935,29.2276
28922,31129,33519,32920,29.2326
28963,30837,33392,32970,29.2473
28927,31251,33500,32955,29.2523
28968,30959,33373,33005,29.2612
28932,31373,33481,32990,29.2664
28973,31081,33354,33040,29.2755
28937,31495,33462,33025,29.2804
28978,31203,33335,33075,29.2892
28983,31325,33316,33110,29.3024
28988,31447,33297,33145,29.3113
29348,31454,31508,34959,29.4974
29433,31445,31583,35050,29.4995
28733,30621,32875,34215,29.611
28697,31035,32983,34200,29.616
28738,30743,32856,34250,29.6248
28702,31157,32964,34235,29.6299
28743,30865,32837,34285,29.6387
28748,30987,32818,34320,29.6554
28753,31109,32799,34355,29.6644
28758,31231,32780,34390,29.6755
28763,31353,32761,34425,29.6858
28768,31475,32742,34460,29.6949
29497,30483,33139,33378,29.7524
29485,30621,33175,33373,29.7553
29502,30605,33120,33413,29.7583
29490,30743,33156,33408,29.761
29507,30727,33101,33448,29.7639
29495,30865,33137,33443,29.7669
29512,30849,33082,33483,29.7699
29500,30987,33118,33478,29.7727
29517,30971,33063,33518,29.7758
29505,31109,33099,33513,29.7785
29522,31093,33044,33553,29.7814
29510,31231,33080,33548,29.7842
29527,31215,33025,33588,29.7873
29515,31353,33061,33583,29.7902
29532,31337,33006,33623,29.7931
29295,30042,33435,32116,30.0258
28372,29971,34156,33100,30.4482
28457,29962,34231,33191,30.4503
29895,30289,32695,35806,30.788
29954,34258,30192,34932,30.8271
28412,29567,34445,34355,30.87
27937,29622,33665,35397,31.0038
28022,29613,33740,35488,31.0061
28787,29532,34415,36307,31.0085
27699,29261,35660,34887,31.179
27784,29252,35735,34978,31.1813
28549,29171,36410,35797,31.1836
30881,32166,30163,34913,31.1907
30966,32157,30238,35004,31.193
29398,31444,31913,33462,31.5239
29483,31435,31988,33553,31.5266
29621,31559,33982,32023,31.8671
28923,31499,31133,34504,31.8886
29008,31490,31208,34595,31.8907
29773,31409,31883,35414,31.8933
29473,30759,33211,33368,32.117
29478,30881,33192,33403,32.1261
29483,31003,33173,33438,32.1352
29488,31125,33154,33473,32.1443
29493,31247,33135,33508,32.1535
29498,31369,33116,33543,32.1624
28685,31138,33128,33994,32.2134
29990,30674,32886,33145,32.3739
30075,30665,32961,33236,32.3761
31062,30528,33362,31950,32.4035
28507,29952,34636,31694,32.5219
28592,29943,34711,31785,32.5241
29579,29806,35112,30499,32.6126
29664,29797,35187,30590,32.6149
28202,29989,34006,32918,32.7322
28287,29980,34081,33009,32.7344
29104,29861,34332,31541,32.8205
29189,29852,34407,31632,32.8225
29555,30325,32395,35442,33.0495
29640,30316,32470,35533,33.0517
28072,29603,34145,33991,33.1298
28157,29594,34220,34082,33.1323
27767,29640,33515,35215,33.2657
27852,29631,33590,35306,33.2685
28192,29595,33890,35670,33.2708
28277,29586,33965,35761,33.2732
28617,29550,34265,36125,33.2756
28702,29541,34340,36216,33.278
27529,29279,35510,34705,33.4425
27614,29270,35585,34796,33.4457
27954,29234,35885,35160,33.4483
28039,29225,35960,35251,33.4505
28379,29189,36260,35615,33.4527
28464,29180,36335,35706,33.455
30541,32202,29863,34549,33.4574
30626,32193,29938,34640,33.4596
31221,32130,30463,35277,33.4619
31306,32121,30538,35368,33.4643
31621,32304,30499,34066,33.6125
31706,32295,30574,34157,33.615
29058,31480,31613,33098,33.7568
29143,31471,31688,33189,33.7592
29738,31408,32213,33826,33.7619
29823,31399,32288,33917,33.7641
30138,31582,32249,32615,33.9505
30223,31573,32324,32706,33.9526
31154,29539,34275,36866,34.0736
28753,31517,30983,34322,34.0796
28838,31508,31058,34413,34.0818
29178,31472,31358,34777,34.0844
29263,31463,31433,34868,34.0869
29603,31427,31733,35232,34.0892
29688,31418,31808,35323,34.0915
28515,31156,32978,33812,34.3478
28600,31147,33053,33903,34.35
29820,30692,32736,32963,34.496
29905,30683,32811,33054,34.4982
30160,30656,33036,33327,34.5004
30722,30564,33062,31586,34.5251
30807,30555,33137,31677,34.5281
28337,29970,34486,31512,34.6441
28422,29961,34561,31603,34.6467
28677,29934,34786,31876,34.6491
28762,29925,34861,31967,34.6513
29239,29842,34812,30135,34.7308
29324,29833,34887,30226,34.7332
28117,29998,33931,32827,34.8456
28542,29953,34306,33282,34.8506
28934,29879,34182,31359,34.916
29019,29870,34257,31450,34.9184
29359,29834,34557,31814,34.9207
29444,29825,34632,31905,34.923
29385,30343,32245,35260,35.1395
29470,30334,32320,35351,35.1418
29725,30307,32545,35624,35.1443
29810,30298,32620,35715,35.1469
27902,29621,33995,33809,35.2172
27987,29612,34070,33900,35.2199
28242,29585,34295,34173,35.2227
28327,29576,34370,34264,35.2252
28812,29741,34481,33144,35.3373
28897,29732,34556,33235,35.3393
27682,29649,33440,35124,35.3501
28107,29604,33815,35579,35.3554
28532,29559,34190,36034,35.361
28507,29778,33851,34368,35.4692
27444,29288,35435,34614,35.5149
27869,29243,35810,35069,35.5204
28294,29198,36185,35524,35.5259
30371,32220,29713,34367,35.5314
30456,32211,29788,34458,35.5336
30711,32184,30013,34731,35.5359
30796,32175,30088,34822,35.5381
31051,32148,30313,35095,35.5404
31136,32139,30388,35186,35.5432
31391,32112,30613,35459,35.5466
31476,32103,30688,35550,35.5489
31281,32340,30199,33702,35.6864
31366,32331,30274,33793,35.6889
28888,31498,31463,32916,35.8388
28973,31489,31538,33007,35.8415
29228,31462,31763,33280,35.8445
29313,31453,31838,33371,35.8472
29568,31426,32063,33644,35.8496
29653,31417,32138,33735,35.8524
29908,31390,32363,34008,35.8552
29798,31618,31949,32251,36.0391
29883,31609,32024,32342,36.0413
31132,29433,34349,36791,36.1514
31149,29417,34294,36831,36.1554
28668,31526,30908,34231,36.1622
29093,31481,31283,34686,36.1675
29518,31436,31658,35141,36.1727
29493,31655,31319,33475,36.3365
28430,31165,32903,33721,36.3997
29735,30701,32661,32872,36.5244
30552,30582,32912,31404,36.5454
30637,30573,32987,31495,36.5483
30892,30546,33212,31768,36.5507
30977,30537,33287,31859,36.5529
29069,29860,34662,29953,36.7074
29154,29851,34737,30044,36.711
29409,29824,34962,30317,36.7135
29494,29815,35037,30408,36.7159
28849,29888,34107,31268,36.8567
29274,29843,34482,31723,36.8631
29300,30352,32170,35169,37.0355
30125,30481,32581,34413,37.0672
30210,30472,32656,34504,37.0695
28642,29759,34331,32962,37.1897
28727,29750,34406,33053,37.1942
28422,29787,33776,34277,37.2668
30286,32229,29638,34276,37.3041
31067,30838,32097,35003,37.3999
31111,32358,30049,33520,37.4397
31196,32349,30124,33611,37.4421
31451,32322,30349,33884,37.4447
31536,32313,30424,33975,37.4471
29628,31636,31799,32069,37.7513
29713,31627,31874,32160,37.7535
29968,31600,32099,32433,37.7562
30053,31591,32174,32524,37.7586
30308,31564,32399,32797,37.761
31144,29295,34313,36796,37.8581
29109,30171,33067,34594,37.9175
29194,30162,33142,34685,37.9201
29408,31664,31244,33384,37.9933
29170,31303,33239,32874,38.0836
30467,30591,32837,31313,38.1399
30040,30490,32506,34322,38.4419
30727,30874,31797,34639,38.5842
30812,30865,31872,34730,38.5866
31026,32367,29974,33429,38.6258
31807,30976,32433,34156,38.7133
28939,30189,32917,34412,38.9305
29024,30180,32992,34503,38.9334
29364,30144,33292,34867,38.936
30557,30892,31647,34457,39.2098
30642,30883,31722,34548,39.2124
30897,30856,31947,34821,39.215
30982,30847,32022,34912,39.2174
31467,31012,32133,33792,39.2965
31552,31003,32208,33883,39.299
29074,30170,33397,33006,39.334
29159,30161,33472,33097,39.3362
28854,30198,32842,34321,39.427
29279,30153,33217,34776,39.4325
29679,30327,33253,33565,39.4796
30472,30901,31572,34366,39.538
31297,31030,31983,33610,39.5816
31382,31021,32058,33701,39.5847
31637,30994,32283,33974,39.5873
31722,30985,32358,34065,39.5898
29594,30336,33178,33474,39.6738
31212,31039,31908,33519,39.715
