obj0,obj1,obj2,obj3,obj4,cpu
3520,2957,3817,2668,2669,5.18316
3903,2787,4799,2125,2581,5.18317
3818,2675,4448,2431,2532,5.18319
3670,3513,4135,1799,3587,5.18321
3384,2873,2701,3822,2707,5.18323
3763,2709,4402,3027,2252,5.18325
3838,2801,2393,3029,3979,5.18327
3430,2612,2591,3754,3074,5.1833
3852,2580,2331,3570,3756,5.18334
3188,3001,3176,3730,2444,5.18337
3514,2112,3149,3146,3502,5.18342
3985,2232,3968,2239,3763,5.18347
3793,2006,3037,3077,3877,5.18351
3401,2114,3343,3328,3276,5.18357
2794,2479,3345,3951,2981,5.18362
2609,3177,3060,3322,3123,5.18366
3187,3069,4706,2736,2541,5.18373
3591,2706,2533,3727,2991,5.18378
3734,2780,2385,3612,3298,5.18388
2153,3753,2803,4055,3212,5.18392
3072,3596,3148,2237,3989,5.18394
3974,3319,4345,1895,3152,5.18399
3864,3639,3998,1755,3968,5.18403
3187,3784,3545,1998,4119,5.18406
2156,3279,3271,3643,3306,5.18408
3086,3723,3773,2100,3756,5.1841
3132,3103,4660,3332,2261,5.1842
3631,2390,2636,3302,3481,5.18426
3779,2266,2628,3327,4020,5.18437
3268,1727,3351,4225,4100,5.18442
3173,1971,3306,3850,3567,5.18445
4009,2555,4498,2529,2567,5.18452
4142,2201,4363,2926,2838,5.18456
3888,2556,4354,2938,2400,5.18466
4191,3195,3905,2019,3342,5.18482
3957,2346,4513,2115,3586,5.1849
4434,2146,4546,2525,3171,5.18497
3765,2487,2690,2786,4243,5.18501
3551,2026,4034,2885,3810,5.18511
3729,1855,3789,3315,3887,5.18521
3809,2303,3145,2603,4181,5.18525
4226,2431,4058,2653,2757,5.18534
3578,2854,4552,2216,3000,5.18545
3544,2003,3640,3856,3166,5.18557
3821,1993,4235,3390,3111,5.18564
3165,2511,3679,3957,2580,5.18575
3486,2719,3807,3493,2307,5.18585
4120,2663,4359,2249,2771,5.18601
1942,3115,3608,4262,3403,5.1861
4207,3051,2570,2562,4413,5.18613
3606,2740,4007,2340,3177,5.18617
3348,2617,4622,2563,3140,5.1864
4399,2910,4393,1891,3756,5.18661
4328,2378,4847,2121,3185,5.18666
2792,3235,2519,4233,3425,5.18671
2289,3510,2875,3792,3180,5.18676
3235,3152,2555,4300,2930,5.18681
3848,2821,4753,2721,2301,5.18688
3545,1717,3946,3759,4045,5.18692
2968,3533,3491,2477,3515,5.18697
3106,2111,2950,4450,3704,5.18713
3290,2249,2793,4006,3546,5.18722
3357,2298,2888,3511,3338,5.18733
2695,2960,3250,2994,3631,5.1875
3511,2439,2488,4274,3821,5.18766
3232,2545,2600,4343,3446,5.18773
3573,2686,2443,3639,3381,5.18785
3102,3050,2607,3728,3119,5.18795
4213,2380,3763,2985,2799,5.18816
3474,2428,3046,3571,3012,5.18837
3865,2211,3768,3392,2893,5.18861
4100,1887,4123,3321,3486,5.18879
4063,2114,4212,2519,3572,5.18888
2785,3264,4077,2493,3695,5.18902
2771,3137,3452,2630,3928,5.18909
3666,2229,3293,2718,3874,5.18921
2437,2837,3865,3217,3594,5.18942
2327,2536,3423,4040,4136,5.18957
3274,2036,3439,3351,3865,5.18964
4356,2264,4302,2245,3362,5.18976
3693,2059,3526,2927,3609,5.18989
4163,2061,3723,2669,3840,5.19009
4621,2922,3711,1971,4314,5.19019
4243,2266,4496,2427,3136,5.19028
3872,2234,4162,2421,3537,5.19038
2555,3027,4147,2840,3835,5.19071
3450,1961,3901,3384,3512,5.19078
2821,3334,3734,3901,2440,5.19091
2798,2844,4237,4128,2576,5.19099
3465,2991,3771,3264,2389,5.19106
1912,3274,3753,4423,3346,5.1913
2243,2674,4060,4566,3135,5.19136
2404,2408,3805,4374,3401,5.19145
3792,3062,2503,3097,3612,5.19155
3568,3569,2854,2384,4200,5.19165
3749,3451,3601,1994,3838,5.19181
4427,2796,3848,2015,3933,5.19202
3711,3078,2864,2415,4202,5.19212
4388,2933,3317,2172,4051,5.19228
3938,3624,3540,1976,4163,5.19242
4503,3121,3714,1933,4181,5.1925
3261,3769,3087,2219,4314,5.1926
4593,3036,4256,1847,4137,5.19268
2765,2331,3016,4476,4371,5.19276
2074,3043,3339,3952,3612,5.19285
3022,2783,2562,4275,3949,5.19297
2342,3928,2811,3509,3735,5.1931
2533,3678,2909,3186,3442,5.19319
3115,2687,3473,3487,2708,5.1934
3366,3045,2445,4269,3139,5.19378
3497,2467,4320,2895,2805,5.19392
2064,2715,3802,4381,3718,5.19426
2621,2284,3365,4498,3591,5.19434
2591,3134,3853,2934,3379,5.19445
2232,3219,3213,3579,3381,5.19471
3438,2125,2785,4031,4085,5.19486
2928,2992,2591,3970,3393,5.19496
3636,2192,2776,3442,3713,5.19517
3254,1987,2942,4475,4243,5.19527
2205,2936,3229,3921,3821,5.19535
3452,1865,3194,3781,3942,5.19556
2196,2643,3533,4071,3927,5.1957
2800,3410,3383,3232,2870,5.19581
3324,2610,3293,3247,2929,5.19608
2745,3444,3337,3828,2590,5.19651
3281,2891,2445,4232,3297,5.19662
3709,2506,2479,3685,3449,5.19681
3206,3071,2615,3145,3800,5.19692
3424,2557,2804,3397,3197,5.1971
3329,2750,3412,2806,3232,5.19737
4179,2358,3831,2195,4144,5.19765
3609,1868,3194,3521,4035,5.19779
4534,2093,4057,2675,3439,5.19788
4255,2199,4169,2744,3064,5.19804
2914,3211,3304,2515,4235,5.19823
2568,2730,3755,3186,3803,5.19835
2221,2768,3724,3636,4150,5.19854
2632,2899,4529,3174,3100,5.19866
3567,2348,4226,3402,2673,5.19887
2798,3352,3068,2776,3646,5.19908
3311,2559,2998,3579,2971,5.19938
3649,2988,2651,3212,3305,5.1997
2883,3421,3140,2783,3466,5.19986
3622,2413,2838,2901,3936,5.20003
2761,3071,4326,3326,2662,5.20026
2864,3315,4231,4139,2370,5.2005
2309,3145,4054,4577,2929,5.2006
2123,3912,2948,4216,3155,5.20077
2199,3802,3345,4289,3005,5.20089
2596,3673,3646,4443,2588,5.20101
4161,3312,2680,2630,4046,5.20113
3665,3339,2974,2483,3835,5.20127
2506,3022,3502,3240,3330,5.20154
4577,3106,3256,2154,4376,5.20185
4151,2472,4376,2071,3967,5.20196
2981,3410,2527,3687,3948,5.20208
2746,3496,2629,4301,3058,5.2022
2752,3929,2963,2707,4046,5.20234
2478,3685,2883,3246,3703,5.20247
2096,3412,3596,3979,3188,5.20261
2862,3136,4459,2827,2960,5.20276
2089,2840,3993,3946,3941,5.20293
2298,2640,4106,3970,3415,5.20305
2899,2278,3118,4545,3420,5.20323
2829,1999,3853,4370,4005,5.20344
3061,1894,3519,4320,3816,5.20356
2651,3868,3191,2809,3683,5.20378
2350,3409,3495,3202,3622,5.20392
2667,3074,3795,2870,3454,5.2041
2582,2962,3444,3176,3405,5.20435
2379,2944,3598,3263,3919,5.20488
2619,3020,3308,3058,3556,5.20507
4073,2954,2516,3078,3651,5.20541
2577,2933,4483,3770,2820,5.20562
2995,3189,2465,4228,3725,5.20586
2877,3389,2519,4270,3267,5.20599
1968,3362,3313,4282,3725,5.20614
2520,3783,3249,4370,2738,5.20625
2566,3469,2787,4118,3009,5.2064
2897,2869,3094,4261,2798,5.20666
3684,3007,3634,2557,2969,5.20696
3900,3251,2803,2397,4527,5.20725
3159,3212,2613,4364,2855,5.20739
2963,3340,3088,4272,2592,5.20751
2427,2812,3903,4122,2977,5.20767
2459,3206,4122,3244,3170,5.20809
3442,2501,4274,3491,2525,5.20828
3823,1897,3528,3787,3541,5.20853
3992,1939,4274,3398,3277,5.20868
2622,2166,4021,4465,3721,5.2088
3071,2469,3940,3485,2926,5.20894
3496,1870,3388,3703,3809,5.20931
3771,2169,4029,2920,3239,5.20952
3922,2058,4368,2891,3409,5.20983
2886,3325,3849,2391,4058,5.21005
3369,3054,4439,2192,3526,5.21026
3509,1921,3683,3371,3767,5.21054
2305,2909,4134,3527,3385,5.21074
2451,3470,3267,3100,3985,5.21097
3110,3197,4324,2402,3276,5.21115
3452,2054,2933,3886,3871,5.21145
3119,3052,4365,3664,2303,5.21162
3484,2845,2391,4227,3597,5.21183
1938,3521,3458,4443,3668,5.21198
3826,3266,3261,2176,4332,5.2121
3944,3067,3258,2214,4465,5.21233
2616,4172,2891,2970,4078,5.21252
2550,3624,3104,4209,2795,5.21267
3493,2742,4201,2522,2951,5.21286
2050,3598,3245,3973,3419,5.21318
3661,2281,3127,4012,3145,5.21336
3680,2008,3231,3259,3651,5.21352
3220,2850,2553,3686,3577,5.21375
4019,2683,3140,2639,3617,5.2141
3062,2242,3769,3258,4070,5.21443
2354,2819,3407,3698,3696,5.21459
4421,2095,4251,2857,3213,5.21498
3715,1949,3679,3864,3332,5.21517
2229,3643,3200,4128,3062,5.21534
2454,3312,3255,4359,2944,5.21556
4251,2867,3025,2379,4351,5.21586
3595,2128,2785,3771,4178,5.21609
2723,2231,4154,3966,4019,5.21626
2192,3233,3621,3575,3853,5.21644
2195,2608,3692,4350,3927,5.21662
3205,2951,2503,4296,3222,5.21679
2060,3305,3890,3885,3644,5.21701
2463,3079,3038,3808,3192,5.21716
3518,2392,2830,3484,3255,5.21753
3454,2435,3623,2625,4079,5.21777
3695,2727,2541,3144,3672,5.2181
2315,3713,3195,3363,4017,5.21844
2954,3023,3761,3642,2545,5.21861
3942,3061,2626,3109,3442,5.21892
3531,2443,3125,3152,3213,5.21913
3892,2172,3635,3449,3072,7.36194
4317,2401,3771,2402,3480,7.36237
3915,2662,3132,3222,2936,7.36273
3248,2659,2776,3500,3336,7.36295
4153,2351,3954,2513,3180,7.36341
3538,2813,4123,3341,2376,7.36388
3106,2879,2948,3775,2878,7.36412
3590,2838,3723,3175,2537,7.36463
2983,2558,3864,3703,2842,7.36497
4432,2589,4168,2163,3610,7.36532
3194,2161,3176,3696,4058,7.36553
3451,2613,2722,3495,3636,7.36581
3139,2817,4509,2539,3666,7.36604
3257,2950,4612,3243,2409,7.36628
3437,2834,2784,2954,3859,7.3666
3670,2242,3833,2977,3830,7.36699
3006,3048,3361,3476,2706,7.36714
3973,2668,4705,2632,2449,7.36754
3120,2126,3898,3763,3441,7.36771
4331,2180,3709,2943,3257,7.36797
4033,2462,3078,3180,3394,7.36817
2894,3156,4086,3978,2427,7.36842
3304,2766,3992,3239,2569,7.36866
3253,2546,2731,4084,4008,7.36939
3252,2443,3294,3181,4372,7.36978
2996,2094,3185,4285,4430,7.37012
2555,2679,3460,3518,3845,7.37042
2656,3088,3919,2738,4198,7.37082
2423,3099,4416,3150,3626,7.37104
2613,2961,3578,3003,4159,7.37127
2963,2398,3007,3887,3999,7.37155
2368,2521,4012,4477,3283,7.37195
3160,3332,2725,3213,3433,7.37223
2463,2797,3378,4482,3158,7.37259
2750,3325,2970,4348,2817,7.3729
3855,2633,3323,2750,3317,7.37322
3973,2944,3250,2707,3250,7.37365
2882,3253,2701,4038,3026,7.37399
2626,3514,3501,4282,2645,7.3743
2339,2986,3909,4416,2986,7.37452
2686,3381,3176,3946,2763,7.37484
3202,2920,2886,3568,2969,7.37521
4223,2232,3860,3020,3048,7.37567
3014,2358,4199,3359,3455,7.3759
2849,2427,3402,3976,3300,7.37623
2848,2218,3193,4260,3891,7.37652
2862,2478,3697,3644,3258,7.37692
2923,2691,4189,4039,2724,7.37738
3489,3215,3261,2697,3270,7.37762
3270,3171,3538,3645,2594,7.37807
3391,3411,2679,2885,4259,7.37826
2954,3795,4042,2410,3547,7.3785
3176,2454,3542,4060,3032,7.37872
3070,2992,3155,3878,2760,7.37893
2769,2160,3357,4523,4130,7.37928
2967,2227,3348,3934,3758,7.3795
3089,2412,3525,3406,3558,7.37984
3454,2385,4321,2967,3126,7.38031
2595,2725,3109,4172,3367,7.38068
3694,2987,4686,2101,3107,7.38126
3809,2894,3433,2818,2950,7.38153
2424,2786,3570,3549,3636,7.38181
3050,2592,2785,4089,3708,7.38223
2727,3367,3342,2945,3364,7.38258
4268,2539,4351,2274,3310,7.38291
3607,3057,2856,2998,3521,7.38339
2876,3300,3780,3305,2720,7.3839
3293,2837,4405,3140,2527,7.38424
2702,2780,4435,3681,2968,7.3848
3620,3108,3151,2666,3479,7.38559
3255,3654,2607,3148,4291,7.38652
2958,2519,3635,3437,3349,7.38686
2293,3294,3393,3473,4216,7.38729
2726,2618,2999,4141,3576,7.38756
3076,2361,3230,3738,3600,7.38808
3977,2772,4341,2346,2776,9.64677
2579,3336,3205,3483,3066,9.64747
3392,2677,4068,3021,2653,9.64798
2539,3019,2980,3744,3267,9.64855
2642,3409,2729,4054,3084,9.6492
3289,3066,3309,3231,2742,9.6496
3002,2760,3017,3159,3517,9.6501
3349,3318,2800,2863,3596,9.65103
2938,3692,3636,2638,3458,9.65153
2966,3578,3091,2762,3635,9.65181
3042,3518,3033,2698,3710,9.65212
3744,3498,3677,2020,3782,9.65244
4048,3304,3887,2116,3347,9.6528
3477,2789,4419,2715,2702,9.65319
3047,2498,4196,3167,3230,9.6535
3216,2752,3606,2988,3006,9.65405
2886,3577,2763,3448,3346,9.65484
3876,2707,4208,2845,2478,9.65524
3486,2226,3694,3022,3325,9.65572
2503,3837,3054,3347,3385,9.65621
2278,2879,3465,3762,3621,9.65656
3395,3244,2554,3127,4125,9.65708
2034,2874,3947,4542,3661,9.65737
2863,2360,4353,3611,3388,9.65764
4227,2313,4714,2620,2887,9.65806
3700,2782,3746,2812,2831,9.65832
3159,2231,2897,4100,3710,9.65869
2259,3669,3020,3953,3123,9.65903
2962,3076,2914,3584,3027,9.65937
3527,2947,2553,3707,3014,9.65985
3599,2717,3613,3311,2533,9.66018
2166,2802,3678,4232,3870,9.66057
2460,2550,3620,4690,3325,9.66087
2044,3202,3484,4113,3555,9.66123
2987,3525,3007,2758,3971,9.66159
3172,2534,4073,2986,3224,9.66192
2661,2619,3174,3863,3582,9.66261
2789,2988,2761,4441,3592,9.66324
3425,3495,3002,2499,3893,9.66355
3125,4012,3015,2482,4346,9.66394
2831,3584,2737,3508,3607,9.66426
3397,2940,3894,2316,3703,9.66459
2886,3136,2972,3648,2952,9.66539
2810,3637,2821,3512,3271,9.66599
2682,2402,3558,4421,3230,9.66643
2558,2835,3083,4183,3725,9.667
3771,3314,3292,2582,3402,9.66729
2889,2762,3211,3341,3291,9.66761
3083,2416,2961,4101,3262,9.66835
2936,3839,3076,2500,4021,11.1588
3051,4027,3473,2261,4151,11.1598
2473,3420,2988,3585,3155,11.1602
2520,3331,3847,3001,4230,11.1608
2662,3595,2996,3039,3678,11.1611
3575,3321,2792,2678,4234,11.1616
2436,2802,4024,3496,3594,11.162
2477,3204,3506,3266,4191,11.1624
3021,2680,3125,3372,4313,11.1628
3585,3401,3784,2105,3538,11.1632
3231,2234,3759,3483,3645,11.1638
2845,2598,3061,3929,3541,11.1642
2419,2922,3388,3781,3877,11.1647
2805,2558,4086,3335,3981,11.1652
2738,2667,4228,3578,3086,11.1655
2959,2578,3982,3936,2842,11.1661
2836,3605,3760,2787,3306,11.1664
4342,3194,3427,2240,3684,11.1668
3025,2509,3466,3419,4072,11.1673
3565,2493,4182,2687,3330,11.1676
2073,3008,3498,4231,3612,11.168
2271,3943,3085,3678,3453,11.1684
2099,3255,3203,4251,3934,11.1687
2870,3291,3289,3739,2738,11.1691
2978,3269,4593,2712,3067,11.1696
3529,3582,2902,2746,3867,11.1699
2747,3664,3068,3046,3498,11.1702
2591,3610,3270,3208,3396,11.1706
2090,2962,3507,4401,4040,11.171
2853,2810,4283,3532,2856,11.1713
3224,2679,2894,3733,3336,11.1718
2919,3427,4121,3040,2759,11.1723
3008,3004,2624,3734,4172,11.1727
2904,2983,2616,4317,3491,11.1734
2982,3068,3479,3709,2706,11.1738
2647,2531,3070,4518,3913,11.1741
2221,2855,3397,4370,4249,11.1745
3414,3003,4534,2498,2841,11.996
3390,3529,3983,2196,3321,11.997
3117,3167,2599,3424,3916,11.9976
3329,2891,4183,2804,2792,11.998
3389,2878,4343,2933,2618,11.9986
3664,2567,3689,2886,3440,11.9991
3257,3314,2625,3401,3497,11.9995
3131,2946,2537,3965,3693,11.9999
3013,3146,2591,4007,3235,12.0003
3333,2813,2776,3537,3178,12.0007
3631,2879,4094,2622,3031,12.0011
3828,2617,3506,2775,3740,12.0015
3295,2570,3635,2916,4411,12.0018
3126,3421,2735,3432,3288,12.0022
3520,2771,4233,2902,2827,12.0026
3737,2647,3793,3026,3017,12.0029
2979,3148,3952,3207,2768,12.0033
3031,3173,3552,3041,2929,12.0038
2500,2449,3743,4167,3492,12.0044
3639,2442,3498,3321,3217,12.0051
2717,2325,3303,4291,3682,12.0055
3391,3095,2894,3022,3492,12.0065
3476,3164,2966,3029,3312,12.007
2675,3342,3742,3111,3203,12.0075
2859,2833,4357,2936,3400,12.0079
3708,3466,3315,2218,3874,12.0084
2631,2342,3633,4136,3701,12.0088
3237,2288,3517,3431,4097,12.0093
3305,3417,3632,2502,3272,12.0097
3008,2683,4055,3268,3065,12.0103
3063,2268,3286,3727,3849,12.0109
2945,2468,3340,3769,3391,12.0114
3606,2754,3903,3057,2808,12.0124
2407,3700,3157,3415,3421,12.0128
3522,2903,2856,2961,3679,12.0132
3025,3085,3973,2708,3227,12.0137
2471,2914,3640,4106,3195,12.0146
3781,2417,3690,2479,4004,13.4415
2885,2882,3795,3392,2834,13.4427
2945,3145,3203,3967,2612,13.4436
2850,2309,4058,3943,3430,13.4442
3569,2623,4020,2386,4209,13.4449
3916,3181,3803,2090,4288,13.4453
3842,3114,3115,2959,3174,13.4459
3597,2509,3475,2510,4386,13.4464
3057,2142,3890,3848,3714,13.4471
3070,2193,4185,3516,3672,13.4481
2688,2693,3657,4168,3034,13.4488
2701,2744,3952,3836,2992,13.4493
3350,2372,3966,2865,3605,13.45
3289,2037,3556,3798,3525,13.4507
3254,2331,4028,3072,3514,13.4513
2407,2996,4010,3378,3537,13.4518
3127,2421,3155,4023,3129,13.4523
2351,3002,3251,4278,3441,13.4529
3378,2258,3421,2989,3782,13.4535
4061,3365,3169,2480,3778,13.4541
3427,3000,3042,3557,2746,13.4545
3459,3374,3406,2858,3213,13.455
3619,2801,3289,2704,3608,13.4555
4108,2793,3173,2494,4044,13.4567
3697,2930,3749,2569,3684,13.4572
3245,2221,3101,3981,3587,13.4577
3447,2252,2793,3746,3639,13.4582
3265,2260,3615,3171,3556,13.4587
3801,2993,3406,2329,4158,13.4595
2275,3068,4279,3688,3328,13.4601
2806,3764,3905,2948,3249,13.4607
3766,3174,3173,3023,3099,13.4611
4223,2981,3570,2255,4174,13.4616
4018,3238,2828,2745,3739,13.462
2872,2684,3021,4498,3196,13.4625
2948,2624,2963,4434,3271,13.463
3166,2234,4123,3309,3763,13.4636
3297,2127,4013,3278,3972,13.4642
3481,2265,3856,2834,3814,13.4647
2872,2831,3500,3724,2876,13.4653
3302,2088,3851,3466,3483,13.466
2427,2942,3193,4214,3516,13.4666
2934,2333,3487,4013,3990,13.4672
4064,2977,2718,2677,4106,13.4676
2433,2956,3523,4643,3101,13.4681
2720,3484,3115,4509,2760,13.4686
3079,2517,2853,4403,3480,13.469
3241,2133,3254,4178,3876,13.4696
3170,2140,3696,3666,3940,13.4701
3576,2674,2948,2969,3569,13.4706
2562,3596,3871,3554,2987,13.4714
3334,2254,2987,3928,3413,13.472
2727,2500,3655,4108,3706,13.4726
2803,2440,3597,4044,3781,13.4731
3110,2240,3364,4209,3667,13.4735
3973,3007,3005,2928,3383,13.474
3034,2300,3422,4273,3592,13.4746
4032,2616,2971,2858,3747,13.4753
2895,2544,3478,3452,3279,15.1621
3228,2685,3279,3305,2934,15.1637
3708,2242,3373,2705,3818,15.1651
2813,3150,3532,2617,3872,15.166
3160,3708,3315,2321,3951,15.1668
4135,2542,3376,2378,4206,15.1673
4095,2487,3061,3366,3098,15.1678
3424,2346,2847,3490,4308,15.1684
3467,3508,3082,2486,3837,15.169
3393,2639,2542,4316,3363,15.1697
3978,2209,3574,3210,3119,15.1704
3884,2167,3835,2738,3465,15.1711
3505,2675,3874,2839,2879,15.1719
4060,3251,2908,2732,3683,15.1729
3618,2687,3028,2956,3513,15.1734
3497,2660,2550,3733,4044,15.1741
2493,3283,3897,4133,2771,15.1747
2245,3512,3142,4335,3470,15.1755
3186,2806,2710,4411,3079,15.1761
3895,2677,3623,2490,3458,15.1768
4337,3241,3503,2266,3628,15.1776
3301,2864,3957,2682,3055,15.1783
2700,3152,3726,2799,3646,15.1792
3595,2244,3567,2887,3592,15.1798
4079,2274,3707,2711,3417,15.1805
3453,3116,3126,3120,3042,15.1811
2244,3728,3469,3532,3735,15.1818
2585,2679,3232,3927,3507,15.1823
3454,2448,3295,4107,2861,15.1833
3821,2395,3313,3575,2955,15.1839
3982,2489,3255,3548,2872,15.1845
4001,2445,3322,2894,3444,15.1852
4257,2103,3462,3141,3494,15.1858
4372,2477,3656,2900,3043,15.1864
3578,3003,2925,3381,3023,15.187
3120,2950,3299,2782,3758,15.1876
3775,2656,3423,3643,2588,15.1883
4208,2856,3079,2621,3942,15.1889
2773,3195,3767,3086,3152,15.1895
2672,3130,3634,3585,2854,15.1902
3989,2719,3362,2962,3112,15.1918
3464,3514,3525,2417,3516,15.1927
2553,3150,3572,3797,2889,15.194
2653,3336,4346,2803,3486,15.1952
2530,3202,3652,4432,2794,15.1963
4297,2963,3604,2423,3328,15.7858
3264,3193,3656,2569,3811,15.7873
3235,3658,3553,2508,3514,15.7887
4166,3070,3714,2454,3119,15.7892
2473,3811,3234,3522,3324,15.7898
3671,2261,3881,3091,3316,15.7903
3210,3533,3362,2943,3291,15.7909
3514,3339,3572,3039,2856,15.7916
2591,4001,3516,3145,3565,15.7921
2967,3498,3650,2756,3515,15.7926
2594,2690,3268,4451,3367,15.7932
3111,3032,3646,4102,2617,15.7938
3539,3464,3763,2604,3079,15.7955
2911,2326,3785,3739,3967,15.7962
2524,3160,4188,3048,3989,16.8179
3244,2899,4317,3575,2451,16.8192
3174,3018,4411,3068,2583,16.8199
2619,2848,4234,3506,3142,16.8206
2292,2858,3839,3859,3427,16.8213
3335,2566,4327,2895,3182,16.8223
3055,3856,3814,2308,3910,16.823
2946,3181,3686,3812,2588,16.8235
4097,2913,4662,2081,2962,16.8242
4168,3445,4208,1851,3533,16.8249
3982,2725,4265,2320,2832,16.8255
2689,2729,4140,4013,3010,16.8263
4053,3257,3811,2090,3403,16.827
3889,3207,3994,2201,3103,16.8279
3441,2334,4026,3299,3168,16.8288
2725,2616,3933,3910,3128,16.8297
2710,3627,4008,3016,3285,16.8305
2592,3437,3726,3393,3044,16.8311
2549,3310,3385,3658,3005,16.8316
2423,2751,3729,3828,3636,16.8325
3126,2766,4214,2871,3708,16.8331
3609,2875,4335,2407,3058,16.8337
2086,3552,3595,3905,3966,16.8342
2449,3346,4121,3170,3948,16.8351
3888,3113,4549,2057,3488,16.836
2865,3854,3350,2669,3739,16.8369
3068,2636,3807,3154,4111,16.8376
3064,2807,3466,3107,4352,16.8382
3280,2786,4110,3472,2569,16.8387
4385,3321,3768,1975,3723,16.8394
2331,3156,3839,3547,3707,16.84
3932,2100,3778,3551,3402,16.8406
3773,2925,4152,2296,3358,16.8412
3333,2943,4372,2495,4047,16.8418
2545,4187,3165,3139,3796,16.8424
4314,2789,4222,2205,3152,16.843
4040,2048,3627,3474,3611,16.8437
3098,3128,4014,2995,2733,16.8443
2980,4042,3747,2430,3869,16.8452
2908,2812,2957,4364,3250,16.8458
2663,2392,3658,4119,4144,16.8466
3635,3145,4214,2429,2799,16.8471
2781,3612,3734,2847,3567,16.8477
3099,3426,3381,2446,3724,17.0531
3607,3405,3543,2320,3511,17.0548
2930,3549,3210,3340,3025,17.0561
2650,3217,3551,3546,2980,17.0568
3243,2960,3377,3792,2826,17.0576
2680,3403,3294,2870,3980,17.0582
2736,3632,2855,3181,3742,17.0589
3365,3404,3792,2631,3098,17.0595
2715,2916,3279,4007,3060,17.4324
3001,3611,3422,2406,3707,17.434
3584,3655,3846,2152,3702,17.4353
3280,3292,3441,2937,3049,17.4362
2842,3555,3739,2706,3494,17.4371
2865,2201,3295,4316,4221,17.4379
2874,2494,2991,4166,4115,17.4386
2411,3110,3069,3911,3495,17.4392
3071,3428,2709,3492,3549,17.4399
3321,3432,3345,2739,3419,18.3959
3245,3492,3403,2803,3344,18.3978
2519,3469,3530,3819,2948,18.3986
3500,2372,2740,3396,3645,18.3994
4004,2730,3516,2734,3570,18.4004
3739,2543,2996,2961,3610,18.401
3273,3378,2858,2927,3521,18.4018
2974,2874,3562,3035,3340,18.4027
2813,2822,3269,3405,3216,18.4038
3107,2761,3604,3742,3008,18.4054
3208,2577,2742,3989,3561,18.4062
2898,2934,3620,3099,3265,18.4073
3227,2393,2845,4428,4019,18.4082
3236,3320,2994,3045,3370,18.4088
3160,3380,3052,3109,3295,18.4099
3133,3117,3109,3067,3715,18.89
3176,3244,3450,2802,3754,18.8914
3854,3512,2913,2465,4160,18.8924
2941,3316,2862,3920,2853,18.8933
2749,3022,3097,3889,3152,18.8941
3276,3191,2961,2952,4022,18.8951
2617,3094,3366,4199,2943,18.8959
2716,3655,2774,4462,3001,18.8969
3719,2748,2800,2854,3876,18.8977
3407,3007,3619,2611,3813,18.8985
3188,2756,3565,3090,3209,18.8993
3349,3505,2664,3195,3758,18.9002
3347,2305,3282,3596,3371,18.9008
2565,2884,3254,4333,3310,18.9016
3132,2762,2806,3990,3113,18.9024
3140,2472,3450,3691,3087,18.9043
3364,2880,3278,2876,3774,18.9054
2825,2962,3039,3825,3227,18.9063
2459,3203,3228,4663,3423,18.9072
3291,3223,2546,3710,3444,18.9078
3263,2655,2696,3959,3322,18.9085
3319,2649,3455,3059,3418,18.9095
3692,3115,2992,2947,3344,18.9104
3507,2954,3130,2761,4081,18.9111
3084,3390,2714,3805,3160,18.9119
2868,3002,3159,3677,3117,18.9126
3288,2703,3076,3240,3477,18.9136
2956,2855,2929,3794,3436,18.9153
3056,2822,2864,4054,3038,18.9164
3240,2419,2961,3841,3355,18.9175
3419,2596,2966,3209,3686,18.9186
3008,2524,3295,3891,3544,18.9194
3092,2715,3627,3297,3118,18.9202
3235,2458,3123,3653,3844,18.9212
3192,2662,3138,3447,3386,18.9221
2985,2829,3306,3542,3102,18.9233
3104,2565,3233,3684,3635,18.9242
2683,2750,3808,3359,3484,20.2368
3117,2956,3742,2713,3437,20.2391
3496,2448,3703,2612,4023,20.2408
3843,3006,3486,2316,4102,20.2419
3080,3319,3436,2860,3759,20.2429
2482,3063,3685,3617,3506,20.2446
2654,3215,3705,3298,3187,20.2454
3089,3070,4287,2589,3260,20.2462
3468,2562,4248,2488,3846,20.2471
2381,2998,3552,4116,3208,20.248
2981,2789,3008,3588,4454,20.249
2716,2674,3058,4198,3856,20.2498
3037,2117,3578,3693,3847,20.2505
4242,3430,3750,2072,3728,20.2516
3241,2628,4420,2726,3546,20.2524
3153,3633,3139,3103,3495,20.254
2582,2685,3675,3858,3186,20.2549
2817,2739,3191,3699,4154,20.2565
2658,2625,3617,3794,3261,20.2576
2528,2877,4036,3623,3275,20.259
3596,3190,2978,3005,3349,20.26
2743,3249,2871,4509,3225,20.2608
3260,2296,3030,3601,4008,20.2616
2888,3518,3189,3713,2897,20.2633
2269,2921,3765,4586,3457,20.2641
3658,3640,3388,2373,3897,20.2659
2937,3245,3584,2975,3452,20.2673
3815,3120,4031,2192,3925,20.2682
2486,2797,3325,4710,3647,20.269
2604,2597,3271,4668,4105,20.2697
2629,3090,3514,3733,2964,20.2704
2916,3269,3619,2971,3459,20.2715
3753,3451,3141,2567,3797,20.2723
3331,3075,3028,3615,2751,20.273
3551,2428,3112,3070,3654,20.2739
2961,2177,3636,3757,3772,20.2761
2888,3383,4164,2847,3282,20.2783
2447,3469,3546,4127,3002,20.2791
2927,3176,3463,3872,2809,20.9577
3032,2651,3508,3869,3181,20.9603
3768,2972,4228,2322,3302,20.9619
2956,2711,3566,3933,3106,20.9627
3277,2919,3694,3469,2833,20.9636
3353,2859,3636,3405,2908,20.9646
3554,2909,4289,3003,2778,20.9656
3719,3373,3486,2455,3559,20.9664
3256,3191,3658,3240,2915,20.9674
3141,2563,3715,3392,3827,20.969
2680,2435,3277,4302,4040,20.9698
2560,3509,4021,4043,2805,20.9706
2864,2573,3120,3858,3882,20.9713
3466,2857,3442,3223,3134,20.9732
3743,2847,4037,2757,3079,20.9741
2938,2609,3769,3397,3527,20.975
3372,2815,3703,2751,3480,20.9762
3080,3266,3196,3207,3268,20.9783
2620,3376,3696,3707,2923,20.9793
3475,2822,4138,2596,3512,20.9802
2963,2734,3960,2962,3750,20.9812
2967,2963,2869,4168,3699,20.9831
2764,3009,2923,4173,3399,20.9842
3284,2942,4088,2498,3477,20.9854
3183,2877,3955,2997,3179,20.9866
3259,2817,3897,2933,3254,20.9875
2970,3119,3927,3304,2947,20.9897
3575,2769,3649,2746,3780,20.9908
2686,2744,3365,3428,3805,20.9918
2649,2911,3799,3768,3220,20.9929
3055,3231,4278,2998,2996,20.9938
2862,2669,3827,3461,3452,20.9947
3268,2989,4306,2691,3228,20.9958
2589,3044,4124,4104,3102,20.9969
2549,2542,3387,4333,3831,20.9978
3643,3433,3544,2519,3484,20.9996
2473,2602,3445,4397,3756,21.0005
3007,2952,3493,2964,3532,21.0022
3491,2982,3633,2788,3357,21.0034
3591,3066,3757,2272,4084,21.0043
3344,2929,4248,2627,3303,21.0065
3667,2907,4095,2821,3004,21.0074
2953,3184,2931,3627,3922,21.0092
3357,3287,3530,3007,3061,21.1983
3510,2713,3965,3264,2717,21.1998
3404,2945,4266,2860,2731,21.2009
3258,3601,4252,2506,3112,21.2019
2780,2433,3895,3770,3758,21.4264
3084,2239,4105,3866,3323,21.4287
3259,3132,4104,2810,3034,21.4298
4107,2612,4064,2581,2813,22.2722
3311,3157,3704,2644,3195,22.2746
4177,2493,3970,3088,2681,22.2765
3461,2775,3877,3699,2641,22.2779
3584,2750,4144,2842,2835,22.2789
4271,2662,3881,2470,3113,22.2798
3497,2662,3670,3596,2759,22.281
3852,3021,3774,2553,2989,22.2821
3879,2775,3339,3325,2818,22.2831
4016,3071,3591,2442,3289,22.2864
2889,3328,3901,2971,3259,22.2877
4178,3144,3610,2351,3384,22.2888
3284,3848,3957,2526,3434,22.5848
2964,3460,3200,3121,3170,22.5867
3698,2786,3572,3098,2746,22.588
3333,3710,3377,2654,3604,22.5892
2978,3239,3138,3662,2947,22.5903
3169,3660,3560,2765,3304,22.5913
2915,3598,3780,2993,3000,22.5924
3542,2743,4485,2519,3521,22.5934
2430,2655,3510,4394,3723,22.5943
2509,3278,3301,3763,3224,22.5958
3996,2504,4203,2861,2609,22.597
2691,2936,3397,4240,3060,22.5994
2365,3233,3614,4436,3308,22.6004
3499,2616,4144,2784,3482,22.6015
2615,3019,3893,3459,3383,22.6026
2721,2787,3592,3863,3369,22.6036
2579,3159,3207,4270,3092,22.6046
2575,3749,3295,3774,3018,22.6071
2655,3049,3604,4343,2942,22.6081
3882,2617,2848,2846,3917,23.954
2845,3363,2675,4049,3384,23.9567
3294,3325,2774,2923,3857,23.9581
3105,3150,2766,3469,3334,23.9592
3617,2502,2898,3456,3319,23.9605
3552,3272,2746,2858,3896,23.9615
3222,2317,3151,3739,3418,23.9626
3753,2322,2934,3502,3387,23.9642
3308,3104,2712,3464,3634,23.9653
3221,3011,3071,2680,4121,23.9664
3089,3531,2709,3443,3646,23.9678
3105,3828,2817,2969,3950,23.9689
2851,3768,2935,3021,4003,23.9701
3205,2714,2963,3154,3817,23.971
3737,2601,3235,2662,4066,24.2214
3179,2856,2999,2999,4082,24.2237
2914,2741,3049,3609,3484,24.2253
2987,3055,2752,3852,3220,24.227
3063,2945,3149,3925,3070,24.2284
3298,2873,3737,2807,3971,24.2295
3472,2486,3285,3272,3468,24.2306
3033,2758,3787,3417,3373,24.2317
3492,3062,3001,3122,3622,24.2328
3322,2930,2851,2884,4389,24.2341
3410,2619,3168,2808,4141,24.2356
3525,2807,3565,2569,4271,24.2372
3810,2915,2938,2905,3802,24.2385
2762,3394,2664,4394,3368,24.2396
3130,3129,2604,3737,3527,24.2406
2689,3080,2961,4151,3632,24.2416
3553,2693,3020,2693,4448,24.2426
3057,2815,2901,3494,3791,24.2437
3221,2444,3160,3354,3618,24.2452
2990,2631,3446,3682,3334,24.2468
3145,2504,3218,3418,3543,24.2481
2765,3020,2903,4087,3707,24.2496
3132,2637,2800,4053,3486,24.2518
2954,3195,2911,3541,4230,24.2529
2901,2777,2975,3824,3675,24.254
2825,2837,3033,3888,3600,24.2557
3020,2560,3013,4523,3735,24.257
3096,2500,2955,4459,3810,24.2582
3679,2319,3117,3177,3752,24.2593
3800,2866,3870,2296,3558,25.6133
3772,2980,4415,2172,3381,25.6165
3873,3180,3573,2539,3294,25.6185
3523,2876,3275,2762,3613,25.6201
2907,2369,3997,3522,3861,25.6215
4522,2504,4710,2077,3566,25.6229
3746,3189,3101,3017,3179,27.1856
3359,2947,3215,3738,2610,27.1878
2965,2425,3384,3959,3147,27.1892
3344,1917,3345,3858,3733,27.1907
4313,2147,4402,2934,3004,27.1923
3403,2491,2639,4351,3612,27.1938
3231,2982,3673,3968,2374,27.1952
3770,2663,3652,3319,2699,27.1965
4047,2653,4247,2853,2644,27.1977
3286,2633,3512,3495,2874,27.1987
3621,1907,3940,3392,3678,27.2
4036,2157,3807,3400,3059,27.2011
4055,2113,3874,2746,3631,27.2024
3657,2665,3846,3501,2473,27.2043
3336,2457,3718,3965,2746,27.2058
2976,3207,3506,3637,2649,27.2072
3254,2362,3000,4109,3428,27.2085
3283,3448,3064,3602,2929,27.2097
3330,2177,2936,4108,3876,27.2108
2936,2890,3281,3898,2850,27.2119
3092,2831,3551,3148,3214,27.2133
2860,2950,3339,3962,2775,27.215
3004,2958,3936,2895,3211,27.2169
4149,2155,3613,3218,3285,27.2191
3992,2341,3352,3583,3121,27.2208
3563,2623,4107,3029,2819,27.222
3942,2115,4068,2928,3405,27.2232
3056,1933,3681,4132,4305,27.2244
2470,2608,3888,4328,3435,27.2257
4426,2145,4208,2752,3230,27.227
3242,2415,3979,3493,3092,27.2282
3039,3280,3030,4208,2667,27.2297
2924,3182,3906,3803,2488,27.2309
3625,2394,3334,4115,3027,27.2324
4059,2600,3268,3469,2980,27.2337
3274,2925,4137,3400,2512,27.2368
3212,2552,3177,3397,4513,27.2383
3439,3389,3334,2852,3293,27.2395
4150,2806,3253,2481,3988,27.2408
2979,2833,3745,3330,2988,27.2433
3359,3037,4488,3094,2561,27.245
4398,2259,4753,2628,3053,27.2463
3070,2224,3157,4553,3586,27.2475
3232,1840,3558,4328,3982,27.2488
2687,2484,3448,4452,3625,27.25
2849,2100,3849,4227,4021,27.2512
4023,3179,3696,2551,3124,27.2539
2988,3005,4154,3088,2962,27.2552
2953,2717,4009,3864,2785,27.2568
3946,2602,3462,3651,2754,27.2582
2656,3540,3321,4107,2706,27.2596
2900,3708,3355,3501,2968,27.2609
3023,2377,3169,3943,3990,27.2622
3078,2455,3123,3913,3751,27.2636
3676,2621,3913,2847,3045,27.2652
2925,2040,3791,4163,4096,27.2668
2950,2165,3982,3728,4319,27.2681
2793,2112,4060,4473,3887,27.2694
4443,3009,3202,2670,3614,27.2707
3383,2450,3897,2794,3797,27.2718
3670,3249,3159,3081,3104,27.2746
3357,2752,2749,4419,3245,27.276
3207,3508,3122,3666,2854,27.2774
3648,2735,4458,2723,2868,27.2799
2335,3392,3759,4597,3251,27.2822
3363,3449,3392,2916,3218,27.2834
4402,2671,3657,2450,3710,27.2849
3068,2815,3133,4269,2964,27.2864
3016,2891,3609,3212,3139,27.2877
4027,2227,4419,2622,3454,27.2893
2947,2562,3233,3944,3542,27.2906
3048,2502,3360,3508,4213,27.2919
3339,2634,3442,2977,3859,27.2933
3406,2893,3358,2863,3718,27.2947
3925,2514,3229,3257,3185,28.9149
3286,3032,3513,3079,2972,28.9174
3112,2902,2704,3763,3368,28.9193
3560,3276,3593,2540,3315,28.9213
3188,2792,3101,3836,3218,28.9236
2931,2340,3555,4037,3640,28.9251
2966,3365,3328,3549,3029,28.9266
3203,3459,3066,2948,3472,29.2012
3572,3709,3243,2481,3906,29.2038
2903,2880,3179,3414,3855,29.2054
3552,2442,3887,3019,3372,29.2069
2489,3044,3083,4502,3480,29.2083
3093,3176,3340,3429,2910,29.2126
3089,3347,2999,3382,3151,29.2141
2950,2836,3861,3196,3653,29.2185
2541,2763,3371,4114,3927,29.2216
3132,3474,3340,3117,3190,29.223
3164,3161,3066,3260,3192,29.2244
2836,2724,3794,3630,3332,29.2262
3151,3633,2599,3731,3610,29.2277
2935,3671,2637,3755,3581,29.2291
3799,3195,4031,2318,3099,29.3801
3079,3648,3597,2882,3300,29.383
3213,3316,4411,2756,2863,29.3857
2849,3993,3375,3235,3361,29.6725
3864,3082,3803,2636,2880,29.6751
2989,3308,4027,3547,2627,29.6768
3405,2447,4233,3402,3050,29.6783
2394,2768,3717,4497,3605,29.6799
3144,3535,3369,3200,3081,29.6815
2651,3639,3692,3847,2868,29.6829
3168,3009,3920,3502,2601,29.6846
3085,3072,4133,2837,3053,29.8203
3496,3297,3682,2600,3307,29.823
3216,2965,4023,2806,3262,29.8246
3297,2620,3671,3418,3346,29.902
2742,2450,3494,3856,3905,29.9048
2955,3674,3401,2905,3248,29.9067
2713,2915,3391,3795,3608,29.9085
2525,2574,3934,3732,3715,29.9101
2496,3039,3831,3671,3418,29.9118
2704,2877,3845,3172,3500,29.9133
3076,2709,3917,3060,3590,29.915
2984,3209,3504,2966,3545,29.917
3106,2395,3627,3462,3888,30.2154
2743,2601,3101,4197,3906,30.2189
2890,2326,3486,3881,4444,30.2205
3507,2720,3938,3234,2869,30.3406
3768,2984,3143,2691,4018,30.3432
3724,2596,3498,3358,3059,30.3449
2855,3258,3347,3052,3462,30.3465
2492,3464,2821,3787,3480,30.3482
2812,3131,3006,3317,3423,30.3499
3209,3002,3307,3471,3006,30.3521
3376,2940,3117,3272,3217,30.3554
3135,2746,2785,4126,3550,30.3572
2926,2820,3075,3223,3442,30.9087
2742,2973,2926,3739,3567,30.912
3029,3210,2824,3533,3259,30.9145
3621,2990,3807,2633,3609,30.9167
3274,2432,4024,2929,3530,30.9185
3302,2318,3479,3053,3707,30.9206
3146,2377,3209,3803,3343,30.9225
3078,2937,3219,2795,3814,30.9246
2798,2967,3685,2839,3663,30.9269
3189,2320,3673,3235,3481,30.9287
2898,2914,3196,2989,3931,30.9309
3685,2058,3188,3154,3668,31.1215
3645,2374,3085,3579,3178,31.1244
3657,2172,3733,3030,3491,31.1263
2535,3146,4064,3180,3245,31.1278
3572,2060,3382,3336,3442,31.1296
3725,2816,3204,2693,3861,31.1316
3460,1983,3595,3806,3691,31.135
2915,2517,3384,3574,3532,31.1381
3325,2707,2900,4049,3235,31.1418
3218,2444,4235,3175,3396,31.1453
3573,1981,3401,3624,3917,31.1496
3153,2183,3828,3641,3805,31.153
3021,2255,4097,3951,3596,31.1575
3034,2306,4392,3619,3554,31.1618
2172,3352,3538,3915,3263,31.1675
2126,3538,3187,3909,3494,31.1723
3473,2034,3890,3474,3649,31.1757
3266,2181,3634,3459,4031,31.1797
3409,3023,2492,3668,3902,31.3157
3528,2244,2927,3519,3504,31.6164
3601,2558,2630,3762,3240,31.6189
3875,2802,2710,3223,3583,31.6207
3090,2952,2983,3278,4198,31.6222
3260,2692,3615,3179,3673,31.6238
3218,2818,2921,3661,3279,31.6255
2898,3151,2736,4131,3336,31.6273
3744,2632,2482,3647,3547,31.6289
3799,2862,2768,3287,3508,31.6304
3470,3066,2453,3686,3820,31.632
3626,3007,2723,2936,4184,31.6336
3416,2167,3140,3989,3753,31.6354
3671,2318,2779,3404,3811,31.6372
4018,2876,2562,3108,3890,31.6387
3364,2518,3012,3239,3925,31.6401
3033,2427,3431,3888,3792,31.6417
3437,2832,2715,3482,3661,31.6432
3744,3310,2533,3147,4163,31.6449
3397,2752,2750,3443,4084,31.6464
3764,3494,2731,2660,4559,31.648
3112,2816,3623,3154,3134,32.0004
3212,2763,3134,3304,3402,32.0037
3595,2503,2843,3405,3363,32.1199
3555,2819,2740,3830,2873,32.1225
3495,2556,3332,3255,3095,32.1242
3635,3261,2859,2944,3556,32.1262
2693,3034,3308,4135,3018,32.1278
3056,2828,3834,3400,3000,32.1295
3698,2893,2592,3715,3180,32.1312
3479,3320,2589,3694,3192,32.1328
3298,2367,3194,4031,3295,32.1345
3311,2418,3489,3699,3253,32.1364
3482,2505,3037,3587,3137,32.1382
3598,2946,3081,3565,2912,32.1415
3043,2777,3539,3732,3042,32.1432
3175,2705,3270,3422,3251,32.145
3043,3162,3968,3591,2453,32.4913
3624,2742,2815,3313,3390,32.4948
2760,2490,3513,4015,3794,32.497
4550,2390,4165,2201,3743,32.4989
4171,2898,4204,2302,3157,32.5005
2861,2555,3646,3516,4092,32.5021
3152,2687,3728,2985,3738,32.5038
3184,2481,3094,3602,3560,33.3212
3518,2740,3517,2806,3245,33.3242
3680,2356,3918,2581,3641,33.3263
3795,2730,4112,2340,3190,33.3286
3571,2831,4158,3187,2356,33.3306
3200,2799,3824,3181,2757,33.3324
4089,2803,3486,2446,3839,33.3351
3856,2281,4380,2614,3288,33.3374
3889,2772,3851,2812,2844,33.3393
3162,1959,3652,3821,4114,33.3411
3000,2343,3251,4046,3718,33.3427
3062,3132,3383,3236,3433,33.3445
4266,2709,3957,2496,3057,33.3463
3788,2707,3718,3311,2546,33.3482
2995,2568,2946,4129,4231,33.3499
4065,2697,4313,2845,2491,33.3517
3888,2654,3229,3461,2814,33.3533
3901,2498,3811,2744,3176,33.3556
3754,2928,3387,3414,2670,33.3586
3672,2896,4291,2688,2654,33.3607
3407,2632,3656,3086,3041,33.3625
2783,2467,3691,3922,3528,33.3654
3439,1949,4247,3355,4059,33.3676
2644,2688,3463,4246,3167,33.3695
3338,1884,4114,3854,3761,33.3714
3989,2856,3975,2296,3571,33.3732
3995,2540,3550,3216,2830,33.375
3073,2373,3233,3882,3356,33.3775
2747,3078,3212,4556,2984,33.38
4157,2156,3951,2991,3226,33.3825
3293,2651,4576,3159,2860,33.3845
2959,2392,4153,3955,3175,33.3865
3684,2622,4251,2620,2986,33.3885
3950,2323,4119,3086,2942,33.3905
2806,2304,3864,4021,3563,33.3924
2889,2235,3390,4326,3514,33.3948
4144,2105,3656,3323,3268,33.3976
4052,2646,4018,3177,2533,33.3997
2745,2753,3596,3747,3465,33.4017
3507,2579,3167,3236,3309,33.4037
3672,2143,4537,3058,3446,33.4059
2962,3083,3970,2977,3228,33.4077
4165,2644,3824,2995,2759,33.4098
3694,2665,3979,2839,2892,33.4118
3778,2664,3990,3092,2640,33.4139
3879,1976,4369,2963,3730,33.4162
2947,2437,3227,4007,3915,34.6929
3020,2751,2930,4250,3651,34.6965
3308,3573,3255,3167,3152,34.6997
2961,3015,3472,3463,3073,34.7019
4374,2785,4202,2326,3533,35.3012
3064,2945,4096,3024,3037,35.3042
2932,3017,4365,3334,2828,35.3066
3307,2922,3615,3904,2449,35.3087
4312,3116,3312,2701,3405,35.3107
2569,3223,3839,4069,2846,35.3126
3509,1830,4153,3862,3927,35.3148
2523,3409,3488,4063,3077,35.3189
2552,2944,3591,4124,3374,35.3208
2853,2348,3597,4429,3396,35.3228
3218,2100,3149,4578,4125,35.3249
3296,2875,3761,2815,3405,35.8914
3004,3767,3045,3071,3587,35.8953
3003,3116,3405,3808,2884,36.12
2953,3144,4402,3147,2844,36.2567
3233,3476,4061,2941,2889,36.2596
2590,3350,3876,3882,2862,36.2616
2515,2516,3666,4094,3605,36.3313
2919,3281,4277,3543,2650,36.335
2849,2775,4089,3298,3290,36.3373
3070,2686,3843,3656,3046,36.3394
2364,3111,4100,3981,3209,36.3413
2581,2987,3660,4105,3399,36.3434
3776,3281,3834,2203,3573,36.5015
3645,3388,3944,2234,3364,36.5047
3114,2692,4318,2974,3443,36.5069
3669,2862,4495,2536,2884,36.509
3245,2585,4208,2943,3652,36.5109
3263,2542,4016,3306,3108,36.5129
3949,3194,4154,2330,2929,36.5152
3418,2498,4528,3070,3008,36.5175
4080,3087,4044,2299,3138,36.5195
3800,2755,4385,2505,3093,36.5215
3675,2296,4075,3325,2882,36.5233
3563,2938,4314,2906,2599,36.6177
3786,2404,3936,3045,3086,36.6208
2356,3707,2749,4050,3512,37.0478
2676,3374,2934,3580,3455,37.0503
2347,3833,3482,3751,3303,37.0526
2667,3500,3667,3281,3246,37.0546
2965,3218,4298,3044,3109,37.0568
2300,3478,3188,3739,3750,37.0589
3026,2612,2903,4322,3708,37.0612
3135,3086,2889,3314,3518,37.0634
3386,3146,2784,3224,3711,37.2248
4199,2758,3309,2718,3528,37.2283
2862,3852,3465,2807,3628,37.2306
3066,3479,2599,3694,3768,37.2329
2427,3997,2883,3516,3555,37.2352
3101,2641,4023,3306,3485,37.2376
2733,2273,3564,4626,4012,37.2404
2927,2511,3214,3990,3881,37.243
2914,2835,2713,4352,3740,37.2458
2729,2444,3223,4579,4253,37.2479
4314,2946,3706,2479,3658,37.2498
2275,3353,2997,4174,3527,37.2516
2611,2673,3370,4507,3697,37.2537
2607,2844,3029,4460,3938,37.256
2798,3215,2917,3913,3505,37.4148
2962,3265,2734,3802,3805,37.4186
4284,2912,3309,2755,3370,37.7245
3066,3163,2814,3831,3001,37.7277
3471,3300,2784,3261,3553,37.7301
2620,2937,2973,4471,3689,37.7326
4153,3019,3419,2786,3161,37.735
3340,3407,2894,3292,3344,37.7372
3622,2323,3793,3526,3240,37.7392
2809,2711,3268,4032,3423,37.7412
2611,2644,3277,4621,3795,37.7433
3109,3290,3155,3566,3040,37.7455
3383,3534,3235,3027,3383,37.7477
3922,2902,3680,3060,2857,37.7496
2881,3218,2860,4317,3026,37.7516
2655,3278,3103,3305,3757,38.2502
2602,2807,3530,4075,3404,38.3109
2965,2601,4056,3340,3386,38.3139
3640,3093,3138,2584,3920,38.5972
3755,3281,3535,2345,4050,38.6007
3202,3236,2671,3431,3736,38.603
3224,2585,3909,3085,4129,38.6051
3181,2458,3568,3350,4090,38.6072
2542,2976,3852,3172,3877,38.6095
3594,3354,3248,2652,3553,38.6118
2436,3235,3260,3476,3718,38.614
3189,3135,3790,2597,3527,38.7637
3195,3223,3369,2930,3229,38.7671
2415,2894,3587,3592,4531,38.7701
3134,2643,3348,3223,3914,38.7721
2913,3540,3465,2537,3776,38.7747
3054,2376,3303,3770,4744,38.7772
3469,3467,3449,2391,3572,38.7794
3239,2767,2793,3543,4231,38.7817
3304,3323,4187,2358,3657,38.7837
2936,2576,3357,3812,4286,38.786
2814,2976,3163,3693,3971,38.788
2600,3285,3077,3365,4018,38.7899
3402,2035,3362,3616,3751,39.2889
3090,2294,4181,3373,3688,39.2927
3828,2823,3639,2538,3893,39.4772
3245,3472,2979,2693,4010,39.4802
3452,3325,3235,2708,3628,39.4825
3165,3030,2860,3579,3327,39.4849
2435,3173,3159,3574,3681,39.4875
4235,2570,2917,2853,4047,39.4898
2666,3039,3954,3149,3454,39.4919
3105,2767,3452,3004,3549,39.4941
3928,2770,3150,2688,4161,39.497
3208,3157,3201,3314,3366,39.4992
3241,2280,3733,3404,3556,39.5013
4135,2623,3406,2703,3779,39.5033
2714,2776,3353,3433,4089,39.5055
2329,3492,3133,3904,3794,39.5076
3092,2716,3157,3336,3591,39.5098
2785,2916,3390,3171,3705,39.5121
3424,2398,3106,3349,3918,40.2435
3104,2731,2921,3819,3975,40.2468
3411,2531,2688,3984,3861,40.249
3567,2472,2958,3234,4225,40.2513
3392,2536,3105,3413,3727,40.4928
3028,2625,3291,3748,3560,40.4962
3766,3154,2749,2913,3765,40.6479
3218,2909,2843,3467,3708,40.6512
3118,2962,3332,3317,3440,40.6535
3075,2835,2991,3582,3401,40.6559
2824,2927,3198,4104,3227,40.6587
3079,2664,3332,3629,3160,40.6609
3634,2833,2874,3462,3030,40.6636
2850,3174,2903,4124,3549,40.6659
3731,2438,3890,3641,2806,41.4013
3179,2959,3530,3101,3418,41.405
2861,3018,3837,3476,2930,41.4074
3505,2689,3222,3138,3287,42.2297
2748,3020,4031,3658,2704,42.2334
4050,2063,3917,2851,3614,42.2369
2849,3085,4164,3159,3002,42.2392
3782,2679,3817,2672,3232,42.2419
3888,2447,3516,3076,3218,42.2447
3003,2610,3686,3957,2957,42.2472
2564,2882,4188,4102,2862,42.2494
3866,1925,4074,3295,3772,42.2518
3267,2875,4125,2746,3868,42.254
3394,2581,3361,3418,3083,42.257
3495,2990,3820,2638,3436,42.2595
2864,3461,4075,3636,2479,42.2616
3580,3179,4168,3025,2519,42.2662
3671,2571,3956,2952,3028,42.2725
3760,2157,4375,2891,3786,42.2753
3404,3254,3706,2992,2872,42.2799
3568,3304,3523,2881,3172,42.2821
3809,2157,3119,4037,3684,42.2843
3876,2721,3556,3144,2886,42.2865
3047,2154,3110,4570,3959,42.2889
3148,2219,3243,4071,4257,42.2913
4460,2835,3820,2452,3438,42.2935
4006,2247,3462,3034,3676,42.296
4100,2289,3201,3506,3330,42.2983
3681,2614,3684,3171,2934,42.3027
3765,2613,3695,3424,2682,42.3051
2787,3318,4031,3346,2984,42.3102
2871,2622,3291,4008,3467,43.3376
3240,2071,3524,3688,4147,43.8078
4505,2678,4092,2295,3742,43.8112
4605,2625,3603,2445,4010,43.8161
3195,2838,3986,2993,3246,43.8184
3295,2785,3497,3143,3514,43.8232
3139,2844,3227,3893,3150,43.8283
3727,2752,3121,4023,2939,43.8333
3596,2859,3231,4054,2730,44.0695
3742,2777,4197,3195,2522,44.0734
3371,2745,3863,3189,2923,44.0761
3463,2863,3885,3154,2813,44.0787
3633,3191,3295,3199,2953,44.518
4041,2373,3465,2996,3774,44.5224
4289,2673,3851,2632,3484,44.5253
3898,2299,3613,3111,3467,44.5282
3195,3221,3300,3458,3031,44.5306
3701,2209,3270,4114,3475,44.5361
2750,2592,4040,3931,3701,44.9733
2574,2667,3578,3898,4054,44.9773
3922,3327,3432,2450,3859,45.1759
2557,2773,3353,3693,3996,45.1793
3438,2971,3987,3099,2957,45.306
3008,3177,2957,3567,3661,45.3092
3159,3057,3675,3058,3248,45.3115
2585,2397,3572,4601,3473,45.5706
3140,2567,3749,4163,2914,45.5743
2826,2591,3904,3747,3140,45.577
2470,2879,3799,4385,3195,45.6465
4190,2544,4265,2756,2639,45.7914
3856,2285,3842,3552,2954,45.7953
3301,2115,3665,3990,3513,45.798
3635,2374,4088,3194,3198,45.8003
3958,2643,3629,3460,2866,45.8708
4224,2883,3500,2283,3751,46.2571
2462,3049,3729,3516,3916,46.2612
2406,3219,3780,3435,3909,46.2635
4339,3071,3897,2044,3881,46.266
3504,3336,3066,2847,3952,46.2684
2844,2954,2807,3845,3872,46.2709
2827,2442,3475,4008,4444,46.4491
2823,2613,3134,3961,4685,46.4526
3282,2961,3012,3218,3650,46.4552
3475,3207,3521,2533,3495,46.4579
3259,3723,3766,2961,3211,47.5801
3000,2960,3782,3143,3004,47.9473
3637,3091,3253,2722,3809,47.9511
2724,3365,3457,3083,3253,47.9536
3366,2849,3058,3123,3577,48.0739
3075,2717,2976,3654,3931,48.0779
3046,3182,2873,3593,3634,48.0806
3320,3110,3168,3191,3210,48.0832
2740,3041,3470,3572,3283,48.0861
2711,3506,3367,3511,2986,48.0885
2846,2782,4062,3268,3442,48.0908
3618,2828,3799,2954,3073,48.0935
3063,2658,3622,3392,3632,48.0961
3434,3222,3235,2757,3531,48.1622
3177,2770,3689,2958,3953,48.1662
3010,2832,3879,3157,3742,48.2857
3053,2959,4220,2892,3781,48.2891
3494,2740,3063,3230,3675,48.3414
2853,3580,3285,2944,3409,48.6324
2839,2577,3442,3638,3457,48.6369
3034,2447,3901,3499,3272,48.982
3001,3324,3369,3409,3082,48.9869
2694,3524,3602,3244,3196,48.9896
2394,2945,3715,3710,3579,48.9919
2507,2943,3521,3528,3805,48.9948
3854,2731,3393,2722,3740,48.9974
2963,2307,3864,3761,3656,48.9998
2522,3095,3769,3512,3287,49.4715
2798,3350,2999,3304,3448,49.4755
3919,2618,3165,3040,3521,49.4785
2777,2685,3424,3811,3540,49.4808
2936,3837,3007,3028,3823,49.4836
3612,2818,3398,2875,3635,49.4863
2662,3593,2927,3567,3480,49.4887
2684,2864,3316,4121,3275,50.1551
2911,3129,3500,3412,3156,50.1591
3011,3076,3011,3562,3424,50.1615
3137,2946,3450,3114,3474,50.164
3866,3121,2684,3173,3367,50.3678
3403,3380,2647,3758,3117,50.3708
3172,3079,3031,3729,2912,50.3731
3096,3580,2880,3593,3231,50.376
3559,3321,2917,3008,3481,50.3787
2852,3412,2846,4199,2969,50.3812
3099,2765,3328,3486,3176,50.3846
3580,3268,2833,3004,3817,50.3874
3718,3755,2841,2728,4192,50.3898
3306,2598,3160,3391,3460,50.5478
3960,2956,2710,3260,3425,50.5549
3829,3063,2820,3291,3216,50.7109
3283,3196,4150,2545,3641,53.1477
3311,3082,3605,2669,3818,53.1512
3335,3563,3937,2792,3041,53.154
3965,3440,3155,2538,3783,53.1572
4531,3367,3366,2222,4009,53.1625
3256,2368,3632,3214,4451,53.1652
2877,2876,3671,3315,3865,53.1677
3384,3396,3308,2912,3554,53.1707
3064,3405,3221,3773,2890,53.7356
3332,3047,3806,3469,2672,53.7421
2972,2687,3424,3509,3765,53.7505
3852,2560,3723,3179,3100,55.2408
3439,3622,3627,2362,3660,55.901
3362,3031,4045,3163,2882,55.9051
3463,3096,4178,2664,3180,55.9077
3092,3064,3844,2658,3581,55.9103
2290,3542,3820,3538,3504,55.9133
2218,3012,3790,4098,3503,55.9162
2910,3252,4252,3640,2829,55.919
2319,3077,3923,3599,3801,55.9216
3084,2851,4463,3135,3386,55.9244
2909,3074,3666,3336,3230,56.1566
2294,2952,3732,4034,3578,56.2616
2910,3425,2801,3856,3666,57.1572
2659,2563,3317,4072,4385,57.161
2991,3490,3519,3114,3252,57.1636
2950,2695,3399,3541,4031,57.1662
3787,2704,4090,2837,3135,57.3134
4374,2307,4050,2678,3296,57.3171
3010,2354,3689,3669,3797,57.3196
2719,3501,3275,3315,3494,57.3223
3006,2525,3348,3622,4038,57.3249
2868,3096,2823,4420,3373,58.0311
3083,3477,3938,2929,3059,58.2973
3691,2593,4183,2851,3186,58.3009
2783,2898,4051,3395,3442,58.3035
2826,3025,4392,3130,3481,58.3062
3377,3366,4228,2645,3163,58.3088
3381,3195,4569,2692,2922,58.3115
3262,3178,3831,2884,3033,58.3143
3245,3047,3227,3303,3008,58.9548
2821,2657,3871,3703,3219,59.071
3593,2703,3608,3389,2850,59.0753
3004,2853,2895,4157,3341,59.0808
3425,2271,3097,3734,3718,60.1178
3468,2214,3561,3166,3856,60.3081
3001,3304,2945,3299,3748,60.3117
2908,2578,3314,3780,3749,60.3148
2865,3547,2873,3562,3780,60.3177
2790,2736,3719,3479,3498,60.3752
2890,2683,3230,3629,3766,60.3789
2583,2883,3463,3464,3880,60.3817
3205,2393,3940,3507,3438,60.6785
2561,3393,3769,3200,3567,60.6822
3193,2635,2937,3540,3859,60.7956
3197,2464,3278,3587,3618,60.7994
3336,2709,2789,3425,4166,60.8019
3240,2591,3619,3322,3657,60.8047
3495,2181,3274,3621,3910,60.8074
3288,2578,3070,3303,3850,60.8855
3711,3076,2795,2943,4004,60.932
3555,3135,2525,3693,3640,60.9362
3559,2241,2992,3874,4060,61.265
3522,2986,2715,3519,3503,61.7527
3333,2610,2733,3844,3744,62.1239
3587,2784,3940,2994,2605,62.1279
3266,2576,3812,3458,2878,62.131
2998,2934,3227,3762,3096,62.1344
3966,2276,3901,2893,3191,62.1376
3922,2460,3446,3076,3253,62.1406
3870,2427,3426,2988,3608,62.2855
3608,3065,3623,3149,2696,62.2893
3013,2137,3696,3926,3847,62.4901
2634,2645,3735,4027,3261,62.4938
3784,2569,3762,2770,3254,62.4968
2968,2904,4158,3231,2946,62.4999
3794,2612,3490,2989,3160,62.5031
3068,2851,3669,3381,3214,62.5069
2851,2521,3295,4151,3451,62.5095
4051,2388,4252,2587,3240,62.6189
3773,2208,4670,2559,3744,62.623
2955,2853,3863,3563,2988,63.6051
3467,2895,3064,3661,2819,63.6089
3210,2443,3518,3862,3241,63.6123
4104,2835,3071,3204,3261,63.6154
3610,2969,2916,3546,3126,63.6183
3510,3022,3405,3396,2858,63.6212
3484,3498,3717,3200,2799,64.6574
3488,2988,4076,2719,3036,64.8904
3743,3428,3837,2458,3225,64.8941
3658,3316,3486,2764,3176,65.3066
3993,2992,2992,2846,3824,65.3105
4314,2798,4042,2197,3707,65.3163
3947,3253,3102,2914,3457,65.3219
3226,2331,3115,3938,4290,66.1057
2880,2870,3228,3384,4186,67.4045
2573,3070,3461,3219,4300,67.4073
3157,2860,3823,2918,4131,67.4102
3962,3098,4091,2278,3683,67.4132
3563,3180,4302,2148,3907,67.9125
3430,3192,3971,2880,3053,69.857
2888,2725,3402,3664,3580,69.8606
3980,2530,3799,3001,3467,69.9164
3020,3740,2709,3762,3401,70.0807
2764,2914,3933,3598,3408,70.3647
3741,2913,3913,2833,2785,70.3692
3021,3366,3479,3397,2986,70.372
3025,3195,3820,3444,2745,70.3749
3319,3084,4110,3160,2849,70.3779
3295,3296,3729,3210,2817,70.5416
3151,3251,2922,3038,3550,71.7525
3956,2676,3029,2922,3672,71.8093
3843,2678,3223,3104,3446,71.8133
3649,2876,3262,2757,3786,71.8165
2397,4156,3028,3677,3498,71.8192
3193,3125,3616,2556,3944,72.0745
2443,3970,3379,3683,3267,72.1629
3535,2610,2957,3298,4034,73.4627
3435,2663,3446,3148,3766,73.4666
3753,3123,2878,3355,3141,73.6701
3446,3323,3111,3190,3255,73.6744
3432,3140,3161,3116,3049,74.1626
3971,2492,3559,2489,3906,74.1668
3468,2162,3302,3307,4246,74.2792
3162,2984,3044,3651,3396,74.2829
3089,2670,3341,3408,3660,74.2858
3745,2152,3897,2841,4191,74.2888
4086,2510,3263,2965,3553,74.2914
3025,2605,3463,3405,4392,74.2945
3992,2468,3524,2493,3899,74.3008
3366,2660,3936,2942,3605,74.3068
3444,2405,3567,3888,2955,74.6805
3350,2363,3828,3416,3301,74.6849
3878,2611,3501,3242,2908,74.6881
3104,2675,3819,3458,3255,75.2973
3312,2269,3060,3960,4557,75.3015
3321,2551,3379,3582,3445,75.3049
3897,3002,3239,3299,2977,75.6285
2860,3632,3734,3589,2720,75.6324
3303,3189,3573,3491,2574,75.6355
3797,3055,3728,3149,2709,75.6385
3293,2895,3552,3045,3492,78.0494
3180,3692,3507,3104,3234,80.088
3033,3302,3148,3132,3884,80.0923
3354,3510,3276,2668,3611,80.0956
2679,3583,4051,2823,3808,80.743
3958,2789,3473,2957,2975,82.9095
3145,3177,2948,3463,3158,82.9136
3149,3006,3289,3510,2917,82.917
2834,2708,4166,3371,3177,83.8848
2679,2752,3654,3607,3277,83.9092
2722,3410,3057,3368,3373,84.7306
2586,3653,2985,3631,3405,84.7355
2758,3270,3034,3265,3871,84.7872
3223,2672,3454,2816,4020,84.7912
3147,2445,3707,3317,3498,85.0367
3697,2226,3358,3073,4430,85.1338
2714,2796,3777,3543,3423,85.138
2802,3134,3517,2985,4484,85.1411
2814,2743,3288,3693,3691,85.1443
2701,2745,3482,3875,3465,85.148
3510,2336,3051,3371,4185,85.9411
3255,2746,3396,3072,3932,85.9452
2441,3073,3785,4267,3138,89.7155
3520,2919,3289,4118,2655,89.7204
2804,2867,4311,3532,3120,89.7233
2748,2873,3552,4432,3024,89.7264
3642,3363,3704,2957,2927,90.4195
3399,3265,3510,3125,3222,93.7572
3028,3241,3596,3373,3107,93.8455
3378,2984,3827,2970,3131,93.8494
2789,3134,3114,3738,3622,93.8523
3288,2667,4207,2871,3331,95.9498
2777,3783,3393,2800,3808,96.3879
4134,2871,3537,2400,3747,96.3917
3590,3395,3918,2294,3625,96.3954
3458,3319,3519,2525,4192,96.4402
2882,2706,3600,3602,3577,97.6809
3299,2562,3851,2889,3870,98.6141
2754,3397,4118,2701,3849,98.6187
3342,2689,4192,2624,3909,98.6218
2750,3568,3777,2654,4090,98.625
3115,2424,4008,3333,4028,98.7278
3158,2551,4349,3068,4067,98.7322
3479,3195,2583,3757,3565,99.6192
3315,3153,2883,3614,3219,100.188
3965,2558,3529,2997,3326,106.704
2619,2885,3979,3943,3159,109.504
2644,3010,4170,3508,3382,109.63
3466,2496,3962,3301,3408,109.758
3568,2999,3866,2665,3376,109.8
3970,2821,3720,2511,3447,109.952
3426,3345,4101,2405,3325,109.956
2706,3798,3667,2969,3526,109.959
3004,3516,4298,2732,3389,109.962
4076,2589,3419,2915,3433,110.115
3263,2977,2894,3421,3616,110.119
3597,2854,3337,2966,3681,110.253
3053,3378,3718,2860,3559,110.257
2464,3528,3005,3628,4050,110.306
3401,3220,3910,2840,3102,110.476
2588,3608,3385,3346,3285,110.479
3705,3026,4120,2936,2667,111.553
2985,3479,3686,3500,2868,111.557
3283,3197,4317,3263,2731,111.56
2858,3232,3049,3300,4057,111.685
3121,3236,3758,3237,2836,111.899
3146,3361,3949,2802,3059,112.016
3310,3411,3766,2691,3359,112.181
2262,3017,3984,4020,3370,112.831
3077,2243,3886,3705,3730,112.836
3118,2471,3330,3569,3832,113.084
3354,2278,3539,3222,3782,113.088
2921,2629,3609,3448,3707,113.13
3021,2576,3120,3598,3975,113.134
3361,2892,2773,3546,3586,113.847
3441,2616,3233,3163,4697,114.055
2827,2938,3168,4006,3582,114.365
3839,2594,4582,2494,3445,119.171
3730,3008,3680,2498,3876,119.477
2598,2758,3942,4130,3143,121.089
3664,3380,3460,2515,3820,122.397
3285,2863,4107,2786,3952,122.535
2908,2926,4001,3102,3739,122.539
2569,3661,3716,3441,3316,124.526
2738,2737,2919,4429,4147,124.692
2478,3307,2943,4169,3827,124.74
3290,2816,4031,2760,4008,124.827
3325,3088,3353,2953,3689,124.937
3321,3259,3012,2906,3930,124.94
2544,3536,3525,3876,3093,125.09
2864,3203,3710,3406,3036,125.095
2351,3243,3394,4247,3377,125.141
2807,2996,3932,3526,3087,125.733
3552,3022,3181,2715,3989,126.771
3825,3005,3957,2578,3412,126.816
3190,2241,3692,3523,3956,127.471
3288,2348,3442,3716,3626,128.346
3388,2295,2953,3866,3894,128.349
3653,2410,2903,3256,4492,128.391
3034,2771,3000,3911,3866,129.396
3668,2558,3270,3130,3328,129.754
4088,2622,3717,2549,3580,129.758
3276,2361,3055,4160,3384,130.022
3987,2557,3584,3048,3282,130.026
2752,3030,3886,4122,2807,130.029
3016,2661,3981,3625,2915,130.161
3360,2406,3556,3635,3207,130.165
3177,2336,4198,4027,3162,130.218
3015,2720,3797,4252,2766,130.221
3232,3050,4171,3482,2529,130.225
3223,2494,3813,3530,3199,130.302
4155,2601,4096,2776,2853,130.352
3117,2726,4114,3126,3213,130.431
3461,2471,3689,3136,3505,130.436
4224,2786,4079,2314,3703,131.103
4183,2845,3225,2918,3493,131.113
2603,3180,4188,3790,3142,131.469
2560,3053,3847,4055,3103,131.477
3158,3350,4365,3352,2583,131.48
2792,2564,3455,4271,3706,131.592
4123,2377,3620,3094,3350,131.844
4243,2363,3053,3391,3637,131.852
4520,2353,3648,2925,3582,131.855
2999,2397,3287,4176,3990,131.969
3387,2923,3943,3218,2738,132.201
3332,2209,3970,3763,3371,132.208
3653,2417,4098,3299,3098,132.212
3576,2913,4048,3218,2751,132.438
3284,2424,4405,2932,4004,134.282
3945,2362,4281,2898,3431,135.494
2834,3362,3855,3567,2979,137.436
2833,3134,3724,3400,3155,137.462
2564,3395,3654,3062,3678,137.53
2934,3199,3857,2901,3453,137.553
2868,3125,2916,4306,3275,140.389
2872,2925,3164,4467,3132,140.657
3276,2957,3769,3425,2810,141.043
2370,3265,3430,3503,3362,142.511
2443,3579,3133,3746,3098,142.516
2958,2557,3504,3426,3422,142.519
2446,3155,3827,3576,3212,142.716
2558,3767,3530,3507,3228,142.746
2485,3453,3827,3264,3492,142.75
3581,2212,3367,2984,4082,143.134
3152,2571,2946,3869,4324,143.872
2984,3443,3203,3655,2892,144.448
3945,2548,3865,2664,3273,145.146
4065,2534,3298,2961,3560,145.208
4252,2672,3534,2438,3880,145.358
4273,2400,3570,2667,3798,145.362
4229,2584,3115,2850,3860,145.365
4506,2574,3710,2384,3805,145.368
4109,2598,3682,2553,3573,145.372
3844,2483,3732,3163,2975,145.471
3800,2667,3277,3346,3037,145.477
3530,2263,3231,4106,3309,145.536
4241,2459,3760,2994,3207,145.54
3116,2608,3492,3775,3183,145.694
3510,2527,4136,3283,3050,145.698
2677,2880,3994,3920,3088,145.701
3176,2268,3713,4079,3365,145.706
3979,1923,3880,3113,3998,145.851
3323,2441,3324,3680,3467,145.857
3873,2155,4181,2709,4012,146.006
3217,2673,3625,3276,3481,146.01
3334,2602,3674,3250,3403,146.013
3496,2218,4075,3025,3799,146.017
3057,2490,4577,3170,3704,146.02
2778,2945,4127,3421,3386,146.024
3494,2663,4220,2810,3426,146.028
3336,2928,3925,3788,2493,147.059
2685,3075,3424,4168,3003,147.792
3754,2482,4231,2800,3396,150.416
4015,2429,3771,3171,3141,152.669
4135,2415,3204,3468,3428,152.74
3729,2357,4040,3235,3173,152.745
3083,3117,3733,3122,3173,153.572
3184,3182,3866,2623,3471,153.661
2999,2684,3949,3291,4362,156.374
2513,3339,3282,3388,3669,158.839
3262,2634,3376,3478,3217,158.864
3031,2871,3207,3669,3158,158.868
2635,3380,3380,2893,3960,158.922
2778,3454,3232,2778,4267,158.926
3134,2768,3438,3095,4136,158.944
3894,2908,3609,2768,3212,161.617
2843,3076,3673,3593,3020,169.282
2514,3695,3670,4037,3036,170.287
3527,2749,3326,2868,3815,175.469
3670,2823,3178,2753,4122,175.474
3296,2986,3157,3059,3756,175.477
3642,2937,3723,2629,3945,175.758
2792,3233,3170,3319,4044,176.158
2446,3205,3372,3439,3437,176.438
2589,3279,3224,3324,3744,176.443
3085,2687,3088,3617,3650,176.87
3228,2761,2940,3502,3957,176.875
3039,2948,3198,3685,3283,177.876
3610,2474,3634,3867,2960,180.778
3033,2707,3666,3197,3773,183.053
3404,2739,4000,3203,3372,183.216
4122,2920,3798,2357,3811,183.294
3454,2822,3839,2738,3989,183.851
3686,2414,3576,3803,3035,185.647
4121,2269,4158,3094,3108,185.652
3485,2432,3688,2980,4635,192.514
3338,2574,3318,3414,3292,193.079
3481,2648,3170,3299,3599,193.083
3018,2907,3133,3884,3349,193.101
3133,2705,3298,3567,3641,193.327
3398,2820,3248,2957,4239,193.376
3340,2538,3130,3472,3925,193.415
3306,2946,3847,2713,3450,199.887
3960,3304,3397,2582,3415,200.157
3865,2611,4018,2847,3058,202.617
2977,2250,3903,4029,3729,202.655
3959,2653,3757,3319,2712,202.802
4068,3266,3132,2642,4108,207.213
3690,3509,3189,2439,4364,207.255
3694,3338,3530,2486,4123,207.259
2717,3823,3213,3207,3441,209.619
2258,3188,3643,3973,3611,209.937
3088,3219,3055,3852,2919,211.482
3828,2418,3707,2604,3599,212.283
4098,2385,3908,3109,2900,212.539
3727,2353,3574,3103,3301,212.594
3341,2575,3931,2876,3814,212.909
3157,2437,4088,3320,3972,212.958
3621,3130,3266,3116,3062,213.352
3666,2616,3509,2831,3784,213.466
3943,2606,4104,2365,3729,213.471
3227,2888,4011,2976,3689,213.474
3105,3259,3724,2971,3472,213.478
4083,2898,3714,2768,3225,213.702
4107,2656,3921,2254,4029,213.926
3936,2583,3710,3336,3085,214.151
3842,2541,3971,2864,3431,214.377
4143,2416,3542,3241,3369,214.606
4049,2374,3803,2769,3715,214.831
2997,2651,4081,3323,3829,223.992
2742,2566,3260,4476,3906,224.197
2375,3015,3790,3838,3596,227.257
3807,2253,3826,3640,3254,229.798
3349,2979,4220,3456,2451,229.989
3079,3012,4019,2951,3150,230.184
3442,2636,3703,2774,4177,244.087
3258,2498,3860,3218,4335,244.27
3101,2631,3356,3311,3729,260.338
3174,2945,3059,3554,3465,260.358
3366,2746,3306,2701,4327,260.397
3439,3060,3009,2944,4063,260.417
2846,2480,3717,3896,3671,260.787
3111,2595,3667,3286,4269,260.84
3053,2313,3549,3801,3955,261.207
3073,2745,3901,3187,3552,276.547
3338,2860,3851,2577,4150,276.639
2889,2607,4058,3631,3710,276.744
3254,2669,3519,3171,4576,276.761
3280,2578,3733,3092,3836,277.135
3196,2387,3401,3686,4262,277.171
3272,2577,3395,3319,3895,277.391
3244,2691,3940,3195,3718,306.755
