obj0,obj1,obj2,cpu
68838,56561,44573,548.222
68944,54977,44189,556.083
67944,48141,45533,556.171
69276,49079,45250,556.26
68636,45843,47154,556.346
70874,60882,43508,561.92
66521,55289,44651,561.951
69874,54046,44852,562.016
65521,48453,45995,562.047
66853,49391,45712,562.143
66213,46155,47616,562.237
65858,55511,45282,590.775
65550,46377,48247,590.893
63435,55823,45744,593.211
63127,46689,48709,593.341
65964,53927,44898,598.651
64964,47091,46242,598.745
66296,48029,45959,598.833
68729,41949,56861,598.88
67531,43377,50731,598.885
65656,44793,47863,598.92
67894,59832,44217,604.403
63541,54239,45360,604.434
66894,52996,45561,604.498
62541,47403,46704,604.529
63873,48341,46421,604.624
65508,42641,53637,604.657
65108,43689,51193,604.67
63633,44057,50769,604.703
63233,45105,48325,604.718
66454,53592,45891,922.052
65454,46756,47235,922.123
69219,41614,57854,922.232
68021,43042,51724,922.237
66146,44458,48856,922.266
64031,53904,46353,926.69
63031,47068,47697,926.768
65998,42306,54630,926.87
65598,43354,52186,926.881
64123,43722,51762,926.908
63723,44770,49318,926.92
61931,55685,46402,950.524
60931,48849,47746,950.56
61623,46551,49367,950.624
64460,53789,45556,954.812
63460,46953,46900,954.884
64792,47891,46617,954.955
67225,41811,57519,954.992
66027,43239,51389,954.997
64152,44655,48521,955.025
62568,43235,58482,958.138
63159,43107,54740,958.39
62037,54101,46018,959.434
61037,47265,47362,959.511
62369,48203,47079,959.589
64004,42503,54295,959.615
63604,43551,51851,959.625
62129,43919,51427,959.652
61729,44967,48983,959.665
73191,62154,43430,985.971
68099,55581,44634,988.713
67791,46447,47599,988.861
65676,55893,45096,990.996
65368,46759,48061,991.169
65119,54531,45343,996.71
64119,47695,46687,996.762
66686,43981,51176,996.821
64811,45397,48308,996.85
62696,54843,45805,998.4
61696,48007,47149,998.464
64663,43245,54082,998.517
62788,44661,51214,998.538
62388,45709,48770,998.551
59495,49581,51933,1006.64
60187,47283,53554,1006.67
61086,56289,46847,1006.68
60086,49453,48191,1006.7
60778,47155,49812,1006.73
59094,50551,52548,1006.79
60685,57259,47462,1006.88
59685,50423,48806,1006.92
59601,47997,51549,1007.79
60693,44651,55614,1007.83
60293,45699,53170,1007.84
61192,54705,46463,1007.87
60192,47869,47807,1007.91
61284,44523,51872,1007.95
60884,45571,49428,1007.96
59600,47919,54608,1008.04
59200,48967,52164,1008.06
60292,45621,56229,1008.13
59892,46669,53785,1008.16
60791,55675,47078,1008.2
60191,47791,50866,1008.26
59791,48839,48422,1008.28
60883,45493,52487,1008.37
60483,46541,50043,1008.4
68813,59382,44413,1015.28
78799,65938,43021,1015.62
72452,61174,43491,1015.69
73297,60570,43046,1015.75
72857,60770,43482,1015.76
72297,53734,44390,1015.77
73629,54672,44107,1015.78
70029,61486,43953,1015.88
70317,59520,43755,1016.11
69317,52684,45099,1016.12
70649,53622,44816,1016.14
63157,47008,48279,1027.92
63178,46998,48376,1027.92
63933,44670,50288,1027.95
63954,44660,50385,1027.95
73650,54662,44204,1030.1
73671,54652,44301,1030.1
63094,47038,47988,1030.74
63115,47028,48085,1030.75
63807,44730,49706,1030.77
63828,44720,49803,1030.77
66321,43099,52747,1030.95
66342,43089,52844,1030.96
60524,45589,54237,1031.59
60545,45579,54334,1031.6
61213,54695,46560,1031.69
59326,48907,52746,1032.09
59347,48897,52843,1032.09
60165,46539,55046,1032.14
60186,46529,55143,1032.15
60812,55665,47175,1032.24
60022,48729,49489,1032.43
60043,48719,49586,1032.44
63709,43501,52336,1032.49
63730,43491,52433,1032.49
68007,48111,45824,1033.33
68028,48101,45921,1033.33
66895,49371,45906,1033.53
66317,48019,46056,1033.69
66338,48009,46153,1033.69
65601,46686,47914,1034.01
65622,46676,48011,1034.01
68399,42862,53470,1034.02
68420,42852,53567,1034.02
63073,47048,47891,1034.11
63136,47018,48182,1034.12
65640,43334,52380,1034.13
65661,43324,52477,1034.13
63786,44740,49609,1034.14
63849,44710,49900,1034.15
63870,44700,49997,1034.15
66279,43119,52553,1034.33
66300,43109,52650,1034.34
64362,44555,49491,1034.41
64383,44545,49588,1034.42
59832,47887,52616,1034.58
59853,47877,52713,1034.58
60461,45619,53946,1034.64
60482,45609,54043,1034.64
60486,47729,49165,1034.74
60507,47719,49262,1034.74
61409,45321,51853,1034.91
59242,48947,52358,1035.09
59263,48937,52455,1035.09
60081,46579,54658,1035.12
60102,46569,54755,1035.12
60270,46489,55531,1035.12
60291,46479,55628,1035.13
62268,53991,47085,1035.17
61184,47195,48041,1035.25
61205,47185,48138,1035.25
59896,48789,48907,1035.35
59917,48779,49004,1035.35
63688,43511,52239,1035.41
62149,44767,50923,1035.55
62170,44757,51020,1035.55
60840,46371,51692,1035.74
60861,46361,51789,1035.74
72381,53694,44778,1035.96
67965,48131,45630,1035.97
65389,46749,48158,1036.11
65542,48443,46092,1036.15
66874,49381,45809,1036.16
66255,46135,47810,1036.17
70338,59510,43852,1036.22
65048,47051,46630,1036.28
65069,47041,46727,1036.28
67657,43317,51313,1036.34
67915,59822,44314,1036.44
67936,59812,44411,1036.44
65150,43669,51387,1036.57
65171,43659,51484,1036.57
65538,46716,47623,1036.65
65559,46706,47720,1036.65
65643,46666,48108,1036.66
68147,42982,52306,1036.66
68168,42972,52403,1036.67
66230,44418,49244,1036.69
66251,44408,49341,1036.7
63052,47058,47794,1036.73
63220,46978,48570,1036.74
65619,43344,52283,1036.75
65682,43314,52574,1036.75
65703,43304,52671,1036.75
63765,44750,49512,1036.76
63912,44680,50191,1036.77
64017,44630,50676,1036.77
63544,46913,47288,1036.84
63565,46903,47385,1036.84
66048,43229,51486,1036.92
64320,44575,49297,1036.96
64341,44565,49394,1036.96
59706,47947,52034,1037.03
59727,47937,52131,1037.04
60314,45689,53267,1037.09
60503,45599,54140,1037.09
61318,54645,47045,1037.14
61339,54635,47142,1037.14
60444,47749,48971,1037.18
60465,47739,49068,1037.18
60633,47659,49844,1037.18
60654,47649,49941,1037.18
61199,45421,50883,1037.24
61220,45411,50980,1037.25
59221,48957,52261,1037.37
59305,48917,52649,1037.38
59976,46629,54173,1037.41
59997,46619,54270,1037.41
60144,46549,54949,1037.41
60207,46519,55240,1037.42
62079,54081,46212,1037.47
62100,54071,46309,1037.47
61058,47255,47459,1037.54
61373,47105,48914,1037.55
61394,47095,49011,1037.55
59833,48819,48616,1037.59
59854,48809,48713,1037.6
59938,48769,49101,1037.6
59959,48759,49198,1037.6
63646,43531,52045,1037.63
63667,43521,52142,1037.63
61939,44867,49953,1037.75
61960,44857,50050,1037.75
62233,44727,51311,1037.75
62254,44717,51408,1037.75
60693,46441,51013,1037.82
60714,46431,51110,1037.82
72899,60750,43676,1037.92
72339,53714,44584,1038.04
72360,53704,44681,1038.04
67986,48121,45727,1038.05
68741,45793,47639,1038.13
68762,45783,47736,1038.14
70050,61476,44050,1038.16
65697,55883,45193,1038.17
66234,46145,47713,1038.23
65006,47071,46436,1038.32
65027,47061,46533,1038.32
67594,43347,51022,1038.36
67615,43337,51119,1038.37
65129,43679,51290,1038.57
65475,46746,47332,1038.63
65580,46696,47817,1038.63
68063,43022,51918,1038.64
68084,43012,52015,1038.65
68378,42872,53373,1038.65
66188,44438,49050,1038.66
66209,44428,49147,1038.66
66503,44288,50505,1038.67
66524,44278,50602,1038.67
63199,46988,48473,1038.69
65850,43234,53350,1038.7
65871,43224,53447,1038.7
63744,44760,49415,1038.71
63891,44690,50094,1038.72
63996,44640,50579,1038.72
64481,53779,45653,1038.77
64502,53769,45750,1038.77
63481,46943,46997,1038.81
66195,43159,52165,1038.86
66216,43149,52262,1038.86
64215,44625,48812,1038.89
64236,44615,48909,1038.9
64551,44465,50364,1038.9
64572,44455,50461,1038.91
59622,47987,51646,1038.95
59769,47917,52325,1038.95
59790,47907,52422,1038.96
59916,47847,53004,1038.96
59937,47837,53101,1038.96
60335,45679,53364,1039
60566,45569,54431,1039
60587,45559,54528,1039.01
61276,54665,46851,1039.04
61297,54655,46948,1039.04
61360,54625,47239,1039.04
60423,47759,48874,1039.06
60612,47669,49747,1039.07
61136,45451,50592,1039.11
61157,45441,50689,1039.11
61346,45351,51562,1039.12
61367,45341,51659,1039.12
59284,48927,52552,1039.19
59934,46649,53979,1039.23
59955,46639,54076,1039.23
60060,46589,54561,1039.24
60123,46559,54852,1039.24
60249,46499,55434,1039.26
62058,54091,46115,1039.29
62142,54051,46503,1039.3
62163,54041,46600,1039.3
60896,55625,47563,1039.34
60917,55615,47660,1039.34
61142,47215,47847,1039.37
61163,47205,47944,1039.37
61310,47135,48623,1039.38
61331,47125,48720,1039.38
59812,48829,48519,1039.42
59875,48799,48810,1039.43
60001,48739,49392,1039.45
60148,48669,50071,1039.45
60169,48659,50168,1039.46
63625,43541,51948,1039.47
64087,43321,54082,1039.48
64108,43311,54179,1039.48
61918,44877,49856,1039.55
62107,44787,50729,1039.55
62128,44777,50826,1039.56
62212,44737,51214,1039.56
60651,46461,50819,1039.62
60672,46451,50916,1039.62
60777,46401,51401,1039.62
60798,46391,51498,1039.63
60882,46351,51886,1039.63
72878,60760,43579,1039.71
72318,53724,44487,1039.83
69318,49059,45444,1039.85
68657,45833,47251,1039.91
68678,45823,47348,1039.92
70916,60862,43702,1039.95
66563,55269,44845,1039.96
70359,59500,43949,1040.04
70380,59490,44046,1040.04
64985,47081,46339,1040.09
70670,53612,44913,1040.11
67552,43367,50828,1040.14
67636,43327,51216,1040.14
62409,45699,48867,1040.21
67957,59802,44508,1040.22
66915,52986,45658,1040.27
65496,46736,47429,1040.37
65517,46726,47526,1040.38
68042,43032,51821,1040.39
68126,42992,52209,1040.39
68210,42952,52597,1040.39
68231,42942,52694,1040.4
66167,44448,48953,1040.41
66482,44298,50408,1040.42
65724,43294,52768,1040.44
63975,44650,50482,1040.46
64628,53709,46332,1040.49
63502,46933,47094,1040.51
66069,43219,51583,1040.55
66237,43139,52359,1040.56
64194,44635,48715,1040.58
64299,44585,49200,1040.59
64404,44535,49685,1040.59
64425,44525,49782,1040.6
59685,47957,51937,1040.63
59748,47927,52228,1040.63
59811,47897,52519,1040.64
59874,47867,52810,1040.64
59958,47827,53198,1040.64
59979,47817,53295,1040.65
60356,45669,53461,1040.68
61234,54685,46657,1040.72
60318,47809,48389,1040.73
60339,47799,48486,1040.74
60591,47679,49650,1040.74
63263,43915,54624,1040.78
61115,45461,50495,1040.79
61178,45431,50786,1040.79
61241,45401,51077,1040.79
61262,45391,51174,1040.8
61388,45331,51756,1040.8
59913,46659,53882,1040.88
60018,46609,54367,1040.89
60039,46599,54464,1040.89
60228,46509,55337,1040.92
62121,54061,46406,1040.94
62184,54031,46697,1040.94
62205,54021,46794,1040.94
60875,55635,47466,1040.97
61121,47225,47750,1041
61268,47155,48429,1041.01
61289,47145,48526,1041.01
61352,47115,48817,1041.02
59980,48749,49295,1041.07
60127,48679,49974,1041.08
63898,43411,53209,1041.1
63919,43401,53306,1041.1
64129,43301,54276,1041.1
61750,44957,49080,1041.15
61981,44847,50147,1041.15
62002,44837,50244,1041.15
62191,44747,51117,1041.16
60504,46531,50140,1041.19
60525,46521,50237,1041.2
60735,46421,51207,1041.2
60756,46411,51304,1041.21
60819,46381,51595,1041.21
73339,60550,43240,1041.26
73360,60540,43337,1041.27
69028,54937,44577,1041.28
69049,54927,44674,1041.28
69297,49069,45347,1041.42
68720,45803,47542,1041.48
70895,60872,43605,1041.51
66542,55279,44748,1041.51
66090,53867,45480,1041.59
65090,47031,46824,1041.63
67573,43357,50925,1041.67
65761,44743,48348,1041.67
65782,44733,48445,1041.68
63604,54209,45651,1041.74
63625,54199,45748,1041.74
63359,45045,48907,1041.83
68105,43002,52112,1041.88
68189,42962,52500,1041.89
68336,42892,53179,1041.89
68357,42882,53276,1041.89
66272,44398,49438,1041.91
65787,43264,53059,1041.93
65808,43254,53156,1041.93
65892,43214,53544,1041.94
64586,53729,46138,1041.97
64607,53719,46235,1041.98
63523,46923,47191,1042
63712,46833,48064,1042
63733,46823,48161,1042
66174,43169,52068,1042.02
66258,43129,52456,1042.03
64173,44645,48618,1042.05
64257,44605,49006,1042.06
64278,44595,49103,1042.06
64467,44505,49976,1042.07
64488,44495,50073,1042.07
64614,44435,50655,1042.07
59664,47967,51840,1042.09
59895,47857,52907,1042.1
60440,45629,53849,1042.13
61255,54675,46754,1042.18
61381,54615,47336,1042.18
60213,47859,47904,1042.19
60381,47779,48680,1042.19
60402,47769,48777,1042.2
60570,47689,49553,1042.2
63284,43905,54721,1042.23
61094,45471,50398,1042.24
61283,45381,51271,1042.25
61304,45371,51368,1042.25
59368,48887,52940,1042.32
59389,48877,53037,1042.32
62226,54011,46891,1042.43
60833,55655,47272,1042.46
61079,47245,47556,1042.49
61226,47175,48235,1042.49
61247,47165,48332,1042.49
61415,47085,49108,1042.5
60106,48689,49877,1042.56
63793,43461,52724,1042.58
63814,43451,52821,1042.58
64024,43351,53791,1042.59
64045,43341,53888,1042.59
61876,44897,49662,1042.64
61897,44887,49759,1042.64
62023,44827,50341,1042.65
62044,44817,50438,1042.65
60546,46511,50334,1042.68
60567,46501,50431,1042.68
73318,60560,43143,1042.77
73423,60510,43628,1042.77
73444,60500,43725,1042.77
68965,54967,44286,1042.78
68986,54957,44383,1042.78
69070,54917,44771,1042.79
68699,45813,47445,1042.98
65563,48433,46189,1043.03
66027,53897,45189,1043.08
66048,53887,45286,1043.08
70691,53602,45010,1043.13
65719,44763,48154,1043.15
65740,44753,48251,1043.16
63562,54229,45457,1043.21
63583,54219,45554,1043.21
63296,45075,48616,1043.3
63317,45065,48713,1043.3
68252,42932,52791,1043.34
66314,44378,49632,1043.35
66335,44368,49729,1043.35
65745,43284,52865,1043.38
65766,43274,52962,1043.38
65829,43244,53253,1043.38
64565,53739,46041,1043.44
63691,46843,47967,1043.46
63754,46813,48258,1043.47
66090,43209,51680,1043.49
66111,43199,51777,1043.49
64446,44515,49879,1043.53
64530,44475,50267,1043.53
64593,44445,50558,1043.54
59643,47977,51743,1043.55
60000,47807,53392,1043.56
60419,45639,53752,1043.59
60818,45449,55595,1043.59
60255,47839,48098,1043.65
60276,47829,48195,1043.65
60360,47789,48583,1043.65
60549,47699,49456,1043.66
60905,45561,49525,1043.68
61325,45361,51465,1043.69
59473,48837,53425,1043.75
59494,48827,53522,1043.76
62247,54001,46988,1043.87
60854,55645,47369,1043.91
61100,47235,47653,1043.94
61436,47075,49205,1043.95
61457,47065,49302,1043.95
60064,48709,49683,1044.01
60190,48649,50265,1044.02
63772,43471,52627,1044.03
63835,43441,52918,1044.03
63856,43431,53015,1044.04
64003,43361,53694,1044.04
64066,43331,53985,1044.04
61771,44947,49177,1044.08
61792,44937,49274,1044.08
62065,44807,50535,1044.09
60630,46471,50722,1044.11
73402,60520,43531,1044.19
69007,54947,44480,1044.2
65985,53917,44995,1044.54
66006,53907,45092,1044.54
66069,53877,45383,1044.54
69338,52674,45196,1044.56
65698,44773,48057,1044.59
62717,54833,45902,1044.61
61717,47997,47246,1044.62
63667,54179,45942,1044.64
65234,43629,51775,1044.72
63254,45095,48422,1044.73
63338,45055,48810,1044.73
68273,42922,52888,1044.78
66293,44388,49535,1044.78
66356,44358,49826,1044.79
64523,53759,45847,1044.87
63586,46893,47482,1044.88
66153,43179,51971,1044.89
66384,43069,53038,1044.9
66405,43059,53135,1044.9
64509,44485,50170,1044.92
60021,47797,53489,1044.95
60042,47787,53586,1044.95
60398,45649,53655,1044.98
60776,45469,55401,1044.98
60797,45459,55498,1044.99
60234,47849,48001,1045.05
60297,47819,48292,1045.05
60528,47709,49359,1045.06
60989,45521,49913,1045.07
61010,45511,50010,1045.08
59410,48867,53134,1045.16
60085,48699,49780,1045.42
63751,43481,52530,1045.44
63877,43421,53112,1045.45
63961,43381,53500,1045.45
63982,43371,53597,1045.45
61834,44917,49468,1045.48
61855,44907,49565,1045.48
62086,44797,50632,1045.49
60609,46481,50625,1045.51
73381,60530,43434,1045.58
65677,44783,47960,1046.06
63646,54189,45845,1046.1
62562,47393,46801,1046.16
62583,47383,46898,1046.16
63915,48321,46615,1046.2
65192,43649,51581,1046.22
63275,45085,48519,1046.23
68294,42912,52985,1046.29
66377,44348,49923,1046.29
66398,44338,50020,1046.3
64544,53749,45944,1046.37
63607,46883,47579,1046.38
66132,43189,51874,1046.39
66363,43079,52941,1046.39
60063,47777,53683,1046.44
60377,45659,53558,1046.48
60671,45519,54916,1046.49
60692,45509,55013,1046.49
60968,45531,49816,1046.58
61031,45501,50107,1046.59
59452,48847,53328,1046.66
59515,48817,53619,1046.66
59536,48807,53716,1046.66
63940,43391,53403,1046.95
61813,44927,49371,1046.98
60588,46491,50528,1047.01
62625,47363,47092,1047.76
62646,47353,47189,1047.76
63894,48331,46518,1047.79
65213,43639,51678,1047.82
68315,42902,53082,1047.9
66419,44328,50117,1047.91
66440,44318,50214,1047.91
66545,44268,50699,1047.92
59758,50440,48798,1047.98
63670,46853,47870,1048
66468,43029,53426,1048.01
66489,43019,53523,1048.01
60608,45549,54625,1048.1
60713,45499,55110,1048.1
60947,45541,49719,1048.17
61073,45481,50301,1048.17
59431,48857,53231,1048.25
62604,47373,46995,1049.58
62667,47343,47286,1049.58
66461,44308,50311,1049.74
63649,46863,47773,1049.81
66426,43049,53232,1049.81
66510,43009,53620,1049.81
60629,45539,54722,1049.88
60650,45529,54819,1049.88
60734,45489,55207,1049.88
60755,45479,55304,1049.89
60926,45551,49622,1049.97
61052,45491,50204,1049.97
59557,48797,53813,1050.07
59578,48787,53910,1050.07
60956,45510,52479,1050.42
59167,50568,52540,1051.88
63628,46873,47676,1051.91
66447,43039,53329,1051.92
59599,48777,54007,1052.19
60365,45638,56221,1052.2
60937,55709,47062,1052.34
61010,55726,47054,1052.35
60758,57276,47454,1054.26
59673,47936,54600,1054.48
59273,48984,52156,1054.49
59346,49001,52148,1054.49
60864,55692,47070,1054.76
60264,47808,50858,1054.79
61156,55760,47038,1057.39
60156,48924,48382,1057.48
61083,55743,47046,1060.23
60083,48907,48390,1060.32
59965,46686,53777,1063.26
60010,48890,48398,1063.5
59937,48873,48406,1066.99
60775,46609,50011,1067.14
60848,46626,50003,1067.14
68917,56649,44568,1067.22
60184,46737,53753,1070.49
60257,46754,53745,1070.5
59864,48856,48414,1070.7
60629,46575,50027,1070.84
60702,46592,50019,1070.85
59574,49669,51928,1074.19
60038,46703,53769,1074.58
60111,46720,53761,1074.58
60556,46558,50035,1074.89
63514,55911,45739,1077.13
61165,56377,46842,1078.37
61903,55497,46418,1078.55
61982,55585,46413,1078.55
59492,49035,52132,1078.72
59565,49052,52124,1078.72
61824,55409,46423,1082.76
59419,49018,52140,1082.94
62208,44007,51422,1083.17
62287,44095,51417,1083.17
65629,46465,48242,1085.26
66928,48733,45919,1085.39
67007,48821,45914,1085.39
64281,43898,51752,1086.75
62010,55773,46397,1086.78
61010,48937,47741,1086.79
61088,45091,55589,1086.86
61167,45179,55584,1086.86
61350,54881,46453,1086.94
61429,54969,46448,1086.94
62682,44535,51392,1087.32
62761,44623,51387,1087.32
69129,49461,45458,1087.6
69208,49549,45453,1087.61
65937,55599,45277,1089.36
66375,48117,45954,1089.5
67402,49261,45889,1089.5
67481,49349,45884,1089.5
64110,53992,46348,1090.98
64202,43810,51757,1091
60266,47371,53549,1091.01
60857,47243,49807,1091.02
61702,46639,49362,1091.04
64618,53965,45546,1091.05
64697,54053,45541,1091.05
60851,44827,55604,1091.1
60930,44915,55599,1091.11
60846,46315,53135,1091.12
61271,54793,46458,1091.16
61666,55233,46433,1091.17
61745,55321,46428,1091.17
62524,44359,51402,1091.56
62603,44447,51397,1091.56
68339,48581,45508,1091.83
68418,48669,45503,1091.83
66706,49773,45920,1092.92
66785,49861,45915,1092.93
66691,48469,45934,1093.33
66770,48557,45929,1093.33
67323,49173,45894,1093.33
65533,46844,47230,1094.77
64539,53877,45551,1094.82
60772,44739,55609,1094.88
61009,45003,55594,1094.88
60530,45963,53155,1094.89
60609,46051,53150,1094.89
61508,55057,46443,1094.93
62445,44271,51407,1095.29
68494,56021,44609,1095.44
68573,56109,44604,1095.44
67949,46623,47589,1095.45
68028,46711,47584,1095.46
70840,57089,44069,1095.46
70919,57177,44064,1095.46
68023,48229,45528,1095.54
68102,48317,45523,1095.54
68813,49109,45478,1095.55
68892,49197,45473,1095.55
73068,53303,45010,1095.56
73147,53391,45005,1095.56
68812,57841,44506,1096.13
68891,57929,44501,1096.13
66627,49685,45925,1096.35
66932,49479,45707,1096.39
67011,49567,45702,1096.39
63206,46777,48704,1096.54
65833,48059,46187,1096.64
65912,48147,46182,1096.64
66454,48205,45949,1096.68
66533,48293,45944,1096.68
66849,48645,45924,1096.68
67244,49085,45899,1096.69
63712,44145,50764,1097.48
63791,44233,50759,1097.48
64776,54141,45536,1098.03
60154,48613,51514,1098.05
60451,45875,53160,1098.1
60688,46139,53145,1098.1
60767,46227,53140,1098.1
61587,55145,46438,1098.12
61363,44611,51867,1098.19
62274,54365,46003,1098.41
62353,54453,45998,1098.41
62366,44183,51412,1098.52
68415,55933,44614,1098.67
67870,46535,47594,1098.68
69260,55329,44169,1098.68
69339,55417,44164,1098.69
72894,59377,43939,1098.69
72973,59465,43934,1098.69
68181,48405,45518,1098.74
68260,48493,45513,1098.75
68497,48757,45498,1098.75
68576,48845,45493,1098.75
68971,49285,45468,1098.75
69050,49373,45463,1098.75
72752,52951,45030,1098.76
72831,53039,45025,1098.76
67627,56521,44581,1099.07
67706,56609,44576,1099.07
65600,48541,45990,1099.21
65679,48629,45985,1099.22
66529,46507,47596,1099.3
66608,46595,47591,1099.3
65514,54971,45318,1099.34
65593,55059,45313,1099.34
65206,45837,48283,1099.36
65285,45925,48278,1099.36
66438,54455,44868,1099.42
66517,54543,44863,1099.42
65754,47971,46192,1099.45
65991,48235,46177,1099.45
66612,48381,45939,1099.48
67165,48997,45904,1099.49
63099,46501,48725,1099.64
63178,46589,48720,1099.64
64028,44497,50744,1100.23
64107,44585,50739,1100.23
66533,53680,45886,1100.77
60165,49541,48186,1100.79
63539,47041,46895,1100.8
63618,47129,46890,1100.8
60075,48525,51519,1100.82
60372,45787,53165,1100.84
62116,54189,46013,1101.11
62432,54541,45993,1101.11
61669,47969,47322,1101.15
62045,45319,48963,1101.2
62124,45407,48958,1101.2
68336,55845,44619,1101.35
68652,56197,44599,1101.35
68731,56285,44594,1101.35
69023,55065,44184,1101.35
69418,55505,44159,1101.36
72262,58673,43979,1101.36
72341,58761,43974,1101.36
68655,48933,45488,1101.41
69671,49519,45225,1101.42
69750,49607,45220,1101.42
72989,53215,45015,1101.42
73226,53479,45000,1101.43
73305,53567,44995,1101.43
65755,55981,45091,1101.71
66600,55377,44646,1101.71
66679,55465,44641,1101.71
68180,57137,44546,1101.72
68259,57225,44541,1101.72
66390,49421,45940,1101.8
66469,49509,45935,1101.81
66292,46243,47611,1101.87
66371,46331,47606,1101.87
66687,46683,47586,1101.87
65435,54883,45323,1101.91
65127,45749,48288,1101.92
65443,46101,48268,1101.93
65522,46189,48263,1101.93
66043,54015,44893,1101.94
65517,47707,46207,1101.95
65596,47795,46202,1101.95
67086,48909,45909,1101.97
62328,48711,47109,1102.13
62467,45797,48765,1102.17
63620,54327,45355,1102.25
63699,54415,45350,1102.25
63949,44409,50749,1102.7
63110,47156,47692,1103.21
63776,47305,46880,1103.24
59996,48437,51524,1103.26
61246,45267,55579,1103.27
60824,48573,47767,1103.29
60903,48661,47762,1103.29
61442,44699,51862,1103.33
62195,54277,46008,1103.52
61195,47441,47352,1103.57
61274,47529,47347,1103.57
61966,45231,48968,1103.61
68257,55757,44624,1103.66
68889,56461,44584,1103.66
69181,55241,44174,1103.67
69813,55945,44134,1103.67
69892,56033,44129,1103.67
71156,57441,44049,1103.67
71235,57529,44044,1103.67
72736,59201,43949,1103.68
72815,59289,43944,1103.68
68734,49021,45483,1103.71
69592,49431,45230,1103.71
70461,50399,45175,1103.71
70540,50487,45170,1103.72
72910,53127,45020,1103.72
67548,56433,44586,1103.91
68022,56961,44556,1103.91
68101,57049,44551,1103.91
68338,57313,44536,1103.91
68417,57401,44531,1103.91
65837,48805,45975,1103.98
65916,48893,45970,1103.98
66548,49597,45930,1103.98
67880,50535,45647,1103.99
66450,46419,47601,1104.03
65277,54707,45333,1104.04
65356,54795,45328,1104.05
65048,45661,48293,1104.06
65364,46013,48273,1104.06
66359,54367,44873,1104.07
65043,47179,46237,1104.08
65122,47267,46232,1104.08
65675,47883,46197,1104.08
62170,48535,47119,1104.25
62249,48623,47114,1104.25
62862,46237,48740,1104.28
62941,46325,48735,1104.29
63870,44321,50754,1104.73
66225,44546,48851,1105.28
63802,44858,49313,1105.29
63697,47217,46885,1105.3
59838,48261,51534,1105.32
59917,48349,51529,1105.33
60350,48045,47797,1105.35
60429,48133,47792,1105.35
61679,44963,51847,1105.38
61437,46187,49393,1105.38
61516,46275,49388,1105.38
62590,54717,45983,1105.6
62669,54805,45978,1105.6
61116,47353,47357,1105.63
61353,47617,47342,1105.63
61887,45143,48973,1105.68
68178,55669,44629,1105.72
68810,56373,44589,1105.72
69102,55153,44179,1105.72
69576,55681,44149,1105.73
69655,55769,44144,1105.73
70524,56737,44089,1105.73
70603,56825,44084,1105.73
70998,57265,44059,1105.73
71393,57705,44034,1105.74
71472,57793,44029,1105.74
72657,59113,43954,1105.74
69355,49167,45245,1105.77
70382,50311,45180,1105.77
71409,51455,45115,1105.77
71488,51543,45110,1105.78
69426,46723,47104,1105.86
69505,46811,47099,1105.87
67469,56345,44591,1105.89
67785,56697,44571,1105.89
68733,57753,44511,1105.9
65758,48717,45980,1105.94
66311,49333,45945,1105.94
67406,50007,45677,1105.95
67485,50095,45672,1105.95
65198,54619,45338,1105.97
64890,45485,48303,1105.99
66280,54279,44878,1106
67149,55247,44823,1106
65201,47355,46227,1106.01
66149,48411,46167,1106.01
63328,55547,45765,1106.12
63407,55635,45760,1106.12
62012,48359,47129,1106.16
62091,48447,47124,1106.16
62625,45973,48755,1106.19
62704,46061,48750,1106.19
63020,46413,48730,1106.19
64884,55735,45275,1106.22
64963,55823,45270,1106.23
63549,45457,48305,1106.59
63628,45545,48300,1106.6
64468,45007,48501,1106.84
59759,48173,51539,1106.85
60271,47957,47802,1106.86
60666,48397,47777,1106.86
60745,48485,47772,1106.86
61600,44875,51852,1106.89
61358,46099,49398,1106.89
62511,54629,45988,1106.99
61590,47881,47327,1107.01
62527,48379,47069,1107.04
61808,45055,48978,1107.06
69497,55593,44154,1107.1
69734,55857,44139,1107.1
69971,56121,44124,1107.1
70050,56209,44119,1107.1
70761,57001,44074,1107.11
71077,57353,44054,1107.11
71314,57617,44039,1107.11
71630,57969,44019,1107.11
71709,58057,44014,1107.12
72578,59025,43959,1107.12
69513,49343,45235,1107.13
70224,50135,45190,1107.13
70303,50223,45185,1107.13
70856,50839,45150,1107.14
70935,50927,45145,1107.14
72199,52335,45065,1107.14
72278,52423,45060,1107.14
69110,46371,47124,1107.18
69189,46459,47119,1107.18
65913,56157,45081,1107.2
66758,55553,44636,1107.2
66837,55641,44631,1107.2
67864,56785,44566,1107.21
67943,56873,44561,1107.21
68654,57665,44516,1107.21
66232,49245,45950,1107.24
67090,49655,45697,1107.25
67169,49743,45692,1107.25
67801,50447,45652,1107.25
64969,45573,48298,1107.28
66122,54103,44888,1107.28
66596,54631,44858,1107.28
65438,47619,46212,1107.29
66070,48323,46172,1107.29
62933,55107,45790,1107.36
63012,55195,45785,1107.36
61775,48095,47144,1107.4
62546,45885,48760,1107.42
62783,46149,48745,1107.43
63778,54503,45345,1107.44
63857,54591,45340,1107.44
63331,48283,46654,1107.5
63410,48371,46649,1107.5
63470,45369,48310,1107.75
63786,45721,48290,1107.75
63865,45809,48285,1107.76
64231,44743,48516,1107.89
64310,44831,48511,1107.89
59680,48085,51544,1107.9
60587,48309,47782,1107.9
60982,48749,47757,1107.91
61521,44787,51857,1107.92
60963,45659,49423,1107.92
61432,47705,47337,1108
62448,48291,47074,1108.03
62203,45495,48953,1108.04
70445,56649,44094,1108.08
70682,56913,44079,1108.08
71551,57881,44024,1108.09
71867,58233,44004,1108.09
71946,58321,43999,1108.09
72499,58937,43964,1108.09
69434,49255,45240,1108.1
70145,50047,45195,1108.1
70619,50575,45165,1108.11
70698,50663,45160,1108.11
71093,51103,45135,1108.11
71172,51191,45130,1108.11
72120,52247,45070,1108.11
72673,52863,45035,1108.12
69031,46283,47129,1108.15
69347,46635,47109,1108.15
69584,46899,47094,1108.16
65834,56069,45086,1108.16
67390,56257,44596,1108.17
68575,57577,44521,1108.17
65995,48981,45965,1108.19
66074,49069,45960,1108.2
67327,49919,45682,1108.2
67722,50359,45657,1108.2
65672,55147,45308,1108.21
65751,55235,45303,1108.21
65601,46277,48258,1108.22
66201,54191,44883,1108.22
67070,55159,44828,1108.23
65280,47443,46222,1108.23
65359,47531,46217,1108.23
65735,44881,47858,1108.24
62854,55019,45795,1108.28
63170,55371,45775,1108.29
63249,55459,45770,1108.29
61933,48271,47134,1108.31
64410,55207,45305,1108.33
64489,55295,45300,1108.33
65516,56439,45235,1108.33
65595,56527,45230,1108.33
62620,47491,46699,1108.38
63952,48429,46416,1108.47
64031,48517,46411,1108.47
63312,45193,48320,1108.6
63391,45281,48315,1108.6
63707,45633,48295,1108.61
63944,45897,48280,1108.61
64389,44919,48506,1108.68
60508,48221,47787,1108.69
61279,46011,49403,1108.7
61511,47793,47332,1108.77
62282,45583,48948,1108.79
62361,45671,48943,1108.8
70129,56297,44114,1108.82
70208,56385,44109,1108.82
71788,58145,44009,1108.82
72104,58497,43989,1108.83
72183,58585,43984,1108.83
72420,58849,43969,1108.83
70066,49959,45200,1108.83
70777,50751,45155,1108.84
71014,51015,45140,1108.84
71330,51367,45120,1108.84
71883,51983,45085,1108.85
71962,52071,45080,1108.85
72436,52599,45050,1108.85
72515,52687,45045,1108.85
68952,46195,47134,1108.87
69268,46547,47114,1108.87
67311,56169,44601,1108.88
68496,57489,44526,1108.88
66153,49157,45955,1108.9
67248,49831,45687,1108.9
67564,50183,45667,1108.9
67643,50271,45662,1108.9
64672,48311,46652,1108.91
66991,55071,44833,1108.92
62775,54931,45800,1108.98
63091,55283,45780,1108.99
61854,48183,47139,1109
64331,55119,45310,1109.01
64726,55559,45285,1109.01
64805,55647,45280,1109.02
65200,56087,45255,1109.02
65279,56175,45250,1109.02
65674,56615,45225,1109.02
62699,47579,46694,1109.06
63489,48459,46644,1109.06
63568,48547,46639,1109.06
64576,46601,48240,1109.23
64655,46689,48235,1109.23
64950,48067,46607,1109.28
61200,45923,49408,1109.29
70366,56561,44099,1109.39
72025,58409,43994,1109.39
69987,49871,45205,1109.4
71251,51279,45125,1109.41
71725,51807,45095,1109.41
71804,51895,45090,1109.41
72041,52159,45075,1109.41
72357,52511,45055,1109.42
72594,52775,45040,1109.42
68794,46019,47144,1109.43
68873,46107,47139,1109.43
67074,55905,44616,1109.44
67153,55993,44611,1109.44
64198,47783,46682,1109.46
66912,54983,44838,1109.47
66051,45233,47838,1109.47
66130,45321,47833,1109.47
64015,54767,45330,1109.52
64094,54855,45325,1109.53
64568,55383,45295,1109.53
64647,55471,45290,1109.53
65042,55911,45265,1109.54
65358,56263,45245,1109.54
63015,47931,46674,1109.57
63094,48019,46669,1109.57
63647,48635,46634,1109.58
63726,48723,46629,1109.58
64110,48605,46406,1109.62
64023,45985,48275,1109.7
64734,46777,48230,1109.7
64871,47979,46612,1109.73
61042,45747,49418,1109.74
61121,45835,49413,1109.75
70287,56473,44104,1109.81
69908,49783,45210,1109.82
71646,51719,45100,1109.82
68715,45931,47149,1109.83
66995,55817,44621,1109.84
67232,56081,44606,1109.84
65909,55411,45293,1109.84
64356,47959,46672,1109.85
64435,48047,46667,1109.85
66833,54895,44843,1109.85
65972,45145,47843,1109.86
66841,46113,47788,1109.86
63936,54679,45335,1109.9
64173,54943,45320,1109.9
65121,55999,45260,1109.91
65437,56351,45240,1109.91
62936,47843,46679,1109.93
63252,48195,46659,1109.93
64260,46249,48260,1110
64339,46337,48255,1110
69829,49695,45215,1110.1
71567,51631,45105,1110.1
66916,55729,44626,1110.11
65830,55323,45298,1110.11
64277,47871,46677,1110.11
64514,48135,46662,1110.12
66754,54807,44848,1110.12
65893,45057,47848,1110.12
66367,45585,47818,1110.12
66446,45673,47813,1110.13
63486,55723,45755,1110.14
64252,55031,45315,1110.15
62778,47667,46689,1110.17
63173,48107,46664,1110.17
63805,48811,46624,1110.17
64347,48869,46391,1110.18
64426,48957,46386,1110.19
64181,46161,48265,1110.22
64418,46425,48250,1110.22
64593,48223,46657,1110.29
66675,54719,44853,1110.29
65814,44969,47853,1110.3
66288,45497,47823,1110.3
66683,45937,47798,1110.3
66762,46025,47793,1110.3
62857,47755,46684,1110.33
64268,48781,46396,1110.34
64742,49309,46366,1110.34
64821,49397,46361,1110.34
64102,46073,48270,1110.36
64497,46513,48245,1110.36
61674,46451,49378,1110.37
66209,45409,47828,1110.41
66525,45761,47808,1110.41
66604,45849,47803,1110.41
64189,48693,46401,1110.43
64663,49221,46371,1110.44
61595,46363,49383,1110.46
64584,49133,46376,1110.49
64505,49045,46381,1110.52
64900,49485,46356,1110.52
