obj0,obj1,obj2,obj3,cpu
36882,24242,34037,25337,3.6087
37075,23401,33518,23353,3.66655
36528,25168,34656,23257,3.67618
37226,25086,32166,23589,3.68421
36679,26853,33304,23493,3.69406
32751,30080,34596,39289,5.00777
32204,31847,35734,39193,5.03953
33256,29044,33191,31436,6.20606
32709,30811,34329,31340,6.21726
33449,28203,32672,29452,6.30374
32902,29970,33810,29356,6.31463
37558,21902,33002,25723,6.40442
33385,28471,33294,31726,6.46409
37011,23669,34140,25627,6.4697
37709,23587,31650,25959,6.5314
33809,29105,30920,30529,6.99476
33262,30872,32058,30433,7.00517
32538,31759,33087,32734,7.90087
31991,33526,34225,32638,7.90543
33681,29348,30648,29898,7.92572
33134,31115,31786,29802,7.93857
34227,25220,30664,28071,9.55177
33680,26987,31802,27975,9.57497
34420,24379,30145,26087,9.7054
33873,26146,31283,25991,9.72823
35381,26214,30488,25678,9.7528
34834,27981,31626,25582,9.77652
34903,22880,29629,28457,9.8213
34356,24647,30767,28361,9.9008
35864,24715,29972,28048,9.98198
32484,33389,33798,34081,10.5973
35008,32448,29562,29142,10.6329
32697,31710,35307,40636,10.6962
35554,28320,29578,27315,11.6424
33395,29833,33383,30799,11.8074
35747,27479,29059,25331,11.8419
35200,29246,30197,25235,11.8796
36708,29314,29402,24922,11.9161
36161,31081,30540,24826,11.9532
36230,25980,28543,27701,12.0048
35683,27747,29681,27605,12.1103
37191,27815,28886,27292,12.2201
38402,26501,32432,22597,13.2028
34366,26009,30856,27434,13.2126
35693,29109,29770,26678,13.2204
37855,28268,33570,22501,13.2578
38553,28186,31080,22833,13.3204
38006,29953,32218,22737,13.377
38885,25002,31916,24967,13.451
39036,26687,30564,25203,13.7498
32817,30796,34412,31395,16.1188
33066,31403,32106,30170,17.1241
33049,31475,32186,30262,17.1266
33375,30644,32088,31554,18.4952
33358,30716,32168,31646,18.497
33117,31187,31866,29894,18.5375
33100,31259,31946,29986,18.5402
32675,33059,33946,32286,18.5408
32658,33131,34026,32378,18.5435
33228,29940,33855,37001,18.5791
33364,29029,33274,31491,18.5869
33557,28188,32755,29507,18.6078
33442,29895,34225,29631,18.6108
33596,29708,31048,30358,20.3153
33579,29780,31128,30450,20.3171
33083,31331,32026,30078,20.3647
32828,32411,33226,31458,20.3678
32811,32483,33306,31550,20.3705
33788,27007,32028,27889,20.4436
33842,27017,32141,27846,20.4453
33010,29955,33893,29411,20.4582
33118,29940,33976,29466,20.4599
35338,24549,32066,25356,20.4766
35392,24559,32179,25313,20.4777
38285,27949,34370,23310,20.5578
38339,27959,34483,23267,20.5594
36195,26576,36142,24142,20.8919
36249,26586,36255,24099,20.8935
35489,26234,30714,25592,21.4224
35543,26244,30827,25549,21.4241
36022,28201,34112,24636,21.7805
36076,28211,34225,24593,21.783
36431,31131,31105,24611,21.9364
36485,31141,31218,24568,21.9397
36631,23200,33245,27081,22.1853
36685,23210,33358,27038,22.1863
33316,30882,32171,30390,22.9148
33370,30892,32284,30347,22.9165
33613,29636,30968,30266,22.9238
33494,30140,31528,30910,22.926
33477,30212,31608,31002,22.9279
32845,32339,33146,31366,22.97
32794,32555,33386,31642,22.9754
33245,29868,33775,36909,23.0145
35716,28350,29917,27186,23.055
33734,26997,31915,27932,23.0573
33665,28173,32838,29562,23.0686
33334,29910,34142,29576,23.0725
35284,24539,31953,25399,23.0888
35331,26416,34334,24830,23.3322
35385,26426,34447,24787,23.334
36550,29496,33022,24160,23.4584
36604,29506,33135,24117,23.4608
35435,26224,30601,25635,23.709
35975,26324,31731,25205,23.7112
36029,26334,31844,25162,23.7129
37518,29464,31097,24277,23.7613
37572,29474,31210,24234,23.7635
35158,28041,32304,25324,23.85
35212,28051,32417,25281,23.8526
36346,28261,34790,24378,23.8534
36400,28271,34903,24335,23.856
36215,31091,30653,24783,23.9046
36269,31101,30766,24740,23.9078
35335,22960,30533,28113,23.9624
35389,22970,30646,28070,23.9633
37063,23280,34149,26737,23.964
37117,23290,34262,26694,23.965
36662,26060,29447,27357,24.0836
36716,26070,29560,27314,24.0852
35737,27757,29794,27562,24.2644
33664,29420,30728,29990,24.3044
33528,29996,31368,30726,24.3063
33511,30068,31448,30818,24.3082
33392,30572,32008,31462,24.3089
32964,31835,32586,30722,24.3429
32947,31907,32666,30814,24.3457
32743,32771,33626,31918,24.3511
32726,32843,33706,32010,24.3538
32641,33203,34106,32470,24.3548
32624,33275,34186,32562,24.3575
34389,25250,31003,27942,24.4056
35608,28330,29691,27272,24.4075
35662,28340,29804,27229,24.4092
33226,29925,34059,29521,24.4198
35068,24499,31501,25571,24.4289
35122,24509,31614,25528,24.43
36148,24699,33761,24711,24.4307
36202,24709,33874,24668,24.4318
36395,27599,30415,24815,24.4921
36449,27609,30528,24772,24.4939
38393,27969,34596,23224,24.4977
35061,26366,33769,25045,24.6129
35115,26376,33882,25002,24.6147
35655,26476,35012,24572,24.6154
35709,26486,35125,24529,24.6172
36519,26636,36820,23884,24.6179
36064,29406,32005,24547,24.7007
36118,29416,32118,24504,24.7033
35705,26274,31166,25420,24.8822
35759,26284,31279,25377,24.884
36461,26414,32748,24818,24.8847
36515,26424,32861,24775,24.8865
37302,29424,30645,24449,24.9286
37356,29434,30758,24406,24.931
35104,28031,32191,25367,25.0064
35644,28131,33321,24937,25.0097
35698,28141,33434,24894,25.0126
36130,28221,34338,24550,25.0158
36377,31121,30992,24654,25.0624
36971,31231,32235,24181,25.0662
37025,31241,32348,24138,25.0695
35011,22900,29855,28371,25.1185
35065,22910,29968,28328,25.1195
35551,23000,30985,27941,25.1202
35605,23010,31098,27898,25.1213
36955,23260,33923,26823,25.1219
37009,23270,34036,26780,25.123
37279,23320,34601,26565,25.1236
37333,23330,34714,26522,25.1247
36500,26030,29108,27486,25.1842
36554,26040,29221,27443,25.1858
33971,29135,31259,30400,25.3407
33424,30902,32397,30304,25.3451
33478,30912,32510,30261,25.3468
33647,29492,30808,30082,25.3528
33562,29852,31208,30542,25.357
33443,30356,31768,31186,25.3598
33426,30428,31848,31278,25.3617
33324,30860,32328,31830,25.364
34889,32952,30122,29786,25.3829
32981,31763,32506,30630,25.3932
32879,32195,32986,31182,25.3964
32862,32267,33066,31274,25.399
32777,32627,33466,31734,25.4044
32760,32699,33546,31826,25.4071
32709,32915,33786,32102,25.4104
34335,25240,30890,27985,25.4467
34636,24419,30597,25915,25.4668
34690,24429,30710,25872,25.4678
35230,24529,31840,25442,25.4686
36094,24689,33648,24754,25.4701
36472,24759,34439,24453,25.4716
36526,24769,34552,24410,25.4727
35909,27509,29398,25202,25.5384
35963,27519,29511,25159,25.5409
34737,26306,33091,25303,25.6875
34791,26316,33204,25260,25.6894
35277,26406,34221,24873,25.6903
35439,26436,34560,24744,25.6926
35493,26446,34673,24701,25.6944
35763,26496,35238,24486,25.6951
35817,26506,35351,24443,25.6969
36303,26596,36368,24056,25.6991
35902,29376,31666,24676,25.7776
35956,29386,31779,24633,25.7801
36388,29466,32683,24289,25.7812
36442,29476,32796,24246,25.7838
36658,29516,33248,24074,25.787
37846,29736,35734,23128,25.7883
33637,29287,33291,28728,25.8703
33620,29359,33371,28820,25.8732
35597,26254,30940,25506,26.0012
35867,26304,31505,25291,26.002
35921,26314,31618,25248,26.0038
36083,26344,31957,25119,26.0046
36137,26354,32070,25076,26.0064
36947,26504,33765,24431,26.0071
37001,26514,33878,24388,26.009
37032,29374,30080,24664,26.0394
37086,29384,30193,24621,26.0418
37410,29444,30871,24363,26.0448
37950,29544,32001,23933,26.0458
38004,29554,32114,23890,26.0483
35050,28021,32078,25410,26.1264
35590,28121,33208,24980,26.1319
35914,28181,33886,24722,26.135
35968,28191,33999,24679,26.1377
36292,28251,34677,24421,26.1406
36323,31111,30879,24697,26.186
36755,31191,31783,24353,26.1933
36809,31201,31896,24310,26.1965
34957,22890,29742,28414,26.2358
35119,22920,30081,28285,26.2381
35497,22990,30872,27984,26.2388
36577,23190,33132,27124,26.2403
36739,23220,33471,26995,26.2417
36793,23230,33584,26952,26.2428
37225,23310,34488,26608,26.2447
37441,23350,34940,26436,26.2462
37495,23360,35053,26393,26.2473
36446,26020,28995,27529,26.3044
36608,26050,29334,27400,26.3067
36824,26090,29786,27228,26.309
36878,26100,29899,27185,26.3107
37245,27825,28999,27249,26.4591
33863,29115,31033,30486,26.4686
33917,29125,31146,30443,26.4698
33532,30922,32623,30218,26.4751
33630,29564,30888,30174,26.4833
33545,29924,31288,30634,26.4893
33460,30284,31688,31094,26.4964
33409,30500,31928,31370,26.4971
33341,30788,32248,31738,26.5011
33674,31215,32916,29372,26.5171
32998,31691,32426,30538,26.5312
32930,31979,32746,30906,26.5372
32913,32051,32826,30998,26.54
32692,32987,33866,32194,26.5589
32607,33347,34266,32654,26.5668
34281,25230,30777,28028,26.5964
34582,24409,30484,25958,26.6318
34744,24439,30823,25829,26.6359
34798,24449,30936,25786,26.6375
35176,24519,31727,25485,26.6392
35500,24579,32405,25227,26.64
35554,24589,32518,25184,26.6412
36256,24719,33987,24625,26.6419
36310,24729,34100,24582,26.643
37012,24859,35569,24023,26.6438
37066,24869,35682,23980,26.6448
35855,27499,29285,25245,26.6796
36017,27529,29624,25116,26.683
37043,27719,31771,24299,26.6841
37097,27729,31884,24256,26.6859
38055,28334,33566,22565,26.8474
38155,28367,33564,22597,26.8491
34521,26266,32639,25475,26.8617
34575,26276,32752,25432,26.8637
34899,26336,33430,25174,26.8647
34953,26346,33543,25131,26.8668
35169,26386,33995,24959,26.8705
35547,26456,34786,24658,26.8773
35871,26516,35464,24400,26.8819
36357,26606,36481,24013,26.8854
36411,26616,36594,23970,26.8874
35578,29316,30988,24934,26.9501
35632,29326,31101,24891,26.9527
36010,29396,31892,24590,26.9538
36334,29456,32570,24332,26.9571
36496,29486,32909,24203,26.9604
33858,28351,32251,27532,27.0311
33841,28423,32331,27624,27.0341
33654,29215,33211,28636,27.035
33569,29575,33611,29096,27.0388
33552,29647,33691,29188,27.0415
35651,26264,31053,25463,27.1982
35813,26294,31392,25334,27.2006
36407,26404,32635,24861,27.2075
36677,26454,33200,24646,27.21
36731,26464,33313,24603,27.2119
37055,26524,33991,24345,27.2126
36762,29324,29515,24879,27.2413
37248,29414,30532,24492,27.2424
37464,29454,30984,24320,27.2479
37896,29534,31888,23976,27.251
34996,28011,31965,25453,27.3251
35266,28061,32530,25238,27.3353
35752,28151,33547,24851,27.3409
36238,28241,34564,24464,27.3473
36539,31151,31331,24525,27.4053
36917,31221,32122,24224,27.4065
35281,22950,30420,28156,27.4388
35443,22980,30759,28027,27.4403
35929,23070,31776,27640,27.4418
35983,23080,31889,27597,27.4429
36847,23240,33697,26909,27.4448
36901,23250,33810,26866,27.4458
37171,23300,34375,26651,27.4466
37387,23340,34827,26479,27.4482
37549,23370,35166,26350,27.4497
36392,26010,28882,27572,27.492
36770,26080,29673,27271,27.5007
33789,29368,30874,29812,27.6639
33843,29378,30987,29769,27.665
33620,31205,32803,29415,27.704
33015,31619,32346,30446,27.7208
32896,32123,32906,31090,27.7315
34528,24399,30371,26001,27.8172
35014,24489,31388,25614,27.8198
35446,24569,32292,25270,27.8225
35608,24599,32631,25141,27.8248
36418,24749,34326,24496,27.8267
36580,24779,34665,24367,27.8283
36634,24789,34778,24324,27.8295
35801,27489,29172,25288,27.8499
36179,27559,29963,24987,27.8558
36233,27569,30076,24944,27.8578
36719,27659,31093,24557,27.8589
36773,27669,31206,24514,27.8606
37151,27739,31997,24213,27.8617
37205,27749,32110,24170,27.8634
37955,28301,33568,22533,28.0333
34467,26256,32526,25518,28.0544
34683,26296,32978,25346,28.0568
34845,26326,33317,25217,28.0591
35007,26356,33656,25088,28.0615
35223,26396,34108,24916,28.066
35601,26466,34899,24615,28.0757
35979,26536,35690,24314,28.0847
36033,26546,35803,24271,28.0866
36465,26626,36707,23927,28.09
35254,29256,30310,25192,28.1295
35794,29356,31440,24762,28.1306
35848,29366,31553,24719,28.1332
36172,29426,32231,24461,28.1406
36226,29436,32344,24418,28.1431
37738,29716,35508,23214,28.1601
33824,28495,32411,27716,28.214
33807,28567,32491,27808,28.2168
33671,29143,33131,28544,28.2201
33586,29503,33531,29004,28.2233
33518,29791,33851,29372,28.2266
35479,26211,30521,25794,28.3959
35577,26208,30554,25910,28.397
36191,26364,32183,25033,28.4154
36245,26374,32296,24990,28.4173
36623,26444,33087,24689,28.4197
36785,26474,33426,24560,28.4237
36816,29334,29628,24836,28.4412
36870,29344,29741,24793,28.4436
37194,29404,30419,24535,28.4447
37788,29514,31662,24062,28.4573
37842,29524,31775,24019,28.4598
34888,27991,31739,25539,28.5335
35482,28101,32982,25066,28.5434
35536,28111,33095,25023,28.5462
35860,28171,33773,24765,28.5518
36184,28231,34451,24507,28.5642
36454,28281,35016,24292,28.5699
36508,28291,35129,24249,28.5726
36647,31171,31557,24439,28.6093
36701,31181,31670,24396,28.6128
36863,31211,32009,24267,28.6139
35227,22940,30307,28199,28.6411
35821,23050,31550,27726,28.6437
35875,23060,31663,27683,28.6448
36307,23140,32567,27339,28.6456
36361,23150,32680,27296,28.6467
36284,25990,28656,27658,28.7049
36932,26110,30012,27142,28.724
32512,33381,33810,34091,28.8991
32391,33658,34217,32766,28.8999
32491,33691,34215,32798,28.9009
33735,29358,30761,29855,28.9016
33188,31125,31899,29759,28.94
33242,31135,32012,29716,28.9418
33032,31547,32266,30354,28.9522
34474,24389,30258,26044,29.0344
34960,24479,31275,25657,29.0365
36040,24679,33535,24797,29.0391
36364,24739,34213,24539,29.0413
36904,24839,35343,24109,29.0432
36958,24849,35456,24066,29.0443
36071,27539,29737,25073,29.0635
36287,27579,30189,24901,29.0647
36341,27589,30302,24858,29.0663
36665,27649,30980,24600,29.0675
36881,27689,31432,24428,29.07
36935,27699,31545,24385,29.0717
38355,28433,33560,22661,29.2329
34359,26236,32300,25604,29.2492
34413,26246,32413,25561,29.2511
34629,26286,32865,25389,29.2542
35925,26526,35577,24357,29.2812
36087,26556,35916,24228,29.282
36141,26566,36029,24185,29.2839
35308,29266,30423,25149,29.3159
35362,29276,30536,25106,29.3184
35686,29336,31214,24848,29.3196
35740,29346,31327,24805,29.322
36280,29446,32457,24375,29.3365
37792,29726,35621,23171,29.3517
33603,29431,33451,28912,29.3954
33535,29719,33771,29280,29.4015
36299,26384,32409,24947,29.6538
36353,26394,32522,24904,29.6559
36569,26434,32974,24732,29.659
36893,26494,33652,24474,29.6653
36978,29364,29967,24707,29.679
37140,29394,30306,24578,29.683
37626,29484,31323,24191,29.7064
36779,26886,33302,23525,29.7235
34942,28001,31852,25496,29.7696
35428,28091,32869,25109,29.7752
35806,28161,33660,24808,29.7888
36593,31161,31444,24482,29.8361
37133,31261,32574,24052,29.8545
37187,31271,32687,24009,29.8577
35173,22930,30194,28242,29.8681
35767,23040,31437,27769,29.8698
36091,23100,32115,27511,29.8724
36145,23110,32228,27468,29.8735
36469,23170,32906,27210,29.8742
36523,23180,33019,27167,29.8753
36338,26000,28769,27615,29.9165
32091,33559,34223,32670,30.1222
32191,33592,34221,32702,30.1233
33296,31145,32125,29673,30.164
32504,31946,35728,39289,30.2298
33834,27030,31913,27964,30.2432
34852,24459,31049,25743,30.2527
34906,24469,31162,25700,30.254
35662,24609,32744,25098,30.2555
36796,24819,35117,24195,30.2575
36850,24829,35230,24152,30.2587
36125,27549,29850,25030,30.2864
36503,27619,30641,24729,30.2915
36557,27629,30754,24686,30.2932
36827,27679,31319,24471,30.2967
36989,27709,31658,24342,30.2991
38255,28400,33562,22629,30.491
34305,26226,32187,25647,30.5095
35416,29286,30649,25063,30.5862
35470,29296,30762,25020,30.5889
36839,26484,33539,24517,30.8678
36924,29354,29854,24750,30.8808
37734,29504,31549,24105,30.9102
35374,28081,32756,25152,30.9807
36259,31078,30573,24942,31.0295
37079,31251,32461,24095,31.0647
35713,23030,31324,27812,31.0745
36037,23090,32002,27554,31.0767
36199,23120,32341,27425,31.0775
36253,23130,32454,27382,31.0787
36415,23160,32793,27253,31.0802
36986,26120,30125,27099,31.1396
35918,24725,30085,28005,31.3314
33416,30915,32169,30422,31.3405
32291,33625,34219,32734,31.3487
32404,31913,35730,39257,31.4444
33780,27020,31800,28007,31.4506
35824,24639,33083,24969,31.4791
35878,24649,33196,24926,31.4805
36688,24799,34891,24281,31.482
36611,27639,30867,24643,31.5261
37028,25333,34646,23417,31.7373
33927,26156,31396,25948,31.764
33981,26166,31509,25905,31.7658
35539,26469,34558,24776,31.7892
35524,29306,30875,24977,31.8475
37680,29494,31436,24148,32.124
36879,26919,33300,23557,32.1371
35320,28071,32643,25195,32.1915
35659,23020,31211,27855,32.2922
33362,30905,32056,30465,32.59
33462,30938,32054,30497,32.5911
33350,31155,32238,29630,32.6273
33404,31165,32351,29587,32.6293
32304,31880,35732,39225,32.6814
32809,30844,34327,31372,32.6837
38450,26429,32554,22845,32.6903
38474,26393,32615,22969,32.6914
35716,24619,32857,25055,32.7109
35770,24629,32970,25012,32.7121
35932,24659,33309,24883,32.713
35986,24669,33422,24840,32.7142
36742,24809,35004,24238,32.7149
36928,25300,34648,23385,32.9519
34197,26206,31961,25733,32.9841
34251,26216,32074,25690,32.9861
35161,26399,33767,25077,32.997
35215,26409,33880,25034,32.9986
35593,26479,34671,24733,33.0055
35917,26539,35349,24475,33.012
36349,26619,36253,24131,33.0172
36164,29439,32003,24579,33.059
36488,29499,32681,24321,33.0636
36704,29539,33133,24149,33.0727
38697,27970,31446,23577,33.1274
38721,27934,31507,23701,33.1285
37179,27018,33294,23653,33.3539
34410,24657,30880,28318,33.7678
33470,30925,32282,30379,33.7906
33524,30935,32395,30336,33.7931
33578,30945,32508,30293,33.7939
33951,29398,31213,29683,33.7973
33512,31185,32577,29501,33.8207
33002,30003,33808,29388,33.8552
38426,26465,32493,22721,33.8561
36828,25267,34650,23353,34.1196
34035,26176,31622,25862,34.1421
34089,26186,31735,25819,34.144
35809,26519,35123,24561,34.1754
36457,26639,36479,24045,34.186
35300,29279,30195,25267,34.1912
35400,29312,30193,25299,34.1929
36542,29509,32794,24278,34.229
38673,28006,31385,23453,34.2848
36806,29311,29435,25038,34.3305
37079,26985,33296,23621,34.3861
38406,30085,32210,22865,34.3877
38506,30118,32208,22897,34.3894
34932,27978,31659,25698,34.4326
36477,31154,30990,24686,34.4953
38909,24966,31977,25091,34.538
38933,24930,32038,25215,34.5391
33562,30971,32052,30529,34.8806
33897,29388,31100,29726,34.886
33458,31175,32464,29544,34.9049
35632,28294,29752,27396,34.9247
35656,28258,29813,27520,34.9257
35686,28304,29865,27353,34.9265
35710,28268,29926,27477,34.9276
38546,26285,32798,23341,34.9342
38570,26249,32859,23465,34.9353
36628,25201,34654,23289,35.178
37999,28052,33936,23245,35.18
34143,26196,31848,25776,35.2141
34621,26299,32637,25507,35.2247
35269,26419,33993,24991,35.2395
35323,26429,34106,24948,35.241
35755,26509,35010,24604,35.2508
35863,26529,35236,24518,35.2516
36511,26649,36592,24002,35.2677
35786,29369,31212,24880,35.2904
36326,29469,32342,24450,35.313
36650,29529,33020,24192,35.3244
38625,28078,31263,23205,35.371
38649,28042,31324,23329,35.372
36979,26952,33298,23589,35.4498
38206,30019,32214,22801,35.4514
38306,30052,32212,22833,35.4532
35312,28084,32415,25313,35.5101
36176,28244,34223,24625,35.5372
36369,31134,30764,24772,35.5552
36585,31174,31216,24600,35.5608
37017,31254,32120,24256,35.5755
38957,24894,32099,25339,35.587
36668,25778,29535,28354,35.6312
36692,25742,29596,28478,35.6323
36854,25772,29935,28349,35.639
36060,24709,30038,28280,35.8517
33342,31168,32010,29748,35.8759
35674,28140,29883,27935,35.8933
38498,26357,32676,23093,35.9045
38522,26321,32737,23217,35.9057
34394,26001,30868,27444,35.9079
35957,27437,29520,25450,35.9389
35981,27401,29581,25574,35.9401
35721,29101,29782,26688,36.1232
36728,25234,34652,23321,36.125
37879,28232,33631,22625,36.1265
37903,28196,33692,22749,36.1276
38099,28085,33934,23277,36.13
34513,26279,32411,25593,36.1593
34675,26309,32750,25464,36.163
34783,26329,32976,25378,36.1671
34837,26339,33089,25335,36.1687
34999,26369,33428,25206,36.1729
35107,26389,33654,25120,36.176
35485,26459,34445,24819,36.1832
35647,26489,34784,24690,36.185
35701,26499,34897,24647,36.1867
36187,26589,35914,24260,36.1966
36403,26629,36366,24088,36.2014
35500,29345,30191,25331,36.2044
35600,29378,30189,25363,36.2061
35354,29289,30308,25224,36.2099
35408,29299,30421,25181,36.2144
35462,29309,30534,25138,36.2204
35948,29399,31551,24751,36.2371
36110,29429,31890,24622,36.2439
36218,29449,32116,24536,36.2467
36758,29549,33246,24106,36.2606
38577,28150,31141,22957,36.2914
38601,28114,31202,23081,36.2925
38769,27862,31629,23949,36.2944
38793,27826,31690,24073,36.2955
38106,29986,32216,22769,36.3692
35150,28054,32076,25442,36.4177
35204,28064,32189,25399,36.4199
35744,28164,33319,24969,36.4319
36446,28294,34788,24410,36.4501
36639,31184,31329,24557,36.4641
37071,31264,32233,24213,36.4845
36596,25886,29352,27982,36.554
36620,25850,29413,28106,36.5551
36626,25932,29404,27815,36.5641
36650,25896,29465,27939,36.5651
36728,25870,29639,28020,36.5688
36752,25834,29700,28144,36.5699
36734,25952,29630,27729,36.5739
36758,25916,29691,27853,36.5749
39084,26615,30686,25451,36.7155
39108,26579,30747,25575,36.7166
35962,24712,30005,28164,36.7211
37289,27812,28919,27408,36.7235
35032,32412,29623,29266,36.7325
33288,31158,31897,29791,36.7355
35626,28212,29761,27687,36.7516
35650,28176,29822,27811,36.7527
35740,28314,29978,27310,36.7567
35933,27473,29459,25326,36.7754
37975,28088,33875,23121,36.8794
37979,28265,33629,22657,36.8833
34945,26359,33315,25249,36.9086
35053,26379,33541,25163,36.9104
35431,26449,34332,24862,36.9129
36025,26559,35575,24389,36.919
36079,26569,35688,24346,36.9205
35732,29359,31099,24923,36.9583
36002,29409,31664,24708,36.9647
36056,29419,31777,24665,36.9672
36434,29489,32568,24364,36.979
36596,29519,32907,24235,36.9825
38745,27898,31568,23825,37.0205
35258,28074,32302,25356,37.1082
36423,31144,30877,24729,37.1472
36531,31164,31103,24643,37.1532
36638,25732,29483,28521,37.2091
36662,25696,29544,28645,37.2103
36524,25994,29169,27610,37.2163
36548,25958,29230,27734,37.2173
36644,25814,29474,28230,37.2182
36602,25968,29343,27691,37.221
36656,25978,29456,27648,37.2241
36680,25942,29517,27772,37.2251
36710,25988,29569,27605,37.2277
36806,25844,29813,28101,37.2292
36830,25808,29874,28225,37.2303
36788,25962,29743,27686,37.2311
36812,25926,29804,27810,37.2321
36920,25946,30030,27724,37.2345
36944,25910,30091,27848,37.2355
39060,26651,30625,25327,37.3226
35578,28284,29639,27439,37.3498
35602,28248,29700,27563,37.3509
33423,29825,33395,30809,37.3567
33202,30069,33804,29452,37.3583
33302,30102,33802,29484,37.3598
35987,27119,29669,26571,37.3631
36011,27083,29730,26695,37.3642
35945,27273,29538,26032,37.371
35969,27237,29599,26156,37.3721
35975,27319,29590,25865,37.3785
35999,27283,29651,25989,37.3795
36077,27257,29825,26070,37.3852
36101,27221,29886,26194,37.3863
36179,27195,30060,26275,37.3935
36203,27159,30121,26399,37.3946
37951,28124,33814,22997,37.4592
38027,28193,33751,22905,37.4623
38051,28157,33812,23029,37.4634
34459,26269,32298,25636,37.4761
34891,26349,33202,25292,37.4814
35971,26549,35462,24432,37.4847
36133,26579,35801,24303,37.4885
36241,26599,36027,24217,37.4901
35570,29329,30760,25052,37.516
35624,29339,30873,25009,37.5182
35840,29379,31325,24837,37.5222
36272,29459,32229,24493,37.5347
36380,29479,32455,24407,37.5407
37838,29749,35506,23246,37.5498
38817,27790,31751,24197,37.5751
36068,28224,33997,24711,37.6714
36284,28264,34449,24539,37.6756
36338,28274,34562,24496,37.6775
36963,31244,32007,24299,37.708
36590,25440,29458,29561,37.7219
36614,25404,29519,29685,37.7231
36614,25768,29422,28397,37.7423
36572,25922,29291,27858,37.7511
36578,26004,29282,27567,37.7537
36674,25860,29526,28063,37.7552
36632,26014,29395,27524,37.756
36704,25906,29578,27896,37.7581
36776,25798,29761,28268,37.7597
36686,26024,29508,27481,37.7612
36782,25880,29752,27977,37.7621
36740,26034,29621,27438,37.7646
36764,25998,29682,27562,37.7656
36836,25890,29865,27934,37.7672
36818,26008,29795,27519,37.7681
36842,25972,29856,27643,37.7691
36896,25982,29969,27600,37.7699
33396,31178,32123,29705,37.8566
35680,28222,29874,27644,37.8703
33102,30036,33806,29420,37.8738
33402,30135,33800,29516,37.8762
35795,27407,29181,25579,37.8772
35819,27371,29242,25703,37.8784
35921,27309,29477,25908,37.8853
35903,27427,29407,25493,37.8948
35927,27391,29468,25617,37.8958
36005,27365,29642,25698,37.8997
36029,27329,29703,25822,37.9008
36131,27267,29938,26027,37.9033
36155,27231,29999,26151,37.9043
36089,27421,29807,25488,37.9065
36113,27385,29868,25612,37.9076
36767,27587,31215,24805,37.9187
36791,27551,31276,24929,37.9199
37115,27611,31954,24671,37.9235
37139,27575,32015,24795,37.9246
37199,27667,32119,24461,37.927
37223,27631,32180,24585,37.9282
37927,28160,33753,22873,37.9499
38003,28229,33690,22781,37.9515
38075,28121,33873,23153,37.953
34027,26189,31394,25980,37.9561
34405,26259,32185,25679,37.9657
34567,26289,32524,25550,37.9685
34729,26319,32863,25421,37.9696
35377,26439,34219,24905,37.9711
36295,26609,36140,24174,37.9767
35700,29411,30187,25395,37.9875
35678,29349,30986,24966,38.0173
35894,29389,31438,24794,38.0242
36112,29334,32127,24795,38.0314
36136,29298,32188,24919,38.0324
36412,29430,32744,24413,38.0394
37380,29398,30819,24530,38.0866
35582,28134,32980,25098,38.131
35798,28174,33432,24926,38.1354
36014,28214,33884,24754,38.1415
36693,31194,31442,24514,38.1584
36801,31214,31668,24428,38.1656
37125,31274,32346,24170,38.1726
37179,31284,32459,24127,38.175
36470,25620,29153,28941,38.1856
36494,25584,29214,29065,38.1868
36638,25368,29580,29809,38.1885
36428,25774,29022,28402,38.1991
36452,25738,29083,28526,38.2003
36578,25640,29379,28855,38.2064
36602,25604,29440,28979,38.2076
36416,25974,28943,27696,38.2121
36440,25938,29004,27820,38.2133
36590,25804,29361,28273,38.2175
36746,25752,29709,28435,38.2245
36794,26044,29734,27395,38.2364
36848,26054,29847,27352,38.2387
36872,26018,29908,27476,38.2398
36974,25956,30143,27681,38.2417
33434,31214,31780,29898,38.2882
33534,31247,31778,29930,38.2895
33450,31188,32236,29662,38.2916
35734,28232,29987,27601,38.2996
35771,27443,29120,25455,38.3023
35843,27335,29303,25827,38.3038
35867,27299,29364,25951,38.305
35897,27345,29416,25784,38.313
35879,27463,29346,25369,38.3181
35951,27355,29529,25741,38.319
36095,27139,29895,26485,38.3205
36119,27103,29956,26609,38.3217
36053,27293,29764,25946,38.3235
36125,27185,29947,26318,38.3251
36149,27149,30008,26442,38.3262
36083,27339,29816,25779,38.3272
36107,27303,29877,25903,38.3283
36041,27493,29685,25240,38.3316
36065,27457,29746,25364,38.3326
36215,27323,30103,25817,38.3349
36239,27287,30164,25941,38.3359
36365,27553,30363,24982,38.3437
36389,27517,30424,25106,38.3454
36491,27455,30659,25311,38.3463
36515,27419,30720,25435,38.3474
36743,27623,31154,24681,38.3534
36983,27627,31667,24633,38.3618
37007,27591,31728,24757,38.3629
37067,27683,31832,24423,38.365
37091,27647,31893,24547,38.3661
37193,27585,32128,24752,38.3687
37217,27549,32189,24876,38.3699
37175,27703,32058,24337,38.3714
34073,26212,31279,26055,38.3865
34173,26245,31277,26087,38.3878
34351,26249,32072,25722,38.3988
35224,29210,30258,25359,38.4026
35516,29319,30647,25095,38.4266
36088,29370,32066,24671,38.4387
36436,29394,32805,24537,38.4476
36676,29398,33318,24489,38.4522
37488,29418,31045,24444,38.4988
35366,28094,32528,25270,38.5494
35528,28124,32867,25141,38.5548
35690,28154,33206,25012,38.5575
36500,28304,34901,24367,38.5702
36261,31114,30538,24858,38.5722
36855,31224,31781,24385,38.5881
36278,25908,28665,27949,38.6004
36302,25872,28726,28073,38.6018
36518,25548,29275,29189,38.6034
36356,25882,28839,28030,38.6128
36380,25846,28900,28154,38.6139
36572,25558,29388,29146,38.6148
36596,25522,29449,29270,38.616
36410,25892,28952,27987,38.6218
36434,25856,29013,28111,38.6229
36680,25578,29614,29060,38.6303
36566,25840,29300,28149,38.6338
36722,25788,29648,28311,38.6366
36860,25854,29926,28058,38.6396
36866,25936,29917,27767,38.6425
36890,25900,29978,27891,38.6437
36902,26064,29960,27309,38.6473
36956,26074,30073,27266,38.6489
33234,31148,31784,29834,38.6783
35891,27263,29425,26075,38.6894
35915,27227,29486,26199,38.6909
36155,26867,30096,27439,38.6926
35873,27381,29355,25660,38.7006
36113,27021,29965,26900,38.702
36137,26985,30026,27024,38.7033
36023,27247,29712,26113,38.7088
36197,27077,30130,26690,38.7133
35987,27483,29572,25283,38.715
36011,27447,29633,25407,38.716
36143,27431,29920,25445,38.7231
36167,27395,29981,25569,38.7243
36263,27251,30225,26065,38.7259
36227,27487,30085,25235,38.7281
36251,27451,30146,25359,38.7293
36257,27533,30137,25068,38.7302
36281,27497,30198,25192,38.7313
36431,27363,30555,25645,38.7322
36443,27527,30537,25063,38.7363
36467,27491,30598,25187,38.7375
36545,27465,30772,25268,38.7401
36569,27429,30833,25392,38.7412
36581,27593,30815,24810,38.7438
36605,27557,30876,24934,38.7448
36755,27423,31233,25387,38.7456
36839,27479,31398,25177,38.7498
36863,27443,31459,25301,38.751
36923,27535,31563,24967,38.7535
36947,27499,31624,25091,38.7547
36959,27663,31606,24509,38.7577
37085,27565,31902,24838,38.7603
37109,27529,31963,24962,38.7614
37169,27621,32067,24628,38.7661
33973,26179,31281,26023,38.78
34273,26278,31275,26119,38.7822
34135,26209,31620,25894,38.7846
34189,26219,31733,25851,38.7869
35386,29240,30597,25230,38.8077
35710,29300,31275,24972,38.8235
35734,29264,31336,25096,38.8247
35920,29258,31736,25091,38.8264
36250,29400,32405,24542,38.8391
36652,29434,33257,24365,38.851
37326,29388,30706,24573,38.8775
37542,29428,31158,24401,38.8807
37866,29488,31836,24143,38.8848
37974,29508,32062,24057,38.8871
34988,28024,31737,25571,38.9071
35096,28044,31963,25485,38.9119
35420,28104,32641,25227,38.9137
35474,28114,32754,25184,38.9147
35636,28144,33093,25055,38.9162
35906,28194,33658,24840,38.9206
36122,28234,34110,24668,38.9236
36392,28284,34675,24453,38.9272
36941,31185,32183,24348,38.9536
36254,25944,28604,27825,38.9599
36446,25656,29092,28817,38.9616
36542,25512,29336,29313,38.9638
36332,25918,28778,27906,38.9697
36404,25810,28961,28278,38.9713
36524,25630,29266,28898,38.9729
36548,25594,29327,29022,38.9742
36620,25486,29510,29394,38.9751
36644,25450,29571,29518,38.9764
36362,25964,28830,27739,38.9788
36386,25928,28891,27863,38.98
36554,25676,29318,28731,38.9809
36488,25866,29126,28068,38.9842
36512,25830,29187,28192,38.9854
36470,25984,29056,27653,38.987
36686,25660,29605,28769,38.9879
36698,25824,29587,28187,38.9902
36800,25762,29822,28392,38.9912
36914,25864,30039,28015,38.9953
36950,25992,30082,27557,38.9963
33334,31181,31782,29866,39.014
33634,31280,31776,29962,39.0152
33558,31208,32462,29576,39.0182
35963,27155,29608,26447,39.023
36131,26903,30035,27315,39.0248
35849,27417,29294,25536,39.0326
36017,27165,29721,26404,39.0341
36041,27129,29782,26528,39.0353
36071,27175,29834,26361,39.0376
36167,27031,30078,26857,39.0392
36191,26995,30139,26981,39.0406
36173,27113,30069,26566,39.0416
36059,27375,29755,25655,39.0442
36095,27503,29798,25197,39.0483
36191,27359,30042,25693,39.0501
36293,27297,30277,25898,39.0524
36317,27261,30338,26022,39.0535
36203,27523,30024,25111,39.0544
36347,27307,30390,25855,39.0559
36371,27271,30451,25979,39.0572
36407,27399,30494,25521,39.0606
36419,27563,30476,24939,39.0644
36521,27501,30711,25144,39.0682
36593,27393,30894,25516,39.0704
36599,27475,30885,25225,39.0714
36623,27439,30946,25349,39.0725
36707,27495,31111,25139,39.0763
36731,27459,31172,25263,39.0774
36815,27515,31337,25053,39.08
36917,27453,31572,25258,39.083
36851,27643,31380,24595,39.0851
36971,27463,31685,25215,39.0866
36905,27653,31493,24552,39.0884
37061,27601,31841,24714,39.0917
37121,27693,31945,24380,39.0976
34373,26311,31273,26151,39.1084
34081,26199,31507,25937,39.1103
35248,29174,30319,25483,39.1173
35872,29330,31614,24843,39.1494
36514,29368,32979,24618,39.1615
36628,29470,33196,24241,39.1651
37056,29338,30141,24788,39.1945
38250,29770,32582,23513,39.2141
35042,28034,31850,25528,39.2272
36230,28254,34336,24582,39.2409
36315,31124,30651,24815,39.2473
36509,31105,31279,24692,39.2522
36747,31204,31555,24471,39.2578
36326,25836,28787,28197,39.2774
36566,25476,29397,29437,39.2788
36308,25954,28717,27782,39.2836
36476,25702,29144,28650,39.2862
36500,25666,29205,28774,39.2876
36458,25820,29074,28235,39.2948
36464,25902,29065,27944,39.2972
36608,25686,29431,28688,39.2988
36632,25650,29492,28812,39.3
36542,25876,29239,28025,39.3009
36926,26028,30021,27433,39.3065
35707,27711,29742,27729,39.3124
33504,31198,32349,29619,39.3219
33612,31218,32575,29533,39.3248
35939,27191,29547,26323,39.3258
36107,26939,29974,27191,39.3275
35825,27453,29233,25412,39.332
35993,27201,29660,26280,39.3342
36065,27093,29843,26652,39.3358
36047,27211,29773,26237,39.3385
36143,27067,30017,26733,39.3401
36035,27411,29694,25531,39.3459
36185,27277,30051,25984,39.3478
36209,27241,30112,26108,39.3491
36119,27467,29859,25321,39.3506
36197,27441,30033,25402,39.3543
36221,27405,30094,25526,39.3555
36299,27379,30268,25607,39.3595
36323,27343,30329,25731,39.3609
36377,27353,30442,25688,39.3628
36383,27435,30433,25397,39.3643
36485,27373,30668,25602,39.3658
36497,27537,30650,25020,39.3707
36551,27547,30763,24977,39.3736
36575,27511,30824,25101,39.3749
36677,27449,31059,25306,39.3777
36701,27413,31120,25430,39.3791
36635,27603,30928,24767,39.3807
36761,27505,31224,25096,39.3827
36785,27469,31285,25220,39.3838
36869,27525,31450,25010,39.3868
36893,27489,31511,25134,39.3881
36875,27607,31441,24719,39.3898
37001,27509,31737,25048,39.3922
37025,27473,31798,25172,39.3934
37013,27673,31719,24466,39.3967
37145,27657,32006,24504,39.4008
35717,29073,29831,26802,39.4038
35741,29037,29892,26926,39.4049
34297,26239,31959,25765,39.4119
35372,29171,30378,25639,39.4154
35396,29135,30439,25763,39.4166
35410,29204,30658,25354,39.4265
35494,29260,30823,25144,39.4313
35896,29294,31675,24967,39.4414
36304,29410,32518,24499,39.4522
36382,29384,32692,24580,39.4531
36406,29348,32753,24704,39.4542
36466,29440,32857,24370,39.4576
36574,29460,33083,24284,39.4603
36598,29424,33144,24408,39.4614
37218,29368,30480,24659,39.487
37434,29408,30932,24487,39.4908
38126,29773,32523,23357,39.4989
38150,29737,32584,23481,39.5001
38130,29950,32277,22893,39.5027
38154,29914,32338,23017,39.5039
34934,28014,31624,25614,39.5159
35960,28204,33771,24797,39.5195
36293,31065,30827,24864,39.5235
36401,31085,31053,24778,39.5291
36455,31095,31166,24735,39.5302
36909,31234,31894,24342,39.5397
36350,25800,28848,28321,39.5547
36482,25784,29135,28359,39.5635
36506,25748,29196,28483,39.5648
36626,25568,29501,29103,39.5657
36650,25532,29562,29227,39.567
36584,25722,29370,28564,39.5692
36656,25614,29553,28936,39.5715
36494,25948,29117,27777,39.5725
36518,25912,29178,27901,39.5737
36980,26038,30134,27390,39.5757
36035,27047,29791,26819,39.5852
36089,27057,29904,26776,39.5902
36161,26949,30087,27148,39.5919
36137,27349,29929,25736,39.5984
36173,27477,29972,25278,39.6034
36269,27333,30216,25774,39.6049
36275,27415,30207,25483,39.6065
36305,27461,30259,25316,39.6092
36329,27425,30320,25440,39.6107
36311,27543,30250,25025,39.6122
36461,27409,30607,25478,39.6133
36539,27383,30781,25559,39.6149
36473,27573,30589,24896,39.6171
36527,27583,30702,24853,39.6197
36629,27521,30937,25058,39.6234
36653,27485,30998,25182,39.6247
36659,27567,30989,24891,39.627
36683,27531,31050,25015,39.6284
36713,27577,31102,24848,39.6294
36737,27541,31163,24972,39.6305
36809,27433,31346,25344,39.6322
36797,27633,31267,24638,39.6338
36899,27571,31502,24843,39.6363
36953,27581,31615,24800,39.6382
36977,27545,31676,24924,39.6395
37031,27555,31789,24881,39.6424
37037,27637,31780,24590,39.644
37133,27493,32024,25086,39.6449
37163,27539,32076,24919,39.6465
37187,27503,32137,25043,39.6478
35745,29065,29843,26812,39.6537
34243,26229,31846,25808,39.6555
35348,29207,30317,25515,39.6597
35278,29220,30371,25316,39.6632
35332,29230,30484,25273,39.6656
35356,29194,30545,25397,39.6667
35674,29172,31232,25430,39.6745
35758,29228,31397,25220,39.6788
36004,29314,31901,24881,39.6858
36028,29278,31962,25005,39.6869
36058,29324,32014,24838,39.688
36082,29288,32075,24962,39.6892
36298,29328,32527,24790,39.6935
36352,29338,32640,24747,39.6951
36358,29420,32631,24456,39.6971
36460,29358,32866,24661,39.7009
36490,29404,32918,24494,39.7019
36544,29414,33031,24451,39.7035
36568,29378,33092,24575,39.7046
36830,29275,29496,25162,39.7138
36786,29288,29576,25003,39.7164
37272,29378,30593,24616,39.7338
38078,29845,32401,23109,39.7468
38102,29809,32462,23233,39.7481
38178,29878,32399,23141,39.7534
35852,28184,33545,24883,39.7642
36374,25764,28909,28445,39.7874
36530,25712,29257,28607,39.7898
36674,25496,29623,29351,39.7926
36560,25758,29309,28440,39.7943
37215,27779,28947,27416,39.8021
36059,27011,29852,26943,39.8064
36083,26975,29913,27067,39.8079
36161,27313,29990,25860,39.8126
36149,27513,29911,25154,39.8165
36245,27369,30155,25650,39.8175
36353,27389,30381,25564,39.821
36335,27507,30311,25149,39.8233
36437,27445,30546,25354,39.8243
36647,27403,31007,25473,39.8288
36689,27613,31041,24724,39.8363
36845,27561,31389,24886,39.8418
36929,27617,31554,24676,39.8447
37055,27519,31850,25005,39.8495
35320,29066,30502,25855,39.8578
35324,29243,30256,25391,39.8599
35566,29152,31006,25516,39.8693
35620,29162,31119,25473,39.8712
35650,29208,31171,25306,39.873
35842,29284,31562,25010,39.8786
35866,29248,31623,25134,39.8799
35980,29350,31840,24757,39.883
36034,29360,31953,24714,39.8862
36190,29308,32301,24876,39.8886
36220,29354,32353,24709,39.8902
36244,29318,32414,24833,39.8914
36274,29364,32466,24666,39.8929
36328,29374,32579,24623,39.8939
36520,29450,32970,24327,39.8994
37002,29328,30028,24831,39.9185
37596,29438,31271,24358,39.9231
38030,29917,32279,22861,39.9342
38226,29806,32521,23389,39.9362
37049,31205,32409,24262,39.9605
37157,31225,32635,24176,39.9664
36422,25692,29031,28693,39.9698
36536,25794,29248,28316,39.974
35731,27675,29803,27853,39.9773
36359,27471,30372,25273,39.9908
36413,27481,30485,25230,39.9941
36821,27597,31328,24762,39.9995
35272,29138,30380,25607,40.0056
35296,29102,30441,25731,40.0074
35326,29148,30493,25564,40.0114
35350,29112,30554,25688,40.0129
35518,29224,30884,25268,40.0183
35542,29188,30945,25392,40.0195
35572,29234,30997,25225,40.0206
35596,29198,31058,25349,40.0217
35602,29280,31049,25058,40.0227
35626,29244,31110,25182,40.0241
35728,29182,31345,25387,40.0266
35818,29320,31501,24886,40.03
35974,29268,31849,25048,40.0323
36166,29344,32240,24752,40.0394
36196,29390,32292,24585,40.0411
36622,29388,33205,24532,40.0473
36840,29298,29689,24960,40.0526
36894,29308,29802,24917,40.0541
37110,29348,30254,24745,40.0605
37650,29448,31384,24315,40.0649
37758,29468,31610,24229,40.068
38054,29881,32340,22985,40.0742
38202,29842,32460,23265,40.0758
36347,31075,30940,24821,40.0805
36563,31115,31392,24649,40.0835
36617,31125,31505,24606,40.085
36995,31195,32296,24305,40.0917
36398,25728,28970,28569,40.1001
37313,27776,28980,27532,40.1056
35302,29184,30432,25440,40.1181
35374,29076,30615,25812,40.1198
35512,29142,30893,25559,40.1239
35548,29270,30936,25101,40.1275
35680,29254,31223,25139,40.1321
35704,29218,31284,25263,40.1334
35788,29274,31449,25053,40.1345
35812,29238,31510,25177,40.1356
35926,29340,31727,24800,40.1396
36142,29380,32179,24628,40.143
36732,29278,29463,25046,40.1501
36948,29318,29915,24874,40.1538
37704,29458,31497,24272,40.1595
37812,29478,31723,24186,40.1632
37920,29498,31949,24100,40.1648
36671,31135,31618,24563,40.1758
36779,31155,31844,24477,40.1796
37103,31215,32522,24219,40.1868
37079,27483,31911,25129,40.1976
35404,29122,30667,25645,40.2021
35434,29168,30719,25478,40.2044
35488,29178,30832,25435,40.2055
35656,29290,31162,25015,40.2081
35764,29310,31388,24929,40.2109
35950,29304,31788,24924,40.2145
36887,31175,32070,24391,40.2348
35380,29158,30606,25521,40.2453
35458,29132,30780,25602,40.2464
35464,29214,30771,25311,40.2481
36185,31045,30601,24950,40.2576
36725,31145,31731,24520,40.2633
36833,31165,31957,24434,40.2653
35440,29250,30710,25187,40.2734
37164,29358,30367,24702,40.2765
36239,31055,30714,24907,40.2786
37211,31235,32748,24133,40.2849
