obj0,obj1,obj2,obj3,obj4,cpu
22268,22869,13037,18795,24862,0.0652088
29826,21538,15236,13347,27739,0.0901318
20682,20999,14880,15449,20884,0.105884
18903,17598,15470,22939,18400,0.115069
21799,13912,17195,18526,14592,0.131561
21150,17305,17036,12724,18320,0.144344
17849,21012,14144,19228,19337,0.154092
16263,19142,15987,15882,15359,0.170074
29193,12119,18070,19813,21411,0.173902
21247,12769,17273,17227,15073,0.175456
17317,15728,17313,19593,14422,0.181761
19455,18741,15392,24238,17919,0.190155
17869,16871,17235,20892,13941,0.203493
27689,14008,16953,17252,21406,0.205315
19743,14658,16156,14666,15068,0.213984
20871,15897,16360,16475,14617,0.218642
17399,19487,14353,20378,18395,0.222358
18527,20726,14557,22187,17944,0.232725
15813,17617,16196,17032,14417,0.238264
16941,18856,16400,18841,13966,0.251826
26310,20185,16196,14004,23040,0.607227
26439,20257,16175,14036,23158,0.609043
21000,15969,16339,16507,14735,0.620898
20558,22524,13703,19900,21815,0.650906
20687,22596,13682,19932,21933,0.653727
18785,20870,14515,22251,18180,0.669572
18914,20942,14494,22283,18298,0.674049
18069,20150,15693,16330,17011,0.728572
18198,20222,15672,16362,17129,0.733565
17328,19072,16337,18937,14320,0.759283
19629,18945,15590,24094,18339,0.829898
22440,18025,16826,13044,19500,0.90519
22569,18097,16805,13076,19618,0.908438
28374,21337,15860,14516,24928,0.910414
28503,21409,15839,14548,25046,0.912518
21258,16113,16297,16571,14971,0.931961
19913,22164,13808,19740,21225,0.973938
20042,22236,13787,19772,21343,0.97663
20945,22740,13640,19996,22169,0.979331
21074,22812,13619,20028,22287,0.98199
18656,20798,14536,22219,18062,1.00723
21633,21128,15114,15416,21625,1.04669
21950,21171,15192,15405,21872,1.04956
17682,19934,15756,16234,16657,1.09889
17811,20006,15735,16266,16775,1.1031
21552,22094,15126,17194,20197,1.10818
21681,22166,15105,17226,20315,1.11255
17199,19000,16358,18905,14202,1.15549
19542,18843,15491,24166,18129,1.26181
19571,18877,15524,24142,18199,1.26555
21279,17377,17015,12756,18438,1.36457
25020,19465,16406,13684,21860,1.36635
25149,19537,16385,13716,21978,1.3682
26568,20329,16154,14068,23276,1.37013
26697,20401,16133,14100,23394,1.37206
29277,21841,15713,14740,25754,1.37394
29406,21913,15692,14772,25872,1.37581
21045,16101,16558,16331,15037,1.40332
21129,16041,16318,16539,14853,1.41017
19268,21804,13913,19580,20635,1.46476
19397,21876,13892,19612,20753,1.46742
20300,22380,13745,19836,21579,1.47005
20429,22452,13724,19868,21697,1.47275
20816,22668,13661,19964,22051,1.47547
22364,23532,13409,20348,23467,1.48007
22493,23604,13388,20380,23585,1.48273
21316,21085,15036,15427,21378,1.58647
24169,21472,15738,15328,23601,1.59159
24486,21515,15816,15317,23848,1.59463
16521,19286,15945,15946,15595,1.67329
16650,19358,15924,15978,15713,1.67785
17940,20078,15714,16298,16893,1.68217
21423,22022,15147,17162,20079,1.69035
21810,22238,15084,17258,20433,1.70116
17070,18928,16379,18873,14084,1.77831
18748,15161,17907,19422,14953,1.90115
18907,15098,17973,19403,15012,1.90399
19513,18809,15458,24190,18059,1.94879
19600,18911,15557,24118,18269,1.95469
21886,14014,17294,18454,14802,2.01207
21915,14048,17327,18430,14872,2.01394
21408,17449,16994,12788,18556,2.05909
21537,17521,16973,12820,18674,2.06097
23730,18745,16616,13364,20680,2.06283
23859,18817,16595,13396,20798,2.06463
25923,19969,16259,13908,22686,2.06651
26052,20041,16238,13940,22804,2.06834
26826,20473,16112,14132,23512,2.07222
26955,20545,16091,14164,23630,2.07452
28761,21553,15797,14612,25282,2.07651
28890,21625,15776,14644,25400,2.07839
30825,22705,15461,15124,27170,2.0803
30954,22777,15440,15156,27288,2.08218
20929,15965,16426,16427,14757,2.13067
20958,15999,16459,16403,14827,2.13262
24804,23213,13661,18707,26838,2.14649
25121,23256,13739,18696,27085,2.1484
17876,19298,14551,20321,18572,2.16359
18035,19235,14617,20302,18631,2.16571
18365,21300,14060,19356,19809,2.21493
18494,21372,14039,19388,19927,2.2177
19655,22020,13850,19676,20989,2.2204
19784,22092,13829,19708,21107,2.22311
20171,22308,13766,19804,21461,2.22591
21848,23244,13493,20220,22995,2.24347
21977,23316,13472,20252,23113,2.24628
23525,24180,13220,20636,24529,2.24903
23654,24252,13199,20668,24647,2.25184
20999,21042,14958,15438,21131,2.40402
23852,21429,15660,15339,23354,2.40938
17403,16987,16856,16842,15007,2.47152
17562,16924,16922,16823,15066,2.47456
16392,19214,15966,15914,15477,2.54429
17166,19646,15840,16106,16185,2.54867
17295,19718,15819,16138,16303,2.55294
20004,21230,15378,16810,18781,2.56974
20133,21302,15357,16842,18899,2.57555
18589,15224,17841,19441,14894,2.9554
21133,14216,18897,19137,15838,2.96009
19484,18775,15425,24214,17989,3.00924
21857,13980,17261,18478,14732,3.08034
22182,17881,16868,12980,19264,3.13536
22311,17953,16847,13012,19382,3.13727
23214,18457,16700,13236,20208,3.13913
23343,18529,16679,13268,20326,3.14099
24117,18961,16553,13460,21034,3.14284
24246,19033,16532,13492,21152,3.14468
25278,19609,16364,13748,22096,3.14655
25407,19681,16343,13780,22214,3.14848
26181,20113,16217,13972,22922,3.15036
27987,21121,15923,14420,24574,3.15482
28116,21193,15902,14452,24692,3.15673
28632,21481,15818,14580,25164,3.15862
29019,21697,15755,14676,25518,3.16217
29535,21985,15671,14804,25990,3.16487
31212,22921,15398,15220,27524,3.16668
31341,22993,15377,15252,27642,3.16863
20900,15931,16393,16451,14687,3.22191
20987,16033,16492,16379,14897,3.22467
21016,16067,16525,16355,14967,3.22658
24487,23170,13583,18718,26591,3.23984
17717,19361,14485,20340,18513,3.2571
19466,18668,15211,20131,19162,3.26007
19625,18605,15277,20112,19221,3.26236
18236,21228,14081,19324,19691,3.33755
19139,21732,13934,19548,20517,3.3422
19526,21948,13871,19644,20871,3.34686
21719,23172,13514,20188,22877,3.38345
22235,23460,13430,20316,23349,3.3883
23267,24036,13262,20572,24293,3.39312
23396,24108,13241,20604,24411,3.39585
22267,21214,15270,15394,22119,3.56809
22584,21257,15348,15383,22366,3.57131
24803,21558,15894,15306,24095,3.57923
16926,17176,16658,16899,14830,3.6521
17085,17113,16724,16880,14889,3.6549
17037,19574,15861,16074,16067,3.77533
17553,19862,15777,16202,16539,3.78283
19746,21086,15420,16746,18545,3.812
19875,21158,15399,16778,18663,3.81635
21165,21878,15189,17098,19843,3.82109
21294,21950,15168,17130,19961,3.82535
21939,22310,15063,17290,20551,3.84181
22068,22382,15042,17322,20669,3.84602
19221,17472,15602,22901,18518,4.3861
19380,17409,15668,22882,18577,4.38845
17476,15665,17379,19574,14481,4.40727
17635,15602,17445,19555,14540,4.41044
20815,14342,18765,19175,15720,4.41718
20974,14279,18831,19156,15779,4.41983
21828,13946,17228,18502,14662,4.53938
17985,17007,17367,20796,14221,4.54806
18014,17041,17400,20772,14291,4.55308
22053,17809,16889,12948,19146,4.60751
22698,18169,16784,13108,19736,4.61291
23472,18601,16658,13300,20444,4.61569
23988,18889,16574,13428,20916,4.61843
24633,19249,16469,13588,21506,4.62037
24762,19321,16448,13620,21624,4.62235
25665,19825,16301,13844,22450,4.62612
25794,19897,16280,13876,22568,4.62805
27084,20617,16070,14196,23748,4.63259
28245,21265,15881,14484,24810,4.63549
29148,21769,15734,14708,25636,4.6393
30567,22561,15503,15060,26934,4.64211
30696,22633,15482,15092,27052,4.64401
31083,22849,15419,15188,27406,4.64677
23219,22998,13271,18762,25603,4.69826
23536,23041,13349,18751,25850,4.70029
17558,19424,14419,20359,18454,4.71359
18194,19172,14683,20283,18690,4.71728
17978,21084,14123,19260,19455,4.82521
18107,21156,14102,19292,19573,4.82799
18881,21588,13976,19484,20281,4.83474
19010,21660,13955,19516,20399,4.83749
21203,22884,13598,20060,22405,4.89373
22106,23388,13451,20284,23231,4.90071
22880,23820,13325,20476,23939,4.90999
23009,23892,13304,20508,24057,4.91286
23218,21343,15504,15361,22860,5.12132
23535,21386,15582,15350,23107,5.12446
25120,21601,15972,15295,24342,5.13117
25437,21644,16050,15284,24589,5.13443
16767,17239,16592,16918,14771,5.22834
17244,17050,16790,16861,14948,5.23288
17015,19026,16383,15710,15875,5.42619
17203,18997,16482,15667,16004,5.42967
16779,19430,15903,16010,15831,5.44657
16908,19502,15882,16042,15949,5.45105
17424,19790,15798,16170,16421,5.46227
18327,20294,15651,16394,17247,5.50009
18456,20366,15630,16426,17365,5.50482
20262,21374,15336,16874,19017,5.51538
20391,21446,15315,16906,19135,5.51974
19062,17535,15536,22920,18459,6.38236
17794,15539,17511,19536,14599,6.40613
19702,14783,18303,19308,15307,6.41345
19990,18620,15656,24133,18236,6.47077
20149,18557,15722,24114,18295,6.47304
19860,18717,15623,24128,18247,6.47519
20019,18654,15689,24109,18306,6.47741
19889,18751,15656,24104,18317,6.4795
20048,18688,15722,24085,18376,6.48165
19759,18848,15623,24099,18328,6.48388
19918,18785,15689,24080,18387,6.48608
21944,14082,17360,18406,14942,6.52969
21973,14116,17393,18382,15012,6.53174
17956,16973,17334,20820,14151,6.53658
18043,17075,17433,20748,14361,6.54682
21666,17593,16952,12852,18792,6.56865
21795,17665,16931,12884,18910,6.57092
22827,18241,16763,13140,19854,6.57328
22956,18313,16742,13172,19972,6.5757
23601,18673,16637,13332,20562,6.5778
24504,19177,16490,13556,21388,6.58241
24891,19393,16427,13652,21742,6.58545
25536,19753,16322,13812,22332,6.58865
27858,21049,15944,14388,24456,6.59338
30180,22345,15566,14964,26580,6.59976
30309,22417,15545,14996,26698,6.60175
22585,22912,13115,18784,25109,6.64034
23853,23084,13427,18740,26097,6.64251
24170,23127,13505,18729,26344,6.64458
25755,23342,13895,18674,27579,6.64666
19148,18794,15079,20169,19044,6.65727
19307,18731,15145,20150,19103,6.65981
18752,21516,13997,19452,20163,6.78617
21461,23028,13556,20124,22641,6.85883
21590,23100,13535,20156,22759,6.86181
22622,23676,13367,20412,23703,6.88211
22751,23748,13346,20444,23821,6.88509
23138,23964,13283,20540,24175,6.89038
23783,24324,13178,20700,24765,6.90205
18701,20930,14755,22043,18364,6.96796
22901,21300,15426,15372,22613,7.12755
25754,21687,16128,15273,24836,7.14695
15972,17554,16262,17013,14476,7.27672
16827,19055,16284,15753,15746,7.60437
18843,20582,15567,16522,17719,7.7086
18972,20654,15546,16554,17837,7.71306
20520,21518,15294,16938,19253,7.73625
20649,21590,15273,16970,19371,7.74089
22197,22454,15021,17354,20787,7.78892
16999,18924,16466,18793,14106,8.38633
17028,18958,16499,18769,14176,8.39133
18112,15413,17643,19498,14717,9.02793
18271,15350,17709,19479,14776,9.03084
19543,14846,18237,19327,15248,9.0368
20338,14531,18567,19232,15543,9.04164
20497,14468,18633,19213,15602,9.04448
19672,18746,15524,24171,18118,9.1037
19701,18780,15557,24147,18188,9.11069
20178,18591,15755,24090,18365,9.11286
19730,18814,15590,24123,18258,9.11679
17898,16905,17268,20868,14011,9.16471
17927,16939,17301,20844,14081,9.16974
21924,17737,16910,12916,19028,9.22418
23085,18385,16721,13204,20090,9.22965
24375,19105,16511,13524,21270,9.23346
27342,20761,16028,14260,23984,9.24009
27471,20833,16007,14292,24102,9.24255
30051,22273,15587,14932,26462,9.24467
30438,22489,15524,15028,26816,9.24832
22902,22955,13193,18773,25356,9.26671
25438,23299,13817,18685,27332,9.27337
18989,18857,15013,20188,18985,9.28075
18623,21444,14018,19420,20045,9.43455
21332,22956,13577,20092,22523,9.51345
18556,20760,14590,22163,18014,9.64311
18585,20794,14623,22139,18084,9.64711
21822,22823,14101,17634,23202,9.79309
21882,22919,14060,17749,23324,9.79543
16449,17365,16460,16956,14653,9.99279
16608,17302,16526,16937,14712,9.99585
18516,16546,17318,16709,15420,10.0177
18675,16483,17384,16690,15479,10.021
16639,19084,16185,15796,15617,10.5003
17708,19011,16659,15613,16380,10.5138
17896,18982,16758,15570,16509,10.5172
18714,20510,15588,16490,17601,10.6475
19488,20942,15462,16682,18309,10.6555
19617,21014,15441,16714,18427,10.6603
20778,21662,15252,17002,19489,10.6964
20907,21734,15231,17034,19607,10.7011
16970,18890,16433,18817,14036,11.5638
19698,17283,15800,22844,18695,12.2782
19857,17220,15866,22825,18754,12.2808
17677,16304,17067,20283,15154,12.2847
17737,16400,17026,20398,15276,12.2867
17953,15476,17577,19517,14658,12.2986
18430,15287,17775,19460,14835,12.3035
19225,14972,18105,19365,15130,12.3093
19384,14909,18171,19346,15189,12.3122
20179,14594,18501,19251,15484,12.3194
20656,14405,18699,19194,15661,12.3262
19932,18552,15590,24181,18096,12.3682
20091,18489,15656,24162,18155,12.3704
19831,18683,15590,24152,18177,12.3753
20308,18494,15788,24095,18354,12.3785
27213,20689,16049,14228,23866,12.4988
27600,20905,15986,14324,24220,12.5028
29922,22201,15608,14900,26344,12.5049
18830,18920,14947,20207,18926,12.5259
20738,18164,15739,19979,19634,12.5294
20897,18101,15805,19960,19693,12.5317
18672,20896,14722,22067,18294,12.9551
21582,22439,14265,17174,22714,13.1011
21642,22535,14224,17289,22836,13.1032
16473,18673,15745,18297,15759,13.2619
16533,18769,15704,18412,15881,13.2651
16131,17491,16328,16994,14535,13.2683
16290,17428,16394,16975,14594,13.2713
18357,16609,17252,16728,15361,13.3004
19629,16105,17780,16576,15833,13.3069
16451,19113,16086,15839,15488,13.8135
19083,18707,17472,15237,17294,13.8247
19271,18678,17571,15194,17423,13.828
17520,19040,16560,15656,16251,13.8316
18836,18837,17253,15355,17154,13.8367
19024,18808,17352,15312,17283,13.8401
18585,20438,15609,16458,17483,14.0085
19230,20798,15504,16618,18073,14.023
19359,20870,15483,16650,18191,14.0278
21036,21806,15210,17066,19725,14.0862
17057,18992,16532,18745,14246,15.2731
19539,17346,15734,22863,18636,15.8445
17437,15920,17231,19823,14666,15.8518
17497,16016,17190,19938,14788,15.8543
19066,15035,18039,19384,15071,15.8844
20020,14657,18435,19270,15425,15.8977
19614,18678,15458,24219,17978,15.9385
19773,18615,15524,24200,18037,15.9408
20409,18363,15788,24124,18273,15.9431
20568,18300,15854,24105,18332,15.9454
20120,18523,15689,24138,18225,15.9476
20279,18460,15755,24119,18284,15.9499
18144,16944,17433,20777,14280,15.9958
27729,20977,15965,14356,24338,16.0525
29664,22057,15650,14836,26108,16.0566
18512,19046,14815,20245,18808,16.0706
18671,18983,14881,20226,18867,16.0733
19784,18542,15343,20093,19280,16.0777
21374,17912,16003,19903,19870,16.0805
21533,17849,16069,19884,19929,16.0829
18918,20939,14618,19045,20100,16.1834
19106,20910,14717,19002,20229,16.1861
18643,20862,14689,22091,18224,16.4969
20742,21095,14839,15564,21006,16.6616
20802,21191,14798,15679,21128,16.664
21762,22727,14142,17519,23080,16.666
22242,23495,13814,18439,24056,16.669
22302,23591,13773,18554,24178,16.6714
16113,18097,15991,17607,15027,16.7928
16173,18193,15950,17722,15149,16.7953
18198,16672,17186,16747,15302,16.8338
19470,16168,17714,16595,15774,16.8434
17767,18910,16779,15538,16391,17.2706
17955,18881,16878,15495,16520,17.2742
19459,18649,17670,15151,17552,17.278
19647,18620,17769,15108,17681,17.2817
17144,19098,16362,15742,15993,17.2852
17332,19069,16461,15699,16122,17.2884
18272,18924,16956,15484,16767,17.2938
18460,18895,17055,15441,16896,17.2972
19101,20726,15525,16586,17955,17.5123
17606,18638,16697,18741,14272,18.8963
17765,18575,16763,18722,14331,18.8995
17317,18798,16598,18755,14224,18.903
17476,18735,16664,18736,14283,18.9061
20016,17157,15932,22806,18813,19.3953
17377,15824,17272,19708,14544,19.3976
17617,16208,17108,20168,15032,19.4007
20250,18426,15722,24143,18214,19.5002
20727,18237,15920,24086,18391,19.5036
19961,18586,15623,24157,18166,19.5082
18115,16910,17400,20801,14210,19.5409
18274,16847,17466,20782,14269,19.5443
18462,16818,17565,20739,14398,19.5492
18173,16978,17466,20753,14350,19.5573
29793,22129,15629,14868,26226,19.6227
18353,19109,14749,20264,18749,19.6323
19943,18479,15409,20074,19339,19.6371
20102,18416,15475,20055,19398,19.6398
21056,18038,15871,19941,19752,19.6432
21692,17786,16135,19865,19988,19.6457
18730,20968,14519,19088,19971,19.7222
19482,20852,14915,18916,20487,19.7258
19670,20823,15014,18873,20616,19.7286
18614,20828,14656,22115,18154,19.9513
18831,20833,14788,22048,18353,19.9561
20922,21383,14716,15909,21372,20.1207
20982,21479,14675,16024,21494,20.1233
21702,22631,14183,17404,22958,20.1266
22182,23399,13855,18324,23934,20.1289
15933,17809,16114,17262,14661,20.2395
15993,17905,16073,17377,14783,20.2434
16413,18577,15786,18182,15637,20.2458
17373,20113,15130,20022,17589,20.249
17433,20209,15089,20137,17711,20.2515
18039,16735,17120,16766,15243,20.2877
18834,16420,17450,16671,15538,20.3034
17391,18968,16581,15624,16133,20.6794
18895,18736,17373,15280,17165,20.683
16956,19127,16263,15785,15864,20.6971
18084,18953,16857,15527,16638,20.7131
18648,18866,17154,15398,17025,20.7171
19400,18750,17550,15226,17541,20.7225
19588,18721,17649,15183,17670,20.726
18189,20342,15611,16560,17255,20.8771
18249,20438,15570,16675,17377,20.8793
17129,18827,16499,18798,14095,22.377
17288,18764,16565,18779,14154,22.38
17158,18861,16532,18774,14165,22.3896
17635,18672,16730,18717,14342,22.3949
17794,18609,16796,18698,14401,22.3982
17187,18895,16565,18750,14235,22.4035
17086,19026,16565,18721,14316,22.4129
20493,16968,16130,22749,18990,22.6754
17557,16112,17149,20053,14910,22.6817
17977,16784,16862,20858,15764,22.6847
18037,16880,16821,20973,15886,22.687
19643,18712,15491,24195,18048,22.787
20438,18397,15821,24100,18343,22.7912
19788,18882,15656,24075,18398,22.7955
18303,16881,17499,20758,14339,22.8357
20579,18227,15673,19998,19575,22.9115
21215,17975,15937,19922,19811,22.9154
18601,20896,14540,19056,19853,22.9511
18789,20867,14639,19013,19982,22.9545
18354,21026,14321,19174,19713,22.9574
18542,20997,14420,19131,19842,22.9599
19294,20881,14816,18959,20358,22.9628
18715,20697,14656,22144,18073,23.1582
20862,21287,14757,15794,21250,23.3374
21342,22055,14429,16714,22226,23.3406
21402,22151,14388,16829,22348,23.3429
21942,23015,14019,17864,23446,23.3485
22602,24071,13568,19129,24788,23.351
15873,17713,16155,17147,14539,23.4417
16053,18001,16032,17492,14905,23.4452
16353,18481,15827,18067,15515,23.4485
17013,19537,15376,19332,16857,23.4519
17073,19633,15335,19447,16979,23.4548
17733,20689,14884,20712,18321,23.4574
17721,16861,16988,16804,15125,23.4951
18993,16357,17516,16652,15597,23.514
17579,18939,16680,15581,16262,23.7492
18143,18852,16977,15452,16649,23.7553
18331,18823,17076,15409,16778,23.7592
16580,19185,16065,15871,15606,23.7716
16768,19156,16164,15828,15735,23.7755
19212,18779,17451,15269,17412,23.8044
18102,20606,15469,17039,17511,23.9154
18162,20702,15428,17154,17633,23.9178
18660,21230,15222,17678,18357,23.9549
18720,21326,15181,17793,18479,23.9572
18129,20246,15652,16445,17133,23.9693
18369,20630,15488,16905,17621,23.9718
18429,20726,15447,17020,17743,23.9743
21921,22550,14941,17686,20803,24.2088
17447,18701,16631,18760,14213,25.3413
17505,18769,16697,18712,14353,25.3704
17664,18706,16763,18693,14412,25.3739
20334,17031,16064,22768,18931,25.5807
17857,16592,16944,20628,15520,25.5855
17917,16688,16903,20743,15642,25.589
18097,16976,16780,21088,16008,25.5916
18157,17072,16739,21203,16130,25.5941
19802,18649,15557,24176,18107,25.6697
20420,18290,15607,20017,19516,25.8017
18413,20925,14441,19099,19724,25.8279
18166,21055,14222,19217,19584,25.8364
19858,20794,15113,18830,20745,25.8441
18686,20663,14623,22168,18003,25.969
21282,21959,14470,16599,22104,26.132
21462,22247,14347,16944,22470,26.1353
21522,22343,14306,17059,22592,26.138
22002,23111,13978,17979,23568,26.1404
22062,23207,13937,18094,23690,26.1429
22542,23975,13609,19014,24666,26.1453
16233,18289,15909,17837,15271,26.2075
16593,18865,15663,18527,16003,26.211
17193,19825,15253,19677,17223,26.2138
17253,19921,15212,19792,17345,26.2166
17613,20497,14966,20482,18077,26.2192
17673,20593,14925,20597,18199,26.2216
17880,16798,17054,16785,15184,26.262
19311,16231,17648,16614,15715,26.2871
17463,21062,15167,18182,17799,26.4457
17523,21158,15126,18297,17921,26.4485
18519,18794,17175,15366,16907,26.4895
18707,18765,17274,15323,17036,26.4938
17862,20222,15633,16579,17023,26.6497
17922,20318,15592,16694,17145,26.6524
18711,21446,15120,17991,18605,26.676
18771,21542,15079,18106,18727,26.6783
18120,20366,15591,16643,17259,26.6921
18180,20462,15550,16758,17381,26.6944
18309,20534,15529,16790,17499,26.71
18969,21590,15078,18055,18841,26.7135
19029,21686,15037,18170,18963,26.7158
21861,22454,14982,17571,20681,26.944
17924,18512,16829,18703,14390,28.0268
17346,18832,16631,18731,14294,28.0623
20175,17094,15998,22787,18872,28.21
17797,16496,16985,20513,15398,28.2136
18217,17168,16698,21318,16252,28.22
18982,16430,17697,20759,14354,28.2617
19141,16367,17763,20740,14413,28.2651
18086,16876,17367,20825,14140,28.2754
18245,16813,17433,20806,14199,28.2788
18332,16915,17532,20734,14409,28.3157
18202,17012,17499,20729,14420,28.3214
20261,18353,15541,20036,19457,28.3915
18225,20954,14342,19142,19595,28.4045
19165,20809,14837,18927,20240,28.4088
19353,20780,14936,18884,20369,28.4118
20046,20765,15212,18787,20874,28.4163
20234,20736,15311,18744,21003,28.4195
19163,20474,14821,22111,18180,28.5023
19322,20411,14887,22092,18239,28.505
18932,20702,14788,22077,18272,28.5167
19091,20639,14854,22058,18331,28.5194
21162,21767,14552,16369,21860,28.6573
21222,21863,14511,16484,21982,28.6596
22122,23303,13896,18209,23812,28.6669
22482,23879,13650,18899,24544,28.6704
16293,18385,15868,17952,15393,28.6968
16713,19057,15581,18757,16247,28.6996
16773,19153,15540,18872,16369,28.7026
17133,19729,15294,19562,17101,28.705
17313,20017,15171,19907,17467,28.7092
17493,20305,15048,20252,17833,28.7118
17553,20401,15007,20367,17955,28.7143
19152,16294,17582,16633,15656,28.7718
16443,19430,15864,16227,15725,28.8717
16503,19526,15823,16342,15847,28.874
17763,21542,14962,18757,18409,28.8763
17823,21638,14921,18872,18531,28.8788
17739,20966,15247,17850,17783,29.0207
17799,21062,15206,17965,17905,29.0233
18657,22166,14754,19179,19361,29.0425
17742,20030,15715,16349,16779,29.0992
17802,20126,15674,16464,16901,29.1017
18042,20510,15510,16924,17389,29.1041
18111,20486,15530,16841,17385,29.1331
18171,20582,15489,16956,17507,29.1356
18000,20174,15673,16413,17015,29.1548
18060,20270,15632,16528,17137,29.157
18240,20558,15509,16873,17503,29.1593
18300,20654,15468,16988,17625,29.1617
19020,21806,14976,18368,19089,29.1641
19080,21902,14935,18483,19211,29.1666
18489,20822,15406,17135,17865,29.1814
19449,22358,14750,18975,19817,29.184
19503,21638,15116,17787,19061,29.2547
19563,21734,15075,17902,19183,29.2571
20802,22238,14967,17909,20115,29.3648
20862,22334,14926,18024,20237,29.3671
21429,22838,14740,18465,20957,29.4012
21489,22934,14699,18580,21079,29.4037
21543,22214,15065,17392,20323,29.4505
21603,22310,15024,17507,20445,29.4531
21612,22190,15085,17309,20319,29.4595
21672,22286,15044,17424,20441,29.4618
21741,22262,15064,17341,20437,29.4683
21801,22358,15023,17456,20559,29.4705
17100,18793,16466,18822,14025,30.2971
18028,16808,17301,20873,14000,30.5243
18187,16745,17367,20854,14059,30.5277
18563,16687,17565,20768,14317,30.5471
18722,16624,17631,20749,14376,30.5504
18592,16721,17598,20744,14387,30.5621
18037,20983,14243,19185,19466,30.6596
18977,20838,14738,18970,20111,30.6635
19917,20693,15233,18755,20756,30.6675
20105,20664,15332,18712,20885,30.6702
18845,20600,14689,22149,18062,30.7268
19640,20285,15019,22054,18357,30.7294
18903,20668,14755,22101,18202,30.7388
19062,20605,14821,22082,18261,30.7421
18773,20765,14722,22096,18213,30.7447
19250,20576,14920,22039,18390,30.7482
21102,21671,14593,16254,21738,30.8447
22422,23783,13691,18784,24422,30.8511
16653,18961,15622,18642,16125,30.8683
16953,19441,15417,19217,16735,30.8719
16383,19334,15905,16112,15603,30.9955
16563,19622,15782,16457,15969,30.9986
16623,19718,15741,16572,16091,31.0012
17583,21254,15085,18412,18043,31.0038
17643,21350,15044,18527,18165,31.0064
17550,20798,15309,17703,17543,31.1614
17610,20894,15268,17818,17665,31.1641
17499,20582,15411,17390,17295,31.1762
17559,20678,15370,17505,17417,31.1786
17337,20054,15656,16649,16677,31.1977
17397,20150,15615,16764,16799,31.2002
18666,22046,14815,18981,19235,31.2113
18726,22142,14774,19096,19357,31.2138
17355,19814,15778,16253,16425,31.2256
17415,19910,15737,16368,16547,31.2278
17982,20414,15551,16809,17267,31.2568
17871,20102,15694,16381,16897,31.2692
17931,20198,15653,16496,17019,31.2717
18651,21350,15161,17876,18483,31.2743
18360,20750,15427,17103,17747,31.295
18420,20846,15386,17218,17869,31.2976
18780,21422,15140,17908,18601,31.3008
18909,21494,15119,17940,18719,31.3135
19389,22262,14791,18860,19695,31.3168
19227,21734,15036,18119,19077,31.338
19287,21830,14995,18234,19199,31.3403
19443,21542,15157,17672,18939,31.3785
20043,22502,14747,18822,20159,31.3817
20103,22598,14706,18937,20281,31.3844
19710,21566,15176,17538,19049,31.4059
19770,21662,15135,17653,19171,31.4088
20466,22238,14928,18126,20009,31.4414
20526,22334,14887,18241,20131,31.4438
20784,22478,14845,18305,20367,31.4663
20844,22574,14804,18420,20489,31.4686
20553,21974,15070,17647,19753,31.4798
20613,22070,15029,17762,19875,31.4823
20682,22046,15049,17679,19871,31.498
20742,22142,15008,17794,19993,31.5003
20949,22070,15068,17545,19981,31.5258
21009,22166,15027,17660,20103,31.5281
21447,22598,14862,18069,20705,31.5393
21507,22694,14821,18184,20827,31.5417
21483,22118,15106,17277,20201,31.5651
22083,23078,14696,18427,21421,31.5681
22143,23174,14655,18542,21543,31.5706
21990,22526,14961,17603,20799,31.5848
17090,19082,16351,19047,14280,32.2014
17150,19178,16310,19162,14402,32.2037
17216,18929,16598,18726,14305,32.269
17115,19060,16598,18697,14386,32.2776
18346,16682,17433,20835,14118,32.4027
18505,16619,17499,20816,14177,32.4062
18404,16750,17499,20787,14258,32.4286
18433,16784,17532,20763,14328,32.4468
19541,20751,15035,18841,20498,32.5211
19729,20722,15134,18798,20627,32.5241
19004,20537,14755,22130,18121,32.5544
19481,20348,14953,22073,18298,32.5588
19033,20571,14788,22106,18191,32.5624
19192,20508,14854,22087,18250,32.5654
18744,20731,14689,22120,18143,32.5692
19221,20542,14887,22063,18320,32.5755
21042,21575,14634,16139,21616,32.6298
22362,23687,13732,18669,24300,32.635
16833,19249,15499,18987,16491,32.6464
16893,19345,15458,19102,16613,32.6491
16323,19238,15946,15997,15481,32.748
17223,20678,15331,17722,17311,32.7527
17283,20774,15290,17837,17433,32.7554
17703,21446,15003,18642,18287,32.7593
17412,20846,15269,17869,17551,32.8199
17472,20942,15228,17984,17673,32.8224
17250,20318,15514,17128,16933,32.8975
17310,20414,15473,17243,17055,32.8999
17670,20990,15227,17933,17787,32.9025
17730,21086,15186,18048,17909,32.9056
17439,20486,15452,17275,17173,32.9185
17679,20870,15288,17735,17661,32.9216
17988,21230,15144,18112,18145,32.9363
18048,21326,15103,18227,18267,32.9386
17097,19670,15820,16189,16189,32.9459
18417,21782,14918,18719,18873,32.9486
18477,21878,14877,18834,18995,32.9519
18486,21758,14938,18636,18869,32.9653
18546,21854,14897,18751,18991,32.9676
17535,20102,15655,16598,16791,32.9849
17595,20198,15614,16713,16913,32.9875
18282,20894,15346,17384,17877,33.0156
18342,20990,15305,17499,17999,33.0185
17991,20294,15612,16611,17141,33.0298
18351,20870,15366,17301,17873,33.0327
18411,20966,15325,17416,17995,33.0353
18951,21830,14956,18451,19093,33.0377
19011,21926,14915,18566,19215,33.0402
18480,20942,15345,17333,17991,33.0542
18840,21518,15099,18023,18723,33.0576
19260,22190,14812,18828,19577,33.0602
19320,22286,14771,18943,19699,33.063
18789,21302,15201,17710,18475,33.0758
18849,21398,15160,17825,18597,33.0784
19269,22070,14873,18630,19451,33.0824
19329,22166,14832,18745,19573,33.085
18387,20390,15610,16509,17369,33.1034
18774,20606,15547,16605,17723,33.1312
18834,20702,15506,16720,17845,33.1338
18903,20678,15526,16637,17841,33.1492
18963,20774,15485,16752,17963,33.1517
19863,22214,14870,18477,19793,33.1543
19923,22310,14829,18592,19915,33.1569
19530,21278,15299,17193,18683,33.1951
19590,21374,15258,17308,18805,33.198
19986,21470,15256,17206,19033,33.225
20046,21566,15215,17321,19155,33.2274
20586,22430,14846,18356,20253,33.2308
20595,22310,14907,18158,20127,33.2383
20655,22406,14866,18273,20249,33.2411
20664,22286,14927,18075,20123,33.249
20724,22382,14886,18190,20245,33.2514
20373,21686,15193,17302,19387,33.2665
20433,21782,15152,17417,19509,33.2688
20733,22262,14947,17992,20119,33.2713
20793,22358,14906,18107,20241,33.274
20622,21950,15090,17564,19749,33.2862
20571,21734,15192,17251,19501,33.3042
20631,21830,15151,17366,19623,33.3065
20700,21806,15171,17283,19619,33.312
20760,21902,15130,17398,19741,33.3145
20889,21974,15109,17430,19859,33.3201
21069,22262,14986,17775,20225,33.3242
21387,22502,14903,17954,20583,33.3404
21567,22790,14780,18299,20949,33.3437
21627,22886,14739,18414,21071,33.3463
21474,22238,15045,17475,20327,33.3659
21534,22334,15004,17590,20449,33.3682
21843,22694,14860,17967,20933,33.3769
21903,22790,14819,18082,21055,33.3796
22383,23558,14491,19002,22031,33.3826
21792,22478,14962,17654,20685,33.3873
21852,22574,14921,17769,20807,33.3898
21930,22430,15002,17488,20677,33.3926
21999,22406,15022,17405,20673,33.3958
22059,22502,14981,17520,20795,33.3984
22128,22478,15001,17437,20791,33.4064
17259,18730,16532,18803,14084,33.847
17418,18667,16598,18784,14143,33.8517
17030,18986,16392,18932,14158,33.8551
18664,16556,17565,20797,14236,34.0279
18823,16493,17631,20778,14295,34.0316
18693,16590,17598,20773,14306,34.0398
18852,16527,17664,20754,14365,34.0432
18874,20634,14722,22125,18132,34.1695
18802,20799,14755,22072,18283,34.182
16683,19814,15700,16687,16213,34.2937
17343,20870,15249,17952,17555,34.2966
17403,20966,15208,18067,17677,34.2994
17052,20270,15515,17179,16819,34.3477
17112,20366,15474,17294,16941,34.3501
16581,19382,15904,16061,15717,34.3963
17190,20222,15555,17013,16811,34.4066
17490,20702,15350,17588,17421,34.4103
18390,22142,14735,19313,19251,34.4164
17139,20006,15657,16700,16563,34.4363
17199,20102,15616,16815,16685,34.4389
17619,20774,15329,17620,17539,34.4418
17628,20654,15390,17422,17413,34.4581
17688,20750,15349,17537,17535,34.4605
18528,22094,14775,19147,19243,34.4634
17277,19958,15697,16534,16555,34.4774
18357,21686,14959,18604,18751,34.4808
18537,21974,14836,18949,19117,34.4851
17466,20126,15635,16681,16795,34.4956
17526,20222,15594,16796,16917,34.4979
18606,21950,14856,18866,19113,34.5012
17475,20006,15696,16483,16669,34.5205
19053,22262,14752,19077,19589,34.5404
18222,20798,15387,17269,17755,34.5496
18702,21566,15059,18189,18731,34.5533
18762,21662,15018,18304,18853,34.5559
18051,20390,15571,16726,17263,34.5624
18291,20774,15407,17186,17751,34.565
18471,21062,15284,17531,18117,34.5684
18531,21158,15243,17646,18239,34.5712
18831,21638,15038,18221,18849,34.5758
19251,22310,14751,19026,19703,34.5785
18600,21134,15263,17563,18235,34.5868
18900,21614,15058,18138,18845,34.5912
19200,22094,14853,18713,19455,34.5941
18729,21206,15242,17595,18353,34.6011
19089,21782,14996,18285,19085,34.607
18867,21158,15282,17429,18345,34.6192
18927,21254,15241,17544,18467,34.6219
19785,22358,14789,18758,19923,34.6428
19845,22454,14748,18873,20045,34.6454
19023,20870,15444,16867,18085,34.668
19083,20966,15403,16982,18207,34.6709
19743,22022,14952,18247,19549,34.6738
19803,22118,14911,18362,19671,34.6764
19983,22406,14788,18707,20037,34.6792
19350,20990,15422,16848,18317,34.7058
19410,21086,15381,16963,18439,34.7083
19650,21470,15217,17423,18927,34.7118
20010,22046,14971,18113,19659,34.7148
20070,22142,14930,18228,19781,34.7175
19866,21278,15338,16976,18789,34.7414
19926,21374,15297,17091,18911,34.7441
20106,21662,15174,17436,19277,34.7474
20166,21758,15133,17551,19399,34.7499
20946,23006,14600,19046,20985,34.7528
20055,21446,15276,17123,19029,34.7625
20115,21542,15235,17238,19151,34.7652
21015,22982,14620,18963,20981,34.7678
20064,21326,15337,16925,18903,34.7819
20124,21422,15296,17040,19025,34.7842
20193,21398,15316,16957,19021,34.8014
20253,21494,15275,17072,19143,34.8037
20493,21878,15111,17532,19631,34.8065
20673,22166,14988,17877,19997,34.81
20913,22550,14824,18337,20485,34.8137
20973,22646,14783,18452,20607,34.8163
20382,21566,15254,17104,19261,34.8237
20442,21662,15213,17219,19383,34.8262
21282,23006,14639,18829,21091,34.829
21342,23102,14598,18944,21213,34.8318
20451,21542,15274,17021,19257,34.8395
20640,21710,15212,17168,19497,34.8482
20829,21878,15150,17315,19737,34.8605
21189,22454,14904,18005,20469,34.8638
21249,22550,14863,18120,20591,34.8664
21549,23030,14658,18695,21201,34.869
21609,23126,14617,18810,21323,34.8718
21207,22214,15026,17609,20217,34.8821
21267,22310,14985,17724,20339,34.885
21354,22046,15127,17245,20083,34.9036
21783,22598,14901,17852,20811,34.9095
22023,22982,14737,18312,21299,34.9144
22203,23270,14614,18657,21665,34.9187
21732,22382,15003,17539,20563,34.9221
21870,22334,15043,17373,20555,34.9305
17577,18604,16664,18765,14202,35.2427
17736,18541,16730,18746,14261,35.2474
17375,18866,16664,18707,14364,35.2894
18534,16653,17532,20792,14247,35.4013
19510,20382,14986,22049,18368,35.4908
18961,20736,14821,22053,18342,35.4997
16983,20294,15495,17262,16823,35.578
17043,20390,15454,17377,16945,35.5816
18183,22214,14675,19562,19263,35.5875
16452,19310,15925,16029,15599,35.6225
17172,20462,15433,17409,17063,35.6259
17841,21398,15043,18476,18279,35.6655
17901,21494,15002,18591,18401,35.6685
17130,20126,15596,16898,16689,35.6807
17430,20606,15391,17473,17299,35.6841
17790,21182,15145,18163,18031,35.6885
16959,19718,15780,16355,16197,35.7028
17019,19814,15739,16470,16319,35.7052
17379,20390,15493,17160,17051,35.7079
18039,21446,15042,18425,18393,35.7133
18099,21542,15001,18540,18515,35.7163
17208,19982,15677,16617,16559,35.7188
17268,20078,15636,16732,16681,35.7211
17868,21038,15226,17882,17901,35.7237
17928,21134,15185,17997,18023,35.7262
18408,21902,14857,18917,18999,35.7289
18468,21998,14816,19032,19121,35.732
17157,19766,15779,16304,16311,35.7397
17217,19862,15738,16419,16433,35.7428
18297,21590,15000,18489,18629,35.7466
18597,22070,14795,19064,19239,35.7509
17406,20030,15676,16566,16673,35.754
17706,20510,15471,17141,17283,35.7571
17766,20606,15430,17256,17405,35.7598
18924,22190,14773,19045,19471,35.7812
18984,22286,14732,19160,19593,35.7838
17913,20438,15531,16892,17271,35.7898
17973,20534,15490,17007,17393,35.7924
18402,21086,15264,17614,18121,35.8021
18882,21854,14936,18534,19097,35.8048
18942,21950,14895,18649,19219,35.8075
18231,20678,15448,17071,17629,35.8117
18591,21254,15202,17761,18361,35.8176
18891,21734,14997,18336,18971,35.8204
19071,22022,14874,18681,19337,35.8251
18540,21038,15304,17448,18113,35.8288
18960,21710,15017,18253,18967,35.8319
19140,21998,14894,18598,19333,35.8356
19380,22382,14730,19058,19821,35.8391
18669,21110,15283,17480,18231,35.8442
19149,21878,14955,18400,19207,35.8484
18918,21374,15180,17742,18593,35.8513
18978,21470,15139,17857,18715,35.8539
18807,21062,15323,17314,18223,35.8565
19047,21446,15159,17774,18711,35.8598
19107,21542,15118,17889,18833,35.8626
18705,20630,15527,16688,17727,35.8701
18765,20726,15486,16803,17849,35.8729
19074,21086,15342,17180,18333,35.8812
19134,21182,15301,17295,18455,35.8841
19383,21446,15198,17557,18817,35.8981
19683,21926,14993,18132,19427,35.9019
19290,20894,15463,16733,18195,35.9346
19470,21182,15340,17078,18561,35.9376
19830,21758,15094,17768,19293,35.9434
20190,22334,14848,18458,20025,35.9465
20250,22430,14807,18573,20147,35.9494
19806,21182,15379,16861,18667,35.9769
20226,21854,15092,17666,19521,35.9835
20286,21950,15051,17781,19643,35.9865
20646,22526,14805,18471,20375,35.9899
19995,21350,15317,17008,18907,35.9956
20235,21734,15153,17468,19395,35.9989
20295,21830,15112,17583,19517,36.002
20835,22694,14743,18618,20615,36.0045
20895,22790,14702,18733,20737,36.0073
20604,22190,14968,17960,20001,36.0186
20313,21590,15234,17187,19265,36.0329
20853,22454,14865,18222,20363,36.0398
21033,22742,14742,18567,20729,36.0443
20322,21470,15295,16989,19139,36.0519
20502,21758,15172,17334,19505,36.0553
20562,21854,15131,17449,19627,36.058
20922,22430,14885,18139,20359,36.0608
20982,22526,14844,18254,20481,36.0636
20511,21638,15233,17136,19379,36.0747
20751,22022,15069,17596,19867,36.0792
20811,22118,15028,17711,19989,36.0822
20580,21614,15253,17053,19375,36.0856
20880,22094,15048,17628,19985,36.0883
20940,22190,15007,17743,20107,36.091
20769,21782,15191,17200,19615,36.0939
21129,22358,14945,17890,20347,36.0981
21369,22742,14781,18350,20835,36.1009
21729,23318,14535,19040,21567,36.106
21438,22718,14801,18267,20831,36.1112
21498,22814,14760,18382,20953,36.1142
21027,21926,15149,17264,19851,36.1167
21087,22022,15108,17379,19973,36.1191
21327,22406,14944,17839,20461,36.1219
21927,23366,14534,18989,21681,36.1257
21996,23342,14554,18906,21677,36.1309
22056,23438,14513,19021,21799,36.1338
21414,22142,15086,17360,20205,36.1417
21714,22622,14881,17935,20815,36.1447
21774,22718,14840,18050,20937,36.1473
21663,22406,14983,17622,20567,36.1497
21723,22502,14942,17737,20689,36.1526
21963,22886,14778,18197,21177,36.1556
22323,23462,14532,18887,21909,36.1592
17001,18952,16359,18956,14088,36.3718
18375,16716,17466,20811,14188,36.521
19351,20445,14920,22068,18309,36.6013
19380,20479,14953,22044,18379,36.6044
16803,20006,15618,16917,16457,36.6581
16863,20102,15577,17032,16579,36.6614
17103,20486,15413,17492,17067,36.665
18123,22118,14716,19447,19141,36.6677
16992,20174,15556,17064,16697,36.6876
17232,20558,15392,17524,17185,36.6918
17541,20918,15248,17901,17669,36.7193
17601,21014,15207,18016,17791,36.7223
18081,21782,14879,18936,18767,36.725
18141,21878,14838,19051,18889,36.7278
16710,19454,15883,16093,15835,36.7357
16770,19550,15842,16208,15957,36.7381
17370,20510,15432,17358,17177,36.7415
17850,21278,15104,18278,18153,36.7465
17910,21374,15063,18393,18275,36.7493
16899,19622,15821,16240,16075,36.7568
17079,19910,15698,16585,16441,36.7612
17319,20294,15534,17045,16929,36.7642
17979,21350,15083,18310,18271,36.7676
18459,22118,14755,19230,19247,36.771
17148,19886,15718,16502,16437,36.7745
17328,20174,15595,16847,16803,36.7789
17748,20846,15308,17652,17657,36.7827
18108,21422,15062,18342,18389,36.7878
18057,21206,15164,18029,18141,36.7953
18117,21302,15123,18144,18263,36.7984
17226,19742,15799,16221,16307,36.8035
17586,20318,15553,16911,17039,36.8062
17646,20414,15512,17026,17161,36.8088
18066,21086,15225,17831,18015,36.812
18126,21182,15184,17946,18137,36.8148
18315,21350,15122,18093,18377,36.8223
18375,21446,15081,18208,18499,36.8252
17844,20462,15511,16975,17275,36.8314
17904,20558,15470,17090,17397,36.8342
17733,20150,15654,16547,16905,36.8369
17793,20246,15613,16662,17027,36.8392
18453,21302,15162,17927,18369,36.8419
18513,21398,15121,18042,18491,36.8446
18642,21470,15100,18074,18609,36.8472
18822,21758,14977,18419,18975,36.8507
19002,22046,14854,18764,19341,36.8555
19191,22214,14792,18911,19581,36.863
18549,20918,15365,17250,17987,36.8739
19209,21974,14914,18515,19329,36.878
18678,20990,15344,17282,18105,36.8811
18738,21086,15303,17397,18227,36.8837
19518,22334,14770,18892,19813,36.8865
19578,22430,14729,19007,19935,36.8893
18627,20774,15446,16969,17857,36.8927
18687,20870,15405,17084,17979,36.8953
18987,21350,15200,17659,18589,36.8987
19167,21638,15077,18004,18955,36.9019
19407,22022,14913,18464,19443,36.9053
19467,22118,14872,18579,19565,36.9082
18756,20846,15425,17001,17975,36.9125
18816,20942,15384,17116,18097,36.915
18645,20534,15568,16573,17605,36.9185
19305,21590,15117,17838,18947,36.9213
19365,21686,15076,17953,19069,36.924
18954,20894,15424,16950,18089,36.9322
19014,20990,15383,17065,18211,36.9352
19143,21062,15362,17097,18329,36.9408
19203,21158,15321,17212,18451,36.944
19623,21830,15034,18017,19305,36.9475
19950,21950,15012,17998,19537,36.971
20130,22238,14889,18343,19903,36.975
20379,22502,14786,18605,20265,36.9878
20439,22598,14745,18720,20387,36.9903
20397,22262,14908,18209,20013,37.0078
20457,22358,14867,18324,20135,37.0107
20406,22142,14969,18011,19887,37.0217
20886,22910,14641,18931,20863,37.0255
19935,21254,15358,16893,18785,37.0349
20175,21638,15194,17353,19273,37.0378
20415,22022,15030,17813,19761,37.0415
20475,22118,14989,17928,19883,37.0443
20715,22502,14825,18388,20371,37.0471
20775,22598,14784,18503,20493,37.0497
20955,22886,14661,18848,20859,37.0529
20364,21806,15132,17500,19513,37.0564
20424,21902,15091,17615,19635,37.0591
20964,22766,14722,18650,20733,37.062
21024,22862,14681,18765,20855,37.0647
21162,22814,14721,18599,20847,37.0828
21222,22910,14680,18714,20969,37.0859
20691,21926,15110,17481,19745,37.0935
21291,22886,14700,18631,20965,37.0975
21351,22982,14659,18746,21087,37.1002
20820,21998,15089,17513,19863,37.1047
21120,22478,14884,18088,20473,37.1083
21180,22574,14843,18203,20595,37.1115
20709,21686,15232,17085,19493,37.1145
21309,22646,14822,18235,20713,37.1194
21669,23222,14576,18925,21445,37.1234
21198,22334,14965,17807,20343,37.1271
21258,22430,14924,17922,20465,37.1298
20967,21830,15190,17149,19729,37.1383
21147,22118,15067,17494,20095,37.1416
21867,23270,14575,18874,21559,37.1469
21756,22958,14718,18446,21189,37.1505
21816,23054,14677,18561,21311,37.1532
21594,22430,14963,17705,20571,37.1667
21654,22526,14922,17820,20693,37.1696
22263,23366,14573,18772,21787,37.1819
17895,18478,16796,18727,14320,37.3369
17245,18963,16631,18702,14375,37.3591
17259,19096,16317,19020,14324,37.3797
18109,17255,17071,21352,14429,37.4152
18169,17351,17030,21467,14551,37.4178
18057,16842,17334,20849,14070,37.4596
16743,19910,15659,16802,16335,37.5487
16923,20198,15536,17147,16701,37.552
17163,20582,15372,17607,17189,37.5557
17943,21830,14839,19102,18775,37.5593
18003,21926,14798,19217,18897,37.5629
16932,20078,15597,16949,16575,37.5733
17352,20750,15310,17754,17429,37.5783
17952,21710,14900,18904,18649,37.5826
18012,21806,14859,19019,18771,37.5863
16761,19670,15781,16406,16083,37.6076
16821,19766,15740,16521,16205,37.6106
17661,21110,15166,18131,17913,37.6136
17721,21206,15125,18246,18035,37.6164
17961,21590,14961,18706,18523,37.6201
18321,22166,14715,19396,19255,37.623
16890,19742,15760,16438,16201,37.6298
16950,19838,15719,16553,16323,37.6327
18330,22046,14776,19198,19129,37.6387
16839,19526,15862,16125,15953,37.6428
17259,20198,15575,16930,16807,37.6486
17919,21254,15124,18195,18149,37.652
18339,21926,14837,19000,19003,37.6556
18399,22022,14796,19115,19125,37.6583
17088,19790,15759,16387,16315,37.6612
17388,20270,15554,16962,16925,37.6645
17448,20366,15513,17077,17047,37.6671
17808,20942,15267,17767,17779,37.6698
18348,21806,14898,18802,18877,37.6736
17577,20438,15492,17109,17165,37.6775
17637,20534,15451,17224,17287,37.6802
18177,21398,15082,18259,18385,37.6839
17286,19838,15758,16336,16429,37.6868
17346,19934,15717,16451,16551,37.6895
17826,20702,15389,17371,17527,37.6958
17886,20798,15348,17486,17649,37.699
18426,21662,14979,18521,18747,37.7022
17655,20294,15573,16828,17035,37.7058
17715,20390,15532,16943,17157,37.7084
18495,21638,14999,18438,18743,37.7114
18555,21734,14958,18553,18865,37.7143
17484,19886,15757,16285,16543,37.7169
17544,19982,15716,16400,16665,37.7193
18804,21998,14855,18815,19227,37.7222
18864,22094,14814,18930,19349,37.7249
17673,20054,15695,16432,16783,37.728
17853,20342,15572,16777,17149,37.7312
18333,21110,15244,17697,18125,37.7352
18393,21206,15203,17812,18247,37.7379
18813,21878,14916,18617,19101,37.742
18873,21974,14875,18732,19223,37.7451
18522,21278,15182,17844,18365,37.748
18582,21374,15141,17959,18487,37.7508
19131,22118,14833,18796,19459,37.7587
18609,21014,15324,17365,18109,37.763
18378,20510,15549,16707,17495,37.7684
18438,20606,15508,16822,17617,37.771
18858,21278,15221,17627,18471,37.7741
19338,22046,14893,18547,19447,37.7778
19398,22142,14852,18662,19569,37.7806
18567,20678,15487,16854,17735,37.7869
18747,20966,15364,17199,18101,37.7905
19347,21926,14954,18349,19321,37.7977
19647,22406,14749,18924,19931,37.8016
18516,20462,15589,16541,17487,37.8061
18936,21134,15302,17346,18341,37.8092
18996,21230,15261,17461,18463,37.8125
18945,21014,15363,17148,18215,37.8169
19005,21110,15322,17263,18337,37.8197
19665,22166,14871,18528,19679,37.8233
19725,22262,14830,18643,19801,37.8267
18894,20798,15465,16835,17967,37.8343
19323,21350,15239,17442,18695,37.846
19572,21614,15136,17704,19057,37.8516
19632,21710,15095,17819,19179,37.8547
19521,21398,15238,17391,18809,37.8575
19581,21494,15197,17506,18931,37.8602
19890,21854,15053,17883,19415,37.864
19419,20966,15442,16765,18313,37.8741
20499,22694,14704,18835,20509,37.878
19797,21302,15318,17059,18793,37.8852
19857,21398,15277,17174,18915,37.8879
20346,22046,15010,17896,19765,37.8962
20826,22814,14682,18816,20741,37.8999
20355,21926,15071,17698,19639,37.9079
20535,22214,14948,18043,20005,37.9126
20304,21710,15173,17385,19391,37.9201
20484,21998,15050,17730,19757,37.925
20904,22670,14763,18535,20611,37.9284
21084,22958,14640,18880,20977,37.933
21273,23126,14578,19027,21217,37.9359
21042,22622,14803,18369,20603,37.9418
21111,22598,14823,18286,20599,37.9513
21171,22694,14782,18401,20721,37.9547
21471,23174,14577,18976,21331,37.9576
21000,22286,14966,17858,20229,37.9635
21540,23150,14597,18893,21327,37.9666
21600,23246,14556,19008,21449,37.9693
20958,21950,15129,17347,19855,37.9774
21018,22046,15088,17462,19977,37.9803
21318,22526,14883,18037,20587,37.9841
21558,22910,14719,18497,21075,37.9876
21687,22982,14698,18529,21193,37.9935
21747,23078,14657,18644,21315,37.9969
21576,22670,14841,18101,20823,37.9997
21636,22766,14800,18216,20945,38.0025
21936,23246,14595,18791,21555,38.0054
21765,22838,14779,18248,21063,38.0111
21825,22934,14738,18363,21185,38.0141
21834,22814,14799,18165,21059,38.0205
21894,22910,14758,18280,21181,38.0237
18054,18415,16862,18708,14379,38.1187
17130,19024,16338,18988,14206,38.1553
18049,17159,17112,21237,14307,38.1941
18216,16779,17400,20830,14129,38.2406
17883,21734,14880,18987,18653,38.2866
18063,22022,14757,19332,19019,38.291
16812,19886,15679,16719,16331,38.2985
16872,19982,15638,16834,16453,38.3014
17292,20654,15351,17639,17307,38.3051
17772,21422,15023,18559,18283,38.3079
17832,21518,14982,18674,18405,38.3113
16701,19574,15822,16291,15961,38.3233
17301,20534,15412,17441,17181,38.3273
17361,20630,15371,17556,17303,38.3302
17781,21302,15084,18361,18157,38.335
18021,21686,14920,18821,18645,38.3387
18261,22070,14756,19281,19133,38.3426
16830,19646,15801,16323,16079,38.347
17070,20030,15637,16783,16567,38.3499
17970,21470,15022,18508,18397,38.3546
17859,21158,15165,18080,18027,38.3608
18279,21830,14878,18885,18881,38.3648
16968,19598,15841,16157,16071,38.3701
17028,19694,15800,16272,16193,38.373
17568,20558,15431,17307,17291,38.3777
18288,21710,14939,18687,18755,38.3833
17517,20342,15533,16994,17043,38.3876
17757,20726,15369,17454,17531,38.3923
17817,20822,15328,17569,17653,38.3956
18237,21494,15041,18374,18507,38.3986
18006,20990,15266,17716,17893,38.4078
18366,21566,15020,18406,18625,38.4121
17955,20774,15368,17403,17645,38.4176
18015,20870,15327,17518,17767,38.4206
18435,21542,15040,18323,18621,38.4244
18615,21830,14917,18668,18987,38.428
18675,21926,14876,18783,19109,38.431
17664,20174,15634,16630,16909,38.4358
17724,20270,15593,16745,17031,38.4388
18324,21230,15183,17895,18251,38.4423
18384,21326,15142,18010,18373,38.4453
17613,19958,15736,16317,16661,38.4508
18033,20630,15449,17122,17515,38.4558
18093,20726,15408,17237,17637,38.459
18753,21782,14957,18502,18979,38.4637
18933,22070,14834,18847,19345,38.4675
18993,22166,14793,18962,19467,38.4705
18462,21182,15223,17729,18243,38.4746
18318,20414,15590,16592,17373,38.4873
18618,20894,15385,17167,17983,38.4909
18798,21182,15262,17512,18349,38.4951
19158,21758,15016,18202,19081,38.5004
19218,21854,14975,18317,19203,38.5036
19458,22238,14811,18777,19691,38.5073
18447,20486,15569,16624,17491,38.5104
18507,20582,15528,16739,17613,38.5137
19527,22214,14831,18694,19687,38.5198
19587,22310,14790,18809,19809,38.5229
18576,20558,15548,16656,17609,38.5267
18876,21038,15343,17231,18219,38.5297
19176,21518,15138,17806,18829,38.5342
19236,21614,15097,17921,18951,38.5372
18885,20918,15404,17033,18093,38.5401
19065,21206,15281,17378,18459,38.545
19425,21782,15035,18068,19191,38.5488
19263,21254,15280,17327,18573,38.5637
19032,20750,15505,16669,17959,38.5686
19161,20822,15484,16701,18077,38.5792
19761,21782,15074,17851,19297,38.5825
19821,21878,15033,17966,19419,38.5853
20370,22622,14725,18803,20391,38.5896
20430,22718,14684,18918,20513,38.5932
19899,21734,15114,17685,19289,38.5963
19959,21830,15073,17800,19411,38.5992
20559,22790,14663,18950,20631,38.6029
20628,22766,14683,18867,20627,38.6059
20688,22862,14642,18982,20749,38.6087
19677,21110,15400,16829,18549,38.6119
19737,21206,15359,16944,18671,38.6146
20037,21686,15154,17519,19281,38.6176
20097,21782,15113,17634,19403,38.6205
20706,22622,14764,18586,20497,38.6288
20184,21518,15255,17155,19147,38.6358
20244,21614,15214,17270,19269,38.6391
20544,22094,15009,17845,19879,38.6425
21144,23054,14599,18995,21099,38.6478
21213,23030,14619,18912,21095,38.6516
21102,22718,14762,18484,20725,38.6554
20871,22214,14987,17826,20111,38.6609
20931,22310,14946,17941,20233,38.664
21231,22790,14741,18516,20843,38.667
21411,23078,14618,18861,21209,38.6714
21060,22382,14925,17973,20351,38.6757
21240,22670,14802,18318,20717,38.6796
20898,21854,15170,17232,19733,38.6855
21078,22142,15047,17577,20099,38.6901
21378,22622,14842,18152,20709,38.6945
21807,23174,14616,18759,21437,38.7038
21396,22382,14964,17756,20457,38.7078
21456,22478,14923,17871,20579,38.7106
21696,22862,14759,18331,21067,38.7137
21876,23150,14636,18676,21433,38.7183
21465,22358,14984,17673,20453,38.7216
21525,22454,14943,17788,20575,38.7243
22005,23222,14615,18708,21551,38.7273
22065,23318,14574,18823,21673,38.7301
22254,23486,14512,18970,21913,38.7348
22314,23582,14471,19085,22035,38.7376
17061,19048,16318,19071,14210,38.7572
17190,19120,16297,19103,14328,38.8174
17929,16967,17194,21007,14063,38.8425
17989,17063,17153,21122,14185,38.8454
16512,19406,15884,16144,15721,38.9297
16572,19502,15843,16259,15843,38.9334
17712,21326,15064,18444,18161,38.9395
17892,21614,14941,18789,18527,38.9436
18252,22190,14695,19479,19259,38.9474
16641,19478,15863,16176,15839,38.9561
17001,20054,15617,16866,16571,38.9594
17061,20150,15576,16981,16693,38.9625
17421,20726,15330,17671,17425,38.9655
17481,20822,15289,17786,17547,38.9682
18201,21974,14797,19166,19011,38.9744
17010,19934,15678,16668,16445,38.98
18030,21566,14981,18623,18519,38.9847
18159,21638,14960,18655,18637,38.99
17508,20462,15472,17192,17169,38.9965
18168,21518,15021,18457,18511,39.0012
17457,20246,15574,16879,16921,39.0053
17697,20630,15410,17339,17409,39.0088
17997,21110,15205,17914,18019,39.0133
17946,20894,15307,17601,17771,39.0187
18306,21470,15061,18291,18503,39.0226
17775,20486,15491,17058,17279,39.0274
18075,20966,15286,17633,17889,39.0313
18735,22022,14835,18898,19231,39.0383
18795,22118,14794,19013,19353,39.0422
17604,20078,15675,16515,16787,39.0453
17784,20366,15552,16860,17153,39.0491
18264,21134,15224,17780,18129,39.0532
18744,21902,14896,18700,19105,39.0569
18273,21014,15285,17582,18003,39.064
18633,21590,15039,18272,18735,39.0679
18693,21686,14998,18387,18857,39.0712
19122,22238,14772,18994,19585,39.0799
19182,22334,14731,19109,19707,39.0832
18258,20318,15631,16477,17251,39.0865
18558,20798,15426,17052,17861,39.09
19038,21566,15098,17972,18837,39.0959
19098,21662,15057,18087,18959,39.0989
19278,21950,14934,18432,19325,39.1021
18636,20654,15507,16771,17731,39.1139
18696,20750,15466,16886,17853,39.1175
19116,21422,15179,17691,18707,39.1222
19596,22190,14851,18611,19683,39.1267
19656,22286,14810,18726,19805,39.1296
18825,20822,15445,16918,17971,39.1329
19125,21302,15240,17493,18581,39.137
19185,21398,15199,17608,18703,39.1402
19545,21974,14953,18298,19435,39.1436
19605,22070,14912,18413,19557,39.1465
19905,22550,14707,18988,20167,39.1505
19794,22238,14850,18560,19797,39.1539
19854,22334,14809,18675,19919,39.1567
19092,20846,15464,16784,18081,39.1613
19152,20942,15423,16899,18203,39.1651
20232,22670,14685,18969,20399,39.1682
19281,21014,15402,16931,18321,39.1743
19341,21110,15361,17046,18443,39.1773
19641,21590,15156,17621,19053,39.181
20001,22166,14910,18311,19785,39.1842
20061,22262,14869,18426,19907,39.1872
20310,22526,14766,18688,20269,39.1903
19479,21062,15401,16880,18435,39.1967
20199,22214,14909,18260,19899,39.2001
20259,22310,14868,18375,20021,39.2032
19608,21134,15380,16912,18553,39.2131
19668,21230,15339,17027,18675,39.2163
19977,21590,15195,17404,19159,39.2254
20217,21974,15031,17864,19647,39.2295
20277,22070,14990,17979,19769,39.2329
20577,22550,14785,18554,20379,39.2359
20637,22646,14744,18669,20501,39.239
20766,22718,14723,18701,20619,39.2441
21153,22934,14660,18797,20973,39.2537
21051,22502,14864,18171,20477,39.2628
21480,23054,14638,18778,21205,39.2733
20838,21758,15211,17117,19611,39.2827
21138,22238,15006,17692,20221,39.2864
21618,23006,14678,18612,21197,39.2929
21336,22286,15005,17641,20335,39.2977
21516,22574,14882,17986,20701,39.302
21405,22262,15025,17558,20331,39.3083
21705,22742,14820,18133,20941,39.3121
21945,23126,14656,18593,21429,39.3161
22074,23198,14635,18625,21547,39.3228
22134,23294,14594,18740,21669,39.3261
16752,19790,15720,16604,16209,39.463
17532,21038,15187,18099,17795,39.4672
17592,21134,15146,18214,17917,39.4704
18192,22094,14736,19364,19137,39.4755
16881,19862,15699,16636,16327,39.482
17121,20246,15535,17096,16815,39.486
18210,21854,14858,18968,18885,39.4953
18270,21950,14817,19083,19007,39.4988
18219,21734,14919,18770,18759,39.5021
18228,21614,14980,18572,18633,39.5076
17937,21014,15246,17799,17897,39.5152
18246,21374,15102,18176,18381,39.5211
17835,20582,15450,17173,17401,39.5253
17895,20678,15409,17288,17523,39.5283
18255,21254,15163,17978,18255,39.5315
18855,22214,14753,19128,19475,39.538
17964,20654,15429,17205,17519,39.5453
18444,21422,15101,18125,18495,39.5492
18153,20822,15367,17352,17759,39.5526
18213,20918,15326,17467,17881,39.5555
18573,21494,15080,18157,18613,39.5594
19062,22142,14813,18879,19463,39.5643
18498,20702,15467,16937,17739,39.572
19056,21326,15220,17576,18585,39.5851
19356,21806,15015,18151,19195,39.591
19416,21902,14974,18266,19317,39.5947
19245,21494,15158,17723,18825,39.6058
19485,21878,14994,18183,19313,39.6104
19674,22046,14932,18330,19553,39.6181
19734,22142,14891,18445,19675,39.6214
19974,22526,14727,18905,20163,39.6252
19212,21038,15382,17014,18325,39.6307
19272,21134,15341,17129,18447,39.6339
19812,21998,14972,18164,19545,39.6372
19872,22094,14931,18279,19667,39.6403
19221,20918,15443,16816,18199,39.6443
19461,21302,15279,17276,18687,39.6473
19701,21686,15115,17736,19175,39.6513
19881,21974,14992,18081,19541,39.6564
20241,22550,14746,18771,20273,39.6598
20301,22646,14705,18886,20395,39.6631
19599,21254,15319,17110,18679,39.6682
19659,21350,15278,17225,18801,39.6723
20019,21926,15032,17915,19533,39.6758
20079,22022,14991,18030,19655,39.6789
20319,22406,14827,18490,20143,39.6821
19548,21038,15421,16797,18431,39.6909
19968,21710,15134,17602,19285,39.6949
20028,21806,15093,17717,19407,39.6982
19917,21494,15236,17289,19037,39.705
20157,21878,15072,17749,19525,39.7083
20337,22166,14949,18094,19891,39.7124
20517,22454,14826,18439,20257,39.7171
21093,22838,14701,18682,20851,39.7255
20991,22406,14905,18056,20355,39.7288
21420,22958,14679,18663,21083,39.7336
21276,22190,15046,17526,20213,39.7482
21225,21974,15148,17213,19965,39.7536
21285,22070,15107,17328,20087,39.7567
21645,22646,14861,18018,20819,39.7606
21885,23030,14697,18478,21307,39.7647
22125,23414,14533,18938,21795,39.7687
22185,23510,14492,19053,21917,39.7723
22014,23102,14676,18510,21425,39.7767
22194,23390,14553,18855,21791,39.7812
17121,19144,16277,19186,14332,39.7903
16692,19694,15761,16489,16087,39.8763
17652,21230,15105,18329,18039,39.8822
18072,21902,14818,19134,18893,39.8877
16941,19958,15658,16751,16449,39.8915
17241,20438,15453,17326,17059,39.8958
18090,21662,14940,18738,18641,39.9004
17877,20918,15287,17684,17775,39.9097
18186,21278,15143,18061,18259,39.9149
18195,21158,15204,17863,18133,39.9231
18144,20942,15306,17550,17885,39.9314
18204,21038,15265,17665,18007,39.9348
18504,21518,15060,18240,18617,39.9389
19296,21710,15056,18036,19073,39.9521
19536,22094,14892,18496,19561,39.9568
19494,21758,15055,17985,19187,39.9697
19554,21854,15014,18100,19309,39.9738
19914,22430,14768,18790,20041,39.979
19332,21230,15300,17244,18569,39.9848
19392,21326,15259,17359,18691,39.9882
19752,21902,15013,18049,19423,39.9919
19932,22190,14890,18394,19789,39.9971
19401,21206,15320,17161,18565,40.0019
19941,22070,14951,18196,19663,40.0079
20181,22454,14787,18656,20151,40.0125
20361,22742,14664,19001,20517,40.0168
19539,21158,15360,16995,18557,40.0231
19839,21638,15155,17570,19167,40.0276
20139,22118,14950,18145,19777,40.0332
19908,21614,15175,17487,19163,40.0436
20088,21902,15052,17832,19529,40.048
20148,21998,15011,17947,19651,40.0519
20817,22934,14621,19014,20867,40.0667
21300,22766,14761,18433,20839,40.0752
21360,22862,14720,18548,20961,40.0788
21738,23198,14596,18842,21441,40.0823
21798,23294,14555,18957,21563,40.0854
21216,22094,15087,17411,20091,40.0885
21345,22166,15066,17443,20209,40.0947
21585,22550,14902,17903,20697,40.0989
21954,23006,14717,18395,21303,40.1108
18138,17289,17104,21328,14499,40.1668
18198,17385,17063,21443,14621,40.1702
16632,19598,15802,16374,15965,40.1869
18132,21998,14777,19249,19015,40.1937
17181,20342,15494,17211,16937,40.2002
18150,21758,14899,18853,18763,40.2047
18135,21062,15245,17748,18011,40.2135
18024,20750,15388,17320,17641,40.2173
18084,20846,15347,17435,17763,40.2205
18684,21806,14937,18585,18983,40.2259
19476,21998,14933,18381,19439,40.2318
19776,22478,14728,18956,20049,40.2364
19374,21566,15137,17755,18943,40.2436
19434,21662,15096,17870,19065,40.2473
19614,21950,14973,18215,19431,40.2507
19452,21422,15218,17474,18813,40.2596
19692,21806,15054,17934,19301,40.2633
20172,22574,14726,18854,20277,40.2675
20121,22358,14828,18541,20029,40.2748
19779,21542,15196,17455,19045,40.2825
19728,21326,15298,17142,18797,40.2941
19788,21422,15257,17257,18919,40.2975
20508,22574,14765,18637,20383,40.3023
20568,22670,14724,18752,20505,40.3056
20697,22742,14703,18784,20623,40.3106
20757,22838,14662,18899,20745,40.3143
21678,23102,14637,18727,21319,40.3215
21858,23390,14514,19072,21685,40.3255
21156,21998,15128,17296,19969,40.3294
18078,17193,17145,21213,14377,40.3902
18564,21614,15019,18355,18739,40.4251
18624,21710,14978,18470,18861,40.4289
19716,22382,14769,18841,19927,40.4352
19194,21278,15260,17410,18577,40.4396
19512,21518,15177,17589,18935,40.4474
19992,22286,14849,18509,19911,40.4539
19719,21446,15237,17340,18923,40.4595
19848,21518,15216,17372,19041,40.4703
20388,22382,14847,18407,20139,40.4744
20448,22478,14806,18522,20261,40.4776
21096,21902,15169,17181,19847,40.49
18018,17097,17186,21098,14255,40.5217
19254,21374,15219,17525,18699,40.5435
19314,21470,15178,17640,18821,40.5473
20052,22382,14808,18624,20033,40.5535
20328,22286,14888,18292,20017,40.5609
17958,17001,17227,20983,14133,40.5849
20112,22478,14767,18739,20155,40.6012
20268,22190,14929,18177,19895,40.6061
20208,22094,14970,18062,19773,40.6192
