obj0,obj1,obj2,cpu
37913,28516,29964,0.55215
38986,33594,25266,0.821751
38446,30672,26545,0.909408
43085,32947,26442,1.03078
42545,30025,27721,1.08251
38142,35060,25950,1.18509
28736,40243,39817,1.20508
28914,37130,34885,1.26043
37069,29982,30648,1.26973
37602,32138,27229,1.27571
29126,38605,33220,1.42958
31982,31460,29997,1.43418
31138,32926,30681,1.44291
29987,42208,30187,1.51632
32843,35063,26964,1.53388
31999,36529,27648,1.53986
30748,34564,37278,1.57718
29447,39286,31466,1.64153
31770,29985,31662,1.65117
30926,31451,32346,1.65566
32303,32141,28243,1.65929
31459,33607,28927,1.66534
31758,32626,31101,1.86284
31820,32596,31143,1.86418
38762,34760,26370,1.87061
38824,34730,26412,1.87205
37565,29742,30984,1.88609
37627,29712,31026,1.88712
31546,31151,32766,1.88784
31608,31121,32808,1.88918
38222,31838,27649,1.89381
38284,31808,27691,1.89523
32265,33217,29473,1.89656
30304,38035,34018,1.90064
30366,38005,34060,1.90125
31386,32806,30849,1.90384
31448,32776,30891,1.90518
38390,34940,26118,1.91429
38452,34910,26160,1.9157
32371,36349,27900,1.91921
32433,36319,27942,1.92098
30092,36560,35683,1.92508
30154,36530,35725,1.92567
30625,38716,32264,1.92638
30687,38686,32306,1.92727
37193,29922,30732,1.92967
37255,29892,30774,1.9307
31174,31331,32514,1.93296
31236,31301,32556,1.93443
37850,32018,27397,1.94193
37912,31988,27439,1.94333
31831,33427,29179,1.94685
31893,33397,29221,1.94854
29684,38335,33598,1.94974
29746,38305,33640,1.95038
31200,32896,30723,1.95448
31262,32866,30765,1.95586
31572,32716,30975,1.95664
31634,32686,31017,1.95802
31944,32536,31227,1.95876
30545,41938,30565,1.96082
30607,41908,30607,1.96179
38204,35030,25992,1.96636
38266,35000,26034,1.96781
38576,34850,26244,1.9686
38638,34820,26286,1.97003
38948,34670,26496,1.97085
32185,36439,27774,1.97373
32247,36409,27816,1.97552
32619,36229,28068,1.97689
32681,36199,28110,1.97867
30810,34534,37320,1.98092
30872,34504,37362,1.98227
29472,36860,35263,1.98278
29534,36830,35305,1.98339
30712,36260,36103,1.98386
30774,36230,36145,1.98446
30005,39016,31844,1.98518
30067,38986,31886,1.98616
37131,29952,30690,1.99145
37317,29862,30816,1.99197
37379,29832,30858,1.99307
37689,29682,31068,1.99361
37751,29652,31110,1.99467
30988,31421,32388,1.99549
31050,31391,32430,1.99681
31360,31241,32640,1.99756
31422,31211,32682,1.99889
31732,31061,32892,1.99965
37664,32108,27271,2.00737
37726,32078,27313,2.00877
38036,31928,27523,2.00954
38098,31898,27565,2.01093
38408,31748,27775,2.01175
31645,33517,29053,2.01447
31707,33487,29095,2.01615
32079,33307,29347,2.01748
32141,33277,29389,2.01923
29374,38485,33388,2.02193
29436,38455,33430,2.02253
29994,38185,33808,2.023
30056,38155,33850,2.02361
30614,37885,34228,2.02407
30676,37855,34270,2.02468
37312,31501,29300,2.02516
37442,31502,29283,2.02581
31324,32836,30807,2.03228
31510,32746,30933,2.03413
31696,32656,31059,2.03602
31882,32566,31185,2.03788
30235,42088,30355,2.03866
30297,42058,30397,2.03964
30855,41788,30775,2.0404
30917,41758,30817,2.0414
35963,35087,26556,2.04496
36093,35088,26539,2.04596
38328,34970,26076,2.05402
38514,34880,26202,2.05608
38700,34790,26328,2.05803
38886,34700,26454,2.05994
32061,36499,27690,2.06124
32123,36469,27732,2.063
32309,36379,27858,2.06445
32495,36289,27984,2.0671
32557,36259,28026,2.06885
32743,36169,28152,2.07018
29162,37010,35053,2.07902
29224,36980,35095,2.07963
29782,36710,35473,2.0801
29844,36680,35515,2.0807
30402,36410,35893,2.08119
30464,36380,35935,2.0818
29695,39166,31634,2.08356
29757,39136,31676,2.08452
30315,38866,32054,2.08529
30377,38836,32096,2.08626
34890,30009,31254,2.08843
35020,30010,31237,2.08906
37441,29802,30900,2.0962
37503,29772,30942,2.09725
37813,29622,31152,2.099
37875,29592,31194,2.10002
31112,31361,32472,2.10348
31298,31271,32598,2.10542
31484,31181,32724,2.10737
31670,31091,32850,2.10922
35423,32165,27835,2.11456
35553,32166,27818,2.11546
37788,32048,27355,2.12416
37974,31958,27481,2.12618
38160,31868,27607,2.12828
38346,31778,27733,2.13027
31521,33577,28969,2.13164
31583,33547,29011,2.13337
31769,33457,29137,2.13471
31955,33367,29263,2.13731
32017,33337,29305,2.13921
32203,33247,29431,2.14059
29250,38545,33304,2.14454
29312,38515,33346,2.14515
29560,38395,33514,2.14561
29622,38365,33556,2.14621
29870,38245,33724,2.14668
29932,38215,33766,2.14728
30180,38095,33934,2.14776
30242,38065,33976,2.14837
30490,37945,34144,2.14885
30552,37915,34186,2.14946
30800,37795,34354,2.14993
30862,37765,34396,2.15058
34582,31480,29657,2.15108
34712,31481,29640,2.1517
30111,42148,30271,2.17302
30173,42118,30313,2.17404
30421,41998,30481,2.17481
30483,41968,30523,2.17581
30731,41848,30691,2.17658
30793,41818,30733,2.17756
31041,41698,30901,2.17834
31103,41668,30943,2.17936
34403,35075,26760,2.18361
34533,35076,26743,2.18453
37653,35100,26335,2.18529
37783,35101,26318,2.18624
28860,40183,39901,2.22747
29038,37070,34969,2.23187
29100,37040,35011,2.23248
29348,36920,35179,2.233
29410,36890,35221,2.23361
29658,36770,35389,2.2341
29720,36740,35431,2.23471
29968,36620,35599,2.23519
30030,36590,35641,2.2358
30278,36470,35809,2.23628
30340,36440,35851,2.23689
30588,36320,36019,2.23738
30650,36290,36061,2.23799
29571,39226,31550,2.23987
29633,39196,31592,2.24093
29881,39076,31760,2.24168
29943,39046,31802,2.24262
30191,38926,31970,2.24339
30253,38896,32012,2.24433
30501,38776,32180,2.2451
30563,38746,32222,2.24605
30811,38626,32390,2.24681
30873,38596,32432,2.24776
33330,29997,31458,2.24829
33460,29998,31441,2.2489
36580,30022,31033,2.24938
36710,30023,31016,2.25001
33863,32153,28039,2.27967
33993,32154,28022,2.28057
37113,32178,27614,2.28132
37243,32179,27597,2.28223
29188,38575,33262,2.32133
29498,38425,33472,2.32305
29808,38275,33682,2.32472
30118,38125,33892,2.3264
30428,37975,34102,2.32809
30738,37825,34312,2.32976
33282,31470,29827,2.33144
33412,31471,29810,2.33204
36012,31491,29470,2.33253
36142,31492,29453,2.33314
31106,35150,31737,2.33891
31104,35289,31803,2.34
30049,42178,30229,2.36013
30359,42028,30439,2.36271
30669,41878,30649,2.36531
30979,41728,30859,2.36791
33623,35069,26862,2.37341
33753,35070,26845,2.37435
35183,35081,26658,2.37512
35313,35082,26641,2.37614
36873,35094,26437,2.37693
37003,35095,26420,2.37784
28798,40213,39859,2.43627
28976,37100,34927,2.44177
29286,36950,35137,2.44361
29596,36800,35347,2.44531
29906,36650,35557,2.447
30216,36500,35767,2.4487
30526,36350,35977,2.45039
30836,36200,36187,2.4522
29509,39256,31508,2.45354
29819,39106,31718,2.4562
30129,38956,31928,2.45877
30439,38806,32138,2.46133
30749,38656,32348,2.46389
32550,29991,31560,2.46619
32680,29992,31543,2.46681
34110,30003,31356,2.46733
34240,30004,31339,2.46797
35800,30016,31135,2.46852
35930,30017,31118,2.46915
30894,33675,33402,2.47503
30892,33814,33468,2.47617
33083,32147,28141,2.50471
33213,32148,28124,2.50564
34643,32159,27937,2.50642
34773,32160,27920,2.50731
36333,32172,27716,2.50808
36463,32173,27699,2.5091
32632,31465,29912,2.57459
32762,31466,29895,2.57522
33932,31475,29742,2.57571
34062,31476,29725,2.57633
35362,31486,29555,2.57682
35492,31487,29538,2.57744
36662,31496,29385,2.57793
36792,31497,29368,2.57854
38092,31507,29198,2.57903
38222,31508,29181,2.57964
31128,33621,31011,2.58523
31126,33760,31077,2.58628
33233,35066,26913,2.63449
33363,35067,26896,2.63544
34013,35072,26811,2.63621
34143,35073,26794,2.63716
34793,35078,26709,2.63796
34923,35079,26692,2.63905
35573,35084,26607,2.63984
35703,35085,26590,2.6408
36483,35091,26488,2.64157
36613,35092,26471,2.64251
37263,35097,26386,2.6433
37393,35098,26369,2.64423
38043,35103,26284,2.64511
31979,37919,28308,2.678
31977,38058,28374,2.67985
30738,35259,37608,2.70994
30736,35398,37674,2.71101
32160,29988,31611,2.74466
32290,29989,31594,2.74528
32940,29994,31509,2.74576
33070,29995,31492,2.74639
33720,30000,31407,2.7469
33850,30001,31390,2.74752
34500,30006,31305,2.74801
34630,30007,31288,2.74864
35410,30013,31186,2.74914
35540,30014,31169,2.74977
36190,30019,31084,2.75026
36320,30020,31067,2.75089
36970,30025,30982,2.75139
30916,32146,32676,2.75359
30914,32285,32742,2.75467
30870,35343,34194,2.75526
30868,35482,34260,2.75647
38836,30386,28599,2.77649
38851,30375,28678,2.7771
32693,32144,28192,2.7886
32823,32145,28175,2.78957
33473,32150,28090,2.79034
33603,32151,28073,2.79128
34253,32156,27988,2.79209
34383,32157,27971,2.79304
35033,32162,27886,2.79382
35163,32163,27869,2.79473
35943,32169,27767,2.7955
36073,32170,27750,2.7964
36723,32175,27665,2.79716
36853,32176,27648,2.79806
37503,32181,27563,2.79883
31439,34997,29587,2.83628
31437,35136,29653,2.83822
32242,31462,29963,2.86719
32372,31463,29946,2.86787
33022,31468,29861,2.86839
33152,31469,29844,2.86906
33672,31473,29776,2.86961
33802,31474,29759,2.8703
34322,31478,29691,2.87083
34452,31479,29674,2.87149
34972,31483,29606,2.87203
35102,31484,29589,2.87275
35752,31489,29504,2.87331
35882,31490,29487,2.874
36402,31494,29419,2.87456
36532,31495,29402,2.87522
37052,31499,29334,2.87577
37182,31500,29317,2.87644
37702,31504,29249,2.877
37832,31505,29232,2.87766
31136,33065,30747,2.87935
31134,33204,30813,2.88057
31120,34177,31275,2.88114
31118,34316,31341,2.88229
31098,35706,32001,2.88294
31096,35845,32067,2.88407
32973,35064,26947,2.9254
33103,35065,26930,2.92641
33493,35068,26879,2.92722
33883,35071,26828,2.92879
34273,35074,26777,2.93035
34663,35077,26726,2.9319
35053,35080,26675,2.93353
35443,35083,26624,2.93519
35833,35086,26573,2.93677
36223,35089,26522,2.93837
36353,35090,26505,2.93942
36743,35093,26454,2.94027
37133,35096,26403,2.94188
37523,35099,26352,2.94354
37913,35102,26301,2.94516
38136,35477,26148,2.96618
38134,35616,26214,2.96735
31995,36807,27780,2.98911
31993,36946,27846,2.99107
31963,39031,28836,2.99166
30746,34703,37344,3.02009
30744,34842,37410,3.02132
30730,35815,37872,3.02189
30728,35954,37938,3.02315
31900,29986,31645,3.04505
32030,29987,31628,3.04574
32420,29990,31577,3.0463
32810,29993,31526,3.04731
33200,29996,31475,3.04833
33590,29999,31424,3.04938
33980,30002,31373,3.0504
34370,30005,31322,3.05139
34760,30008,31271,3.05247
35150,30011,31220,3.05354
35280,30012,31203,3.05425
35670,30015,31152,3.05481
36060,30018,31101,3.05587
36450,30021,31050,3.05688
36840,30024,30999,3.05792
30924,31590,32412,3.0601
30922,31729,32478,3.06128
30908,32702,32940,3.06186
30906,32841,33006,3.063
30886,34231,33666,3.06366
30884,34370,33732,3.06479
30854,36455,34722,3.06538
30852,36594,34788,3.06657
38641,30529,27572,3.08747
38656,30518,27651,3.08818
39046,30232,29705,3.08872
39061,30221,29784,3.08939
32433,32142,28226,3.10282
32563,32143,28209,3.1038
32953,32146,28158,3.10464
33343,32149,28107,3.10615
33733,32152,28056,3.10767
34123,32155,28005,3.10921
34513,32158,27954,3.1107
34903,32161,27903,3.11228
35293,32164,27852,3.11391
35683,32167,27801,3.11544
35813,32168,27784,3.11642
36203,32171,27733,3.11731
36593,32174,27682,3.11895
36983,32177,27631,3.12077
37373,32180,27580,3.12265
37596,32555,27427,3.14608
37594,32694,27493,3.14728
31455,33885,29059,3.16888
31453,34024,29125,3.17099
31423,36109,30115,3.1716
31421,36248,30181,3.17371
32112,31461,29980,3.20013
32502,31464,29929,3.20116
32892,31467,29878,3.20221
33542,31472,29793,3.20407
34192,31477,29708,3.20596
34842,31482,29623,3.20782
35232,31485,29572,3.20884
35622,31488,29521,3.20987
36272,31493,29436,3.21176
36922,31498,29351,3.2137
37572,31503,29266,3.21557
37962,31506,29215,3.21661
38352,31509,29164,3.21764
31132,33343,30879,3.22008
31130,33482,30945,3.22123
31124,33899,31143,3.22183
31122,34038,31209,3.22299
31114,34594,31473,3.22361
31112,34733,31539,3.22476
31102,35428,31869,3.22538
31100,35567,31935,3.22652
31092,36123,32199,3.22712
31090,36262,32265,3.22826
39121,33495,25977,3.24905
39136,33484,26056,3.24976
38140,35199,26016,3.32465
38138,35338,26082,3.32583
31997,36668,27714,3.3498
31991,37085,27912,3.35038
31989,37224,27978,3.35236
31975,38197,28440,3.35299
31973,38336,28506,3.35505
30742,34981,37476,3.36279
30740,35120,37542,3.36394
30734,35537,37740,3.36455
30732,35676,37806,3.36567
30724,36232,38070,3.36629
37063,30399,30846,3.39031
37061,30538,30912,3.39106
30920,31868,32544,3.3931
30918,32007,32610,3.39451
30912,32424,32808,3.39512
30910,32563,32874,3.39626
30902,33119,33138,3.39688
30900,33258,33204,3.398
30890,33953,33534,3.39862
30888,34092,33600,3.39978
30880,34648,33864,3.40037
30878,34787,33930,3.40149
30864,35760,34392,3.40211
30862,35899,34458,3.40328
38536,30606,27019,3.41825
38551,30595,27098,3.41895
38746,30452,28125,3.41951
38761,30441,28204,3.4202
38941,30309,29152,3.42075
38956,30298,29231,3.42143
37600,32277,27295,3.50427
37598,32416,27361,3.50555
31457,33746,28993,3.52946
31451,34163,29191,3.53006
31449,34302,29257,3.53215
31435,35275,29719,3.53277
31433,35414,29785,3.53486
31409,37082,30577,3.53549
31407,37221,30643,3.53751
31116,34455,31407,3.56411
31110,34872,31605,3.56471
31108,35011,31671,3.56586
31094,35984,32133,3.57013
39046,33550,25582,3.60003
39061,33539,25661,3.60074
39196,33440,26372,3.6013
39211,33429,26451,3.602
38132,35755,26280,3.7156
31987,37363,28044,3.73366
31985,37502,28110,3.73565
31971,38475,28572,3.73848
31969,38614,28638,3.74047
30726,36093,38004,3.76982
37067,30121,30714,3.79713
37065,30260,30780,3.79787
37059,30677,30978,3.79842
30904,32980,33072,3.80761
30898,33397,33270,3.80825
30896,33536,33336,3.8094
30882,34509,33798,3.81374
30876,34926,33996,3.81438
30874,35065,34062,3.81559
30866,35621,34326,3.81713
30860,36038,34524,3.81776
30858,36177,34590,3.81893
30850,36733,34854,3.81958
30848,36872,34920,3.82073
38491,30639,26782,3.82998
38506,30628,26861,3.83072
38596,30562,27335,3.83132
38611,30551,27414,3.832
38701,30485,27888,3.83257
38716,30474,27967,3.83328
38791,30419,28362,3.83393
38806,30408,28441,3.83463
38896,30342,28915,3.83522
38911,30331,28994,3.83591
39001,30265,29468,3.83655
39016,30254,29547,3.83722
37592,32833,27559,3.97626
31447,34441,29323,3.99437
31445,34580,29389,3.99639
31431,35553,29851,3.99923
31429,35692,29917,4.00122
31419,36387,30247,4.00182
31417,36526,30313,4.00381
39016,33572,25424,4.0823
39031,33561,25503,4.08303
39091,33517,25819,4.0836
39106,33506,25898,4.0843
39166,33462,26214,4.08486
39181,33451,26293,4.08556
31983,37641,28176,4.22393
31967,38753,28704,4.22857
30872,35204,34128,4.30534
30856,36316,34656,4.30966
30846,37011,34986,4.31264
38461,30661,26624,4.32824
38476,30650,26703,4.32898
38521,30617,26940,4.32956
38566,30584,27177,4.3306
38581,30573,27256,4.33133
38626,30540,27493,4.33191
38671,30507,27730,4.33299
38686,30496,27809,4.33368
38731,30463,28046,4.33426
38776,30430,28283,4.33533
38821,30397,28520,4.33639
38866,30364,28757,4.33743
38881,30353,28836,4.33815
38926,30320,29073,4.33872
38971,30287,29310,4.33976
38986,30276,29389,4.34048
39031,30243,29626,4.34106
39076,30210,29863,4.34212
39091,30199,29942,4.34285
31443,34719,29455,4.53494
31427,35831,29983,4.53961
31415,36665,30379,4.54426
39001,33583,25345,4.62595
39076,33528,25740,4.6278
39151,33473,26135,4.62966
39226,33418,26530,4.63156
31981,37780,28242,4.83598
31965,38892,28770,4.83842
32841,36505,27588,4.83934
32761,36352,27849,4.84834
31768,31427,32286,4.91854
33278,32004,29168,4.97064
33293,31993,29247,4.97151
33668,32007,29117,4.9838
33683,31996,29196,4.98449
34058,32010,29066,4.99673
34073,31999,29145,4.99746
34448,32013,29015,5.00983
34463,32002,29094,5.01053
34838,32016,28964,5.02287
34853,32005,29043,5.02358
35228,32019,28913,5.03597
35243,32008,28992,5.03694
35618,32022,28862,5.04924
35633,32011,28941,5.04995
36528,32029,28743,5.07824
36543,32018,28822,5.07895
36918,32032,28692,5.09136
36933,32021,28771,5.09208
37308,32035,28641,5.10436
37323,32024,28720,5.10506
37698,32038,28590,5.11718
37713,32027,28669,5.11795
31441,34858,29521,5.23502
31425,35970,30049,5.23781
31413,36804,30445,5.24038
32301,33583,28867,5.2413
32221,33430,29128,5.25013
31850,32901,30638,5.26675
31980,32902,30621,5.26747
31912,32871,30680,5.26802
33758,34970,27573,5.35216
33773,34959,27652,5.35295
34148,34973,27522,5.36278
34163,34962,27601,5.36348
34538,34976,27471,5.37331
34553,34965,27550,5.37404
34928,34979,27420,5.38374
34943,34968,27499,5.38443
35318,34982,27369,5.39433
35333,34971,27448,5.39505
35708,34985,27318,5.40471
35723,34974,27397,5.4054
36098,34988,27267,5.41512
36113,34977,27346,5.41585
37008,34995,27148,5.43921
37023,34984,27227,5.43992
37398,34998,27097,5.44987
37413,34987,27176,5.45066
37788,35001,27046,5.45879
37803,34990,27125,5.4595
38178,35004,26995,5.46602
38193,34993,27074,5.46673
32779,36535,27546,5.51503
32451,36502,27639,5.52331
32581,36503,27622,5.52435
32513,36472,27681,5.52523
32643,36473,27664,5.52628
32575,36442,27723,5.52715
32705,36443,27706,5.52819
32637,36412,27765,5.52908
32767,36413,27748,5.5301
32699,36382,27807,5.53101
32829,36383,27790,5.53206
32501,36350,27883,5.53298
32631,36351,27866,5.53402
32823,36322,27891,5.53492
29766,39083,32577,5.55316
29781,39072,32656,5.55388
29828,39053,32619,5.5556
29843,39042,32698,5.55628
29890,39023,32661,5.55799
29905,39012,32740,5.55868
30076,38933,32787,5.56494
30091,38922,32866,5.56562
30138,38903,32829,5.56734
30153,38892,32908,5.56804
30200,38873,32871,5.56983
30215,38862,32950,5.57054
30386,38783,32997,5.57687
30401,38772,33076,5.57757
30448,38753,33039,5.57932
30463,38742,33118,5.58001
30510,38723,33081,5.58174
30525,38712,33160,5.58247
30696,38633,33207,5.58876
30758,38603,33249,5.5911
30820,38573,33291,5.59348
31706,31457,32244,5.60268
31378,31424,32337,5.60517
31508,31425,32320,5.60588
31440,31394,32379,5.60648
31570,31395,32362,5.60722
31626,31304,32505,5.61009
31756,31305,32488,5.61081
32628,31999,29253,5.62519
32643,31988,29332,5.62598
32758,32000,29236,5.63055
32773,31989,29315,5.6313
32888,32001,29219,5.63606
32903,31990,29298,5.63683
33018,32002,29202,5.64136
33033,31991,29281,5.64211
33148,32003,29185,5.64661
33163,31992,29264,5.64733
33173,32081,28615,5.65189
33188,32070,28694,5.65267
33383,31927,29721,5.65332
33398,31916,29800,5.65407
33408,32005,29151,5.65845
33423,31994,29230,5.65915
33538,32006,29134,5.66216
33553,31995,29213,5.66288
33563,32084,28564,5.66584
33578,32073,28643,5.66652
33773,31930,29670,5.6671
33788,31919,29749,5.66783
33798,32008,29100,5.67206
33813,31997,29179,5.67277
33928,32009,29083,5.67579
33943,31998,29162,5.67648
33953,32087,28513,5.67945
33968,32076,28592,5.68016
34163,31933,29619,5.68075
34178,31922,29698,5.68149
34188,32011,29049,5.68577
34203,32000,29128,5.6865
34318,32012,29032,5.68945
34333,32001,29111,5.69013
34343,32090,28462,5.69323
34358,32079,28541,5.694
34553,31936,29568,5.69458
34568,31925,29647,5.69529
34578,32014,28998,5.69959
34593,32003,29077,5.70027
34708,32015,28981,5.7033
34723,32004,29060,5.70402
34733,32093,28411,5.707
34748,32082,28490,5.70768
34943,31939,29517,5.70829
34958,31928,29596,5.70899
34968,32017,28947,5.71314
34983,32006,29026,5.71387
35098,32018,28930,5.71676
35113,32007,29009,5.71745
35123,32096,28360,5.72037
35138,32085,28439,5.72111
35333,31942,29466,5.7217
35348,31931,29545,5.7224
35358,32020,28896,5.72653
35373,32009,28975,5.72723
35488,32021,28879,5.73013
35503,32010,28958,5.73086
35513,32099,28309,5.73383
35528,32088,28388,5.73453
35723,31945,29415,5.73515
35738,31934,29494,5.73586
35748,32023,28845,5.73998
35763,32012,28924,5.74068
35878,32024,28828,5.74362
35893,32013,28907,5.74433
36008,32025,28811,5.74724
36023,32014,28890,5.74796
36138,32026,28794,5.75084
36153,32015,28873,5.75155
36268,32027,28777,5.75472
36283,32016,28856,5.75546
36398,32028,28760,5.75836
36413,32017,28839,5.75907
36423,32106,28190,5.76202
36438,32095,28269,5.76274
36633,31952,29296,5.76334
36648,31941,29375,5.76407
36658,32030,28726,5.76821
36673,32019,28805,5.7689
36788,32031,28709,5.77183
36803,32020,28788,5.77257
36813,32109,28139,5.77555
36828,32098,28218,5.77628
37023,31955,29245,5.77686
37038,31944,29324,5.77757
37048,32033,28675,5.78068
37063,32022,28754,5.7814
37178,32034,28658,5.78443
37193,32023,28737,5.78523
37203,32112,28088,5.78876
37218,32101,28167,5.78947
37413,31958,29194,5.79008
37428,31947,29273,5.79083
37438,32036,28624,5.79266
37453,32025,28703,5.79336
37568,32037,28607,5.79511
37583,32026,28686,5.79581
37593,32115,28037,5.79879
37608,32104,28116,5.7995
37803,31961,29143,5.8001
37818,31950,29222,5.80082
32239,33613,28825,5.84545
31411,36943,30511,5.85548
31911,33580,28918,5.85647
32041,33581,28901,5.85754
31973,33550,28960,5.85843
32103,33551,28943,5.85943
32035,33520,29002,5.86031
32165,33521,28985,5.86134
32097,33490,29044,5.86222
32227,33491,29027,5.86339
32159,33460,29086,5.86431
32289,33461,29069,5.86537
31961,33428,29162,5.86631
32091,33429,29145,5.86734
32283,33400,29170,5.86824
31788,32931,30596,5.88044
31918,32932,30579,5.88123
31460,32898,30689,5.88414
31590,32899,30672,5.88492
31522,32868,30731,5.88553
31652,32869,30714,5.88627
31974,32841,30722,5.88688
31708,32778,30857,5.88927
31838,32779,30840,5.89
31894,32688,30983,5.89286
30246,42049,30982,5.90441
30261,42038,31061,5.90512
30308,42019,31024,5.90687
30323,42008,31103,5.90757
30370,41989,31066,5.90931
30385,41978,31145,5.91005
30556,41899,31192,5.91634
30571,41888,31271,5.91705
30618,41869,31234,5.91881
30633,41858,31313,5.91952
30680,41839,31276,5.92126
30695,41828,31355,5.92202
30866,41749,31402,5.92831
30928,41719,31444,5.93063
33108,34965,27658,5.94736
33123,34954,27737,5.94816
33238,34966,27641,5.95335
33253,34955,27720,5.95416
33368,34967,27624,5.95829
33383,34956,27703,5.95901
33498,34968,27607,5.96318
33513,34957,27686,5.96389
33628,34969,27590,5.96685
33643,34958,27669,5.96762
33683,35025,27178,5.97088
33698,35014,27257,5.97163
33833,34915,27968,5.97226
33848,34904,28047,5.97303
33888,34971,27556,5.97607
33903,34960,27635,5.9768
34018,34972,27539,5.97858
34033,34961,27618,5.9793
34073,35028,27127,5.98111
34088,35017,27206,5.98185
34223,34918,27917,5.98244
34238,34907,27996,5.98322
34278,34974,27505,5.98503
34293,34963,27584,5.98577
34408,34975,27488,5.98758
34423,34964,27567,5.98834
34463,35031,27076,5.99017
34478,35020,27155,5.99091
34613,34921,27866,5.99151
34628,34910,27945,5.99231
34668,34977,27454,5.99419
34683,34966,27533,5.99494
34798,34978,27437,5.99673
34813,34967,27516,5.99745
34853,35034,27025,5.99925
34868,35023,27104,5.99997
35003,34924,27815,6.00056
35018,34913,27894,6.00134
35058,34980,27403,6.00324
35073,34969,27482,6.00396
35188,34981,27386,6.00575
35203,34970,27465,6.00647
35243,35037,26974,6.00827
35258,35026,27053,6.00899
35393,34927,27764,6.00959
35408,34916,27843,6.01033
35448,34983,27352,6.01214
35463,34972,27431,6.01288
35578,34984,27335,6.01469
35593,34973,27414,6.01542
35633,35040,26923,6.01721
35648,35029,27002,6.01797
35783,34930,27713,6.01855
35798,34919,27792,6.0193
35838,34986,27301,6.02113
35853,34975,27380,6.022
35968,34987,27284,6.02379
35983,34976,27363,6.02451
36023,35043,26872,6.02633
36038,35032,26951,6.02708
36173,34933,27662,6.02767
36188,34922,27741,6.02843
36228,34989,27250,6.03021
36243,34978,27329,6.03094
36358,34990,27233,6.03281
36373,34979,27312,6.03355
36488,34991,27216,6.03536
36503,34980,27295,6.0361
36618,34992,27199,6.03789
36633,34981,27278,6.0386
36748,34993,27182,6.0404
36763,34982,27261,6.04111
36878,34994,27165,6.04296
36893,34983,27244,6.04367
36933,35050,26753,6.04547
36948,35039,26832,6.0462
37083,34940,27543,6.04681
37098,34929,27622,6.04757
37138,34996,27131,6.04934
37153,34985,27210,6.05008
37268,34997,27114,6.05191
37283,34986,27193,6.05265
37323,35053,26702,6.05446
37338,35042,26781,6.05521
37473,34943,27492,6.05579
37488,34932,27571,6.05652
37528,34999,27080,6.05832
37543,34988,27159,6.05905
37658,35000,27063,6.06083
37673,34989,27142,6.06158
37713,35056,26651,6.06341
37728,35045,26730,6.06414
37918,35002,27029,6.06711
37933,34991,27108,6.06787
38048,35003,27012,6.06964
38063,34992,27091,6.07038
38103,35059,26600,6.07215
38118,35048,26679,6.07294
32389,36532,27597,6.09345
32519,36533,27580,6.09456
32191,36500,27673,6.09735
32321,36501,27656,6.09844
32711,36504,27605,6.09938
32253,36470,27715,6.10109
32383,36471,27698,6.10218
32773,36474,27647,6.10313
32315,36440,27757,6.10485
32445,36441,27740,6.10603
32835,36444,27689,6.10697
32377,36410,27799,6.1087
32507,36411,27782,6.10975
32439,36380,27841,6.11244
32569,36381,27824,6.11358
32563,36320,27925,6.11944
32693,36321,27908,6.12063
32625,36290,27967,6.12155
32755,36291,27950,6.12264
32687,36260,28009,6.12355
32817,36261,27992,6.12459
32749,36230,28051,6.12548
32811,36200,28093,6.12737
29704,39113,32535,6.13705
29719,39102,32614,6.1379
29661,39160,32024,6.13968
29676,39149,32103,6.1404
29871,39006,33130,6.141
29886,38995,33209,6.14176
29723,39130,32066,6.14478
29738,39119,32145,6.1455
29933,38976,33172,6.14609
29785,39100,32108,6.14969
29800,39089,32187,6.1504
29995,38946,33214,6.151
29952,38993,32703,6.15485
29967,38982,32782,6.15557
30014,38963,32745,6.15741
30029,38952,32824,6.15812
29971,39010,32234,6.15993
29986,38999,32313,6.16063
30033,38980,32276,6.16361
30048,38969,32355,6.1644
30095,38950,32318,6.16732
30110,38939,32397,6.16808
30262,38843,32913,6.17123
30277,38832,32992,6.17203
30324,38813,32955,6.1739
30339,38802,33034,6.17466
30281,38860,32444,6.17645
30296,38849,32523,6.17717
30343,38830,32486,6.1801
30358,38819,32565,6.18083
30405,38800,32528,6.1838
30420,38789,32607,6.18459
30572,38693,33123,6.18765
30587,38682,33202,6.18842
30634,38663,33165,6.19017
30591,38710,32654,6.19265
30606,38699,32733,6.19346
30653,38680,32696,6.19525
30668,38669,32775,6.196
30715,38650,32738,6.19775
30730,38639,32817,6.1985
30882,38543,33333,6.20029
30901,38560,32864,6.20496
31316,31454,32295,6.20738
31446,31455,32278,6.20815
31118,31422,32371,6.20981
31248,31423,32354,6.21061
31638,31426,32303,6.21127
31180,31392,32413,6.21243
31310,31393,32396,6.21325
31700,31396,32345,6.21388
31502,31364,32421,6.21501
31632,31365,32404,6.21579
31564,31334,32463,6.21642
31694,31335,32446,6.21725
31366,31302,32539,6.21791
31496,31303,32522,6.2187
31688,31274,32547,6.22034
31750,31244,32589,6.22166
31552,31212,32665,6.22296
31682,31213,32648,6.22373
31738,31122,32791,6.22668
32498,31998,29270,6.23023
32513,31987,29349,6.23099
32523,32076,28700,6.23576
32538,32065,28779,6.23657
32733,31922,29806,6.23727
32748,31911,29885,6.23802
32653,32077,28683,6.24244
32668,32066,28762,6.24319
32863,31923,29789,6.24383
32878,31912,29868,6.24458
32783,32078,28666,6.24893
32798,32067,28745,6.24969
32993,31924,29772,6.25035
33008,31913,29851,6.25113
32913,32079,28649,6.25558
32928,32068,28728,6.25636
33123,31925,29755,6.25701
33138,31914,29834,6.25776
33043,32080,28632,6.26217
33058,32069,28711,6.26292
33253,31926,29738,6.26358
33268,31915,29817,6.26435
33128,32114,28378,6.26872
33143,32103,28457,6.26947
33233,32037,28931,6.27008
33248,32026,29010,6.27096
33338,31960,29484,6.27164
33353,31949,29563,6.27244
33303,32082,28598,6.27801
33318,32071,28677,6.27878
33513,31928,29704,6.27943
33528,31917,29783,6.28018
33433,32083,28581,6.28349
33448,32072,28660,6.28427
33643,31929,29687,6.28518
33658,31918,29766,6.28651
33518,32117,28327,6.28964
33533,32106,28406,6.2904
33623,32040,28880,6.29105
33638,32029,28959,6.29179
33728,31963,29433,6.29247
33743,31952,29512,6.29323
33693,32085,28547,6.29868
33708,32074,28626,6.29943
33903,31931,29653,6.30005
33918,31920,29732,6.30082
33823,32086,28530,6.30428
33838,32075,28609,6.30507
34033,31932,29636,6.30571
34048,31921,29715,6.30647
33908,32120,28276,6.30957
33923,32109,28355,6.31036
34013,32043,28829,6.31098
34028,32032,28908,6.31174
34118,31966,29382,6.31243
34133,31955,29461,6.31324
34083,32088,28496,6.31765
34098,32077,28575,6.31846
34293,31934,29602,6.3191
34308,31923,29681,6.31987
34213,32089,28479,6.32295
34228,32078,28558,6.3237
34423,31935,29585,6.32431
34438,31924,29664,6.32507
34298,32123,28225,6.32815
34313,32112,28304,6.32893
34403,32046,28778,6.32954
34418,32035,28857,6.3303
34508,31969,29331,6.331
34523,31958,29410,6.33178
34473,32091,28445,6.33494
34488,32080,28524,6.33569
34683,31937,29551,6.33632
34698,31926,29630,6.33708
34603,32092,28428,6.33893
34618,32081,28507,6.33965
34813,31938,29534,6.3403
34828,31927,29613,6.34106
34688,32126,28174,6.34416
34703,32115,28253,6.3449
34793,32049,28727,6.34551
34808,32038,28806,6.34626
34898,31972,29280,6.34693
34913,31961,29359,6.3477
34863,32094,28394,6.34949
34878,32083,28473,6.35027
35073,31940,29500,6.35092
35088,31929,29579,6.35167
34993,32095,28377,6.35241
35008,32084,28456,6.35319
35203,31941,29483,6.35383
35218,31930,29562,6.35459
35078,32129,28123,6.35529
35093,32118,28202,6.35603
35183,32052,28676,6.35663
35198,32041,28755,6.35741
35288,31975,29229,6.3581
35303,31964,29308,6.35897
35253,32097,28343,6.36086
35268,32086,28422,6.36159
35463,31943,29449,6.36224
35478,31932,29528,6.363
35383,32098,28326,6.36364
35398,32087,28405,6.3644
35593,31944,29432,6.36504
35608,31933,29511,6.36585
35468,32132,28072,6.36654
35483,32121,28151,6.36728
35573,32055,28625,6.36791
35588,32044,28704,6.36866
35678,31978,29178,6.36934
35693,31967,29257,6.37011
35643,32100,28292,6.37196
35658,32089,28371,6.37273
35853,31946,29398,6.37342
35868,31935,29477,6.37421
35773,32101,28275,6.37487
35788,32090,28354,6.37558
35983,31947,29381,6.3762
35998,31936,29460,6.37697
35903,32102,28258,6.37765
35918,32091,28337,6.37839
36113,31948,29364,6.37904
36128,31937,29443,6.37984
36033,32103,28241,6.38054
36048,32092,28320,6.38127
36243,31949,29347,6.38193
36258,31938,29426,6.38267
36163,32104,28224,6.38337
36178,32093,28303,6.38416
36373,31950,29330,6.3848
36388,31939,29409,6.38557
36293,32105,28207,6.38625
36308,32094,28286,6.387
36503,31951,29313,6.38764
36518,31940,29392,6.38849
36378,32139,27953,6.38919
36393,32128,28032,6.38993
36483,32062,28506,6.39058
36498,32051,28585,6.39139
36588,31985,29059,6.39214
36603,31974,29138,6.39295
36553,32107,28173,6.39482
36568,32096,28252,6.39559
36763,31953,29279,6.39624
36778,31942,29358,6.39713
36683,32108,28156,6.39785
36698,32097,28235,6.3986
36893,31954,29262,6.39926
36908,31943,29341,6.40008
36768,32142,27902,6.4008
36783,32131,27981,6.40157
36873,32065,28455,6.40221
36888,32054,28534,6.40301
36978,31988,29008,6.40364
36993,31977,29087,6.40442
36943,32110,28122,6.40624
36958,32099,28201,6.40699
37153,31956,29228,6.40764
37168,31945,29307,6.4084
37073,32111,28105,6.40905
37088,32100,28184,6.40978
37283,31957,29211,6.41039
37298,31946,29290,6.41116
37158,32145,27851,6.41188
37173,32134,27930,6.41263
37263,32068,28404,6.41328
37278,32057,28483,6.41413
37368,31991,28957,6.4148
37383,31980,29036,6.41556
37333,32113,28071,6.4174
37348,32102,28150,6.41814
37543,31959,29177,6.41876
37558,31948,29256,6.41951
37463,32114,28054,6.42017
37478,32103,28133,6.42098
37673,31960,29160,6.42159
37688,31949,29239,6.4224
37548,32148,27800,6.42309
37563,32137,27879,6.42384
37653,32071,28353,6.42449
37668,32060,28432,6.4253
37758,31994,28906,6.42594
37773,31983,28985,6.4267
31849,33610,28876,6.44922
31979,33611,28859,6.45038
31651,33578,28952,6.45669
31781,33579,28935,6.45776
32171,33582,28884,6.45869
31713,33548,28994,6.46042
31843,33549,28977,6.46151
32233,33552,28926,6.46243
31775,33518,29036,6.46418
31905,33519,29019,6.46526
32295,33522,28968,6.46619
31837,33488,29078,6.46795
31967,33489,29061,6.46927
31899,33458,29120,6.47183
32029,33459,29103,6.47363
32023,33398,29204,6.47902
32153,33399,29187,6.48009
32085,33368,29246,6.48109
32215,33369,29229,6.48222
32147,33338,29288,6.48313
32277,33339,29271,6.48433
32209,33308,29330,6.48539
32271,33278,29372,6.48734
31398,32928,30647,6.49208
31528,32929,30630,6.49304
31330,32897,30706,6.49591
31720,32900,30655,6.49709
31392,32867,30748,6.49825
31782,32870,30697,6.49941
31584,32838,30773,6.50059
31714,32839,30756,6.50162
31646,32808,30815,6.5023
31776,32809,30798,6.50311
31578,32777,30874,6.50379
31968,32780,30823,6.50498
31770,32748,30899,6.50613
31900,32749,30882,6.50694
31832,32718,30941,6.50759
31962,32719,30924,6.50842
31764,32687,31000,6.50911
31956,32658,31025,6.51028
31950,32597,31126,6.51289
30184,42079,30940,6.51883
30199,42068,31019,6.51962
30171,42104,30587,6.52146
30186,42093,30666,6.52229
30321,41994,31377,6.52297
30336,41983,31456,6.52374
30233,42074,30629,6.52675
30248,42063,30708,6.52751
30383,41964,31419,6.52814
30295,42044,30671,6.53063
30310,42033,30750,6.53144
30445,41934,31461,6.53207
30432,41959,31108,6.53485
30447,41948,31187,6.53564
30494,41929,31150,6.53749
30509,41918,31229,6.53827
30481,41954,30797,6.54012
30496,41943,30876,6.54091
30543,41924,30839,6.54395
30558,41913,30918,6.54474
30605,41894,30881,6.5477
30620,41883,30960,6.54847
30742,41809,31318,6.55148
30757,41798,31397,6.55231
30804,41779,31360,6.55419
30819,41768,31439,6.55495
30791,41804,31007,6.5568
30806,41793,31086,6.55758
30853,41774,31049,6.55947
30868,41763,31128,6.56023
30915,41744,31091,6.56206
30930,41733,31170,6.56284
31101,41654,31217,6.56976
31116,41643,31296,6.57059
32978,34964,27675,6.57246
32993,34953,27754,6.57331
33033,35020,27263,6.57773
33048,35009,27342,6.57853
33183,34910,28053,6.57927
33198,34899,28132,6.58004
33163,35021,27246,6.58324
33178,35010,27325,6.58408
33313,34911,28036,6.58478
33328,34900,28115,6.58556
33293,35022,27229,6.5887
33308,35011,27308,6.58948
33443,34912,28019,6.59017
33458,34901,28098,6.59095
33423,35023,27212,6.593
33438,35012,27291,6.59382
33573,34913,28002,6.59452
33588,34902,28081,6.59531
33553,35024,27195,6.59725
33568,35013,27274,6.59804
33703,34914,27985,6.59875
33718,34903,28064,6.59955
33653,35047,27020,6.60152
33668,35036,27099,6.60235
33728,34992,27415,6.60302
33743,34981,27494,6.60381
33803,34937,27810,6.60449
33818,34926,27889,6.60531
33813,35026,27161,6.60722
33828,35015,27240,6.60803
33963,34916,27951,6.60869
33978,34905,28030,6.60948
33943,35027,27144,6.61015
33958,35016,27223,6.61095
34093,34917,27934,6.61162
34108,34906,28013,6.61246
34043,35050,26969,6.61315
34058,35039,27048,6.61402
34118,34995,27364,6.61467
34133,34984,27443,6.61552
34193,34940,27759,6.6162
34208,34929,27838,6.61702
34203,35029,27110,6.61972
34218,35018,27189,6.62061
34353,34919,27900,6.62126
34368,34908,27979,6.62209
34333,35030,27093,6.62279
34348,35019,27172,6.62372
34483,34920,27883,6.62438
34498,34909,27962,6.62519
34433,35053,26918,6.62587
34448,35042,26997,6.62667
34508,34998,27313,6.62731
34523,34987,27392,6.6281
34583,34943,27708,6.62881
34598,34932,27787,6.62968
34593,35032,27059,6.63156
34608,35021,27138,6.63241
34743,34922,27849,6.63312
34758,34911,27928,6.63403
34723,35033,27042,6.63493
34738,35022,27121,6.63598
34873,34923,27832,6.63664
34888,34912,27911,6.6375
34823,35056,26867,6.63817
34838,35045,26946,6.63897
34898,35001,27262,6.63961
34913,34990,27341,6.64041
34973,34946,27657,6.6411
34988,34935,27736,6.6419
34983,35035,27008,6.64376
34998,35024,27087,6.64455
35133,34925,27798,6.64525
35148,34914,27877,6.64606
35113,35036,26991,6.64675
35128,35025,27070,6.64756
35263,34926,27781,6.64821
35278,34915,27860,6.64903
35213,35059,26816,6.64974
35228,35048,26895,6.65059
35288,35004,27211,6.65127
35303,34993,27290,6.65228
35363,34949,27606,6.65303
35378,34938,27685,6.65386
35373,35038,26957,6.65574
35388,35027,27036,6.65653
35523,34928,27747,6.65719
35538,34917,27826,6.658
35503,35039,26940,6.65866
35518,35028,27019,6.65947
35653,34929,27730,6.66011
35668,34918,27809,6.66095
35603,35062,26765,6.66162
35618,35051,26844,6.66246
35678,35007,27160,6.66312
35693,34996,27239,6.66401
35753,34952,27555,6.66469
35768,34941,27634,6.66551
35763,35041,26906,6.66742
35778,35030,26985,6.66823
35913,34931,27696,6.66888
35928,34920,27775,6.66967
35893,35042,26889,6.67034
35908,35031,26968,6.67114
36043,34932,27679,6.67181
36058,34921,27758,6.67264
35993,35065,26714,6.67334
36008,35054,26793,6.67421
36068,35010,27109,6.67487
36083,34999,27188,6.67567
36143,34955,27504,6.67636
36158,34944,27583,6.67718
36153,35044,26855,6.67904
36168,35033,26934,6.67981
36303,34934,27645,6.68045
36318,34923,27724,6.68132
36283,35045,26838,6.68201
36298,35034,26917,6.6828
36433,34935,27628,6.68346
36448,34924,27707,6.68431
36413,35046,26821,6.685
36428,35035,26900,6.68577
36563,34936,27611,6.6864
36578,34925,27690,6.6872
36543,35047,26804,6.68789
36558,35036,26883,6.68866
36693,34937,27594,6.68931
36708,34926,27673,6.69014
36673,35048,26787,6.69083
36688,35037,26866,6.69167
36823,34938,27577,6.69242
36838,34927,27656,6.69334
36803,35049,26770,6.69411
36818,35038,26849,6.69488
36953,34939,27560,6.69552
36968,34928,27639,6.69636
36903,35072,26595,6.69705
36918,35061,26674,6.69782
36978,35017,26990,6.69848
36993,35006,27069,6.69932
37053,34962,27385,6.70005
37068,34951,27464,6.70087
37063,35051,26736,6.70296
37078,35040,26815,6.70375
37213,34941,27526,6.70444
37228,34930,27605,6.70525
37193,35052,26719,6.70594
37208,35041,26798,6.70672
37343,34942,27509,6.70742
37358,34931,27588,6.70825
37293,35075,26544,6.70899
37308,35064,26623,6.70977
37368,35020,26939,6.71043
37383,35009,27018,6.71126
37443,34965,27334,6.71199
37458,34954,27413,6.71283
37453,35054,26685,6.71478
37468,35043,26764,6.71559
37583,35055,26668,6.71748
37598,35044,26747,6.71826
37683,35078,26493,6.72028
37698,35067,26572,6.72106
37758,35023,26888,6.72175
37773,35012,26967,6.72261
37843,35057,26634,6.72449
37858,35046,26713,6.72528
37973,35058,26617,6.72715
37988,35047,26696,6.72793
38073,35081,26442,6.72989
38088,35070,26521,6.73065
38148,35026,26837,6.73135
38163,35015,26916,6.7322
32129,36530,27631,6.75354
32259,36531,27614,6.75476
32649,36534,27563,6.75579
30878,34565,37261,6.79653
29642,39143,32493,6.79966
29657,39132,32572,6.80052
29599,39190,31982,6.80295
29614,39179,32061,6.80377
29809,39036,33088,6.80442
29824,39025,33167,6.80526
29616,39193,31787,6.80715
29631,39182,31866,6.80795
29721,39116,32340,6.80859
29736,39105,32419,6.8094
29826,39039,32893,6.81006
29841,39028,32972,6.8109
29678,39163,31829,6.81405
29693,39152,31908,6.81485
29783,39086,32382,6.81553
29798,39075,32461,6.81639
29888,39009,32935,6.81718
29903,38998,33014,6.81805
29740,39133,31871,6.81993
29755,39122,31950,6.82072
29845,39056,32424,6.82139
29860,39045,32503,6.82224
29950,38979,32977,6.82295
29965,38968,33056,6.82377
29847,39070,32150,6.82691
29862,39059,32229,6.8277
29909,39040,32192,6.83196
29924,39029,32271,6.83281
29926,39043,31997,6.83594
29941,39032,32076,6.83672
30031,38966,32550,6.83737
30046,38955,32629,6.83818
30136,38889,33103,6.83884
30151,38878,33182,6.83965
29988,39013,32039,6.84154
30003,39002,32118,6.84234
30093,38936,32592,6.84302
30108,38925,32671,6.84382
30198,38859,33145,6.84458
30050,38983,32081,6.84716
30065,38972,32160,6.84794
30155,38906,32634,6.8486
30170,38895,32713,6.84944
30260,38829,33187,6.85015
30157,38920,32360,6.8528
30172,38909,32439,6.85364
30219,38890,32402,6.85673
30234,38879,32481,6.85756
30236,38893,32207,6.8606
30251,38882,32286,6.86139
30341,38816,32760,6.86213
30356,38805,32839,6.86291
30298,38863,32249,6.86596
30313,38852,32328,6.86679
30403,38786,32802,6.86745
30418,38775,32881,6.86825
30360,38833,32291,6.87139
30375,38822,32370,6.87222
30465,38756,32844,6.87292
30480,38745,32923,6.87377
30467,38770,32570,6.87681
30482,38759,32649,6.87761
30529,38740,32612,6.8807
30544,38729,32691,6.88153
30546,38743,32417,6.8836
30561,38732,32496,6.88444
30651,38666,32970,6.88519
30666,38655,33049,6.886
30608,38713,32459,6.88788
30623,38702,32538,6.88869
30713,38636,33012,6.88937
30728,38625,33091,6.89019
30670,38683,32501,6.89215
30685,38672,32580,6.89296
30775,38606,33054,6.89365
30790,38595,33133,6.8945
30777,38620,32780,6.89645
30792,38609,32859,6.89723
30839,38590,32822,6.89913
30854,38579,32901,6.89993
30856,38593,32627,6.90187
30871,38582,32706,6.90269
31056,31452,32329,6.90459
31186,31453,32312,6.9055
31576,31456,32261,6.90623
31242,31362,32455,6.91251
31372,31363,32438,6.91344
31762,31366,32387,6.91416
31304,31332,32497,6.91537
31434,31333,32480,6.91625
31428,31272,32581,6.92065
31558,31273,32564,6.92152
31490,31242,32623,6.92224
31620,31243,32606,6.92315
31614,31182,32707,6.92558
31744,31183,32690,6.92646
31676,31152,32749,6.92716
32393,32075,28717,6.93186
32408,32064,28796,6.93271
32603,31921,29823,6.9335
32618,31910,29902,6.93443
32478,32109,28463,6.93909
32493,32098,28542,6.93996
32583,32032,29016,6.94073
32598,32021,29095,6.94155
32688,31955,29569,6.94236
32703,31944,29648,6.94321
32608,32110,28446,6.94913
32623,32099,28525,6.94996
32713,32033,28999,6.95096
32728,32022,29078,6.95283
32818,31956,29552,6.95377
32833,31945,29631,6.9546
32738,32111,28429,6.96044
32753,32100,28508,6.96126
32843,32034,28982,6.96204
32858,32023,29061,6.96285
32948,31957,29535,6.96364
32963,31946,29614,6.96447
32868,32112,28412,6.9709
32883,32101,28491,6.97176
32973,32035,28965,6.97256
32988,32024,29044,6.97345
33078,31958,29518,6.97423
33093,31947,29597,6.97507
32998,32113,28395,6.98119
33013,32102,28474,6.98203
33103,32036,28948,6.98278
33118,32025,29027,6.98368
33208,31959,29501,6.98448
33223,31948,29580,6.98531
33098,32136,28220,6.99125
33113,32125,28299,6.99214
33158,32092,28536,6.99287
33203,32059,28773,6.99415
33218,32048,28852,6.99502
33263,32015,29089,6.99572
33308,31982,29326,6.99693
33323,31971,29405,6.9978
33368,31938,29642,6.9985
33258,32115,28361,7.00079
33273,32104,28440,7.00163
33363,32038,28914,7.00234
33378,32027,28993,7.00319
33468,31961,29467,7.00389
33483,31950,29546,7.00473
33388,32116,28344,7.0067
33403,32105,28423,7.00754
33493,32039,28897,7.00823
33508,32028,28976,7.00907
33598,31962,29450,7.00979
33613,31951,29529,7.01061
33488,32139,28169,7.01269
33503,32128,28248,7.01358
33548,32095,28485,7.01429
33593,32062,28722,7.01548
33608,32051,28801,7.01633
33653,32018,29038,7.01705
33698,31985,29275,7.01825
33713,31974,29354,7.01911
33758,31941,29591,7.01981
33648,32118,28310,7.02213
33663,32107,28389,7.02301
33753,32041,28863,7.02376
33768,32030,28942,7.0246
33858,31964,29416,7.0253
33873,31953,29495,7.02613
33778,32119,28293,7.02825
33793,32108,28372,7.02908
33883,32042,28846,7.0298
33898,32031,28925,7.03063
33988,31965,29399,7.03134
34003,31954,29478,7.03224
33878,32142,28118,7.03434
33893,32131,28197,7.03522
33938,32098,28434,7.03592
33983,32065,28671,7.03712
33998,32054,28750,7.03798
34043,32021,28987,7.03867
34088,31988,29224,7.03987
34103,31977,29303,7.04075
34148,31944,29540,7.04143
34038,32121,28259,7.04373
34053,32110,28338,7.04459
34143,32044,28812,7.04529
34158,32033,28891,7.0461
34248,31967,29365,7.04679
34263,31956,29444,7.04764
34168,32122,28242,7.04957
34183,32111,28321,7.05046
34273,32045,28795,7.05125
34288,32034,28874,7.05218
34378,31968,29348,7.05296
34393,31957,29427,7.05382
34268,32145,28067,7.0558
34283,32134,28146,7.05664
34328,32101,28383,7.05731
34373,32068,28620,7.05852
34388,32057,28699,7.05935
34433,32024,28936,7.06005
34478,31991,29173,7.06124
34493,31980,29252,7.06214
34538,31947,29489,7.06285
34428,32124,28208,7.06506
34443,32113,28287,7.06591
34533,32047,28761,7.06668
34548,32036,28840,7.06753
34638,31970,29314,7.06827
34653,31959,29393,7.06911
34558,32125,28191,7.07114
34573,32114,28270,7.07202
34663,32048,28744,7.07276
34678,32037,28823,7.07382
34768,31971,29297,7.07456
34783,31960,29376,7.07541
34658,32148,28016,7.07736
34673,32137,28095,7.07818
34718,32104,28332,7.07887
34763,32071,28569,7.08007
34778,32060,28648,7.08089
34823,32027,28885,7.08162
34868,31994,29122,7.08284
34883,31983,29201,7.08377
34928,31950,29438,7.08449
34818,32127,28157,7.08669
34833,32116,28236,7.08752
34923,32050,28710,7.08826
34938,32039,28789,7.08911
35028,31973,29263,7.08983
35043,31962,29342,7.09066
34948,32128,28140,7.09268
34963,32117,28219,7.09355
35053,32051,28693,7.09435
35068,32040,28772,7.09522
35158,31974,29246,7.09591
35173,31963,29325,7.09676
35048,32151,27965,7.09871
35063,32140,28044,7.09954
35108,32107,28281,7.10028
35153,32074,28518,7.10149
35168,32063,28597,7.10234
35213,32030,28834,7.10307
35258,31997,29071,7.10425
35273,31986,29150,7.10509
35318,31953,29387,7.10581
35208,32130,28106,7.10801
35223,32119,28185,7.10886
35313,32053,28659,7.10957
35328,32042,28738,7.1104
35418,31976,29212,7.11111
35433,31965,29291,7.11203
35338,32131,28089,7.11416
35353,32120,28168,7.11503
35443,32054,28642,7.11575
35458,32043,28721,7.11662
35548,31977,29195,7.11738
35563,31966,29274,7.11867
35438,32154,27914,7.1213
35453,32143,27993,7.12218
35498,32110,28230,7.12289
35543,32077,28467,7.12409
35558,32066,28546,7.12495
35603,32033,28783,7.12565
35648,32000,29020,7.12681
35663,31989,29099,7.12767
35708,31956,29336,7.12837
35598,32133,28055,7.13062
35613,32122,28134,7.13153
35703,32056,28608,7.13228
35718,32045,28687,7.13324
35808,31979,29161,7.13426
35823,31968,29240,7.13562
35728,32134,28038,7.13765
35743,32123,28117,7.13848
35833,32057,28591,7.13917
35848,32046,28670,7.14002
35938,31980,29144,7.14073
35953,31969,29223,7.14158
35858,32135,28021,7.14362
35873,32124,28100,7.14446
35963,32058,28574,7.14522
35978,32047,28653,7.14607
36068,31981,29127,7.14684
36083,31970,29206,7.14776
35988,32136,28004,7.14991
36003,32125,28083,7.15078
36093,32059,28557,7.15151
36108,32048,28636,7.15237
36198,31982,29110,7.15316
36213,31971,29189,7.15404
36118,32137,27987,7.15612
36133,32126,28066,7.15694
36223,32060,28540,7.15763
36238,32049,28619,7.1585
36328,31983,29093,7.15922
36343,31972,29172,7.16005
36248,32138,27970,7.16203
36263,32127,28049,7.16286
36353,32061,28523,7.16358
36368,32050,28602,7.16442
36458,31984,29076,7.16515
36473,31973,29155,7.16597
36348,32161,27795,7.16804
36363,32150,27874,7.16887
36408,32117,28111,7.16958
36453,32084,28348,7.17089
36468,32073,28427,7.17178
36513,32040,28664,7.17252
36558,32007,28901,7.17384
36573,31996,28980,7.17485
36618,31963,29217,7.1756
36508,32140,27936,7.1788
36523,32129,28015,7.17966
36613,32063,28489,7.18038
36628,32052,28568,7.18125
36718,31986,29042,7.18197
36733,31975,29121,7.18281
36638,32141,27919,7.18482
36653,32130,27998,7.18564
36743,32064,28472,7.18645
36758,32053,28551,7.1873
36848,31987,29025,7.18801
36863,31976,29104,7.18887
36738,32164,27744,7.19088
36753,32153,27823,7.19172
36798,32120,28060,7.19248
36843,32087,28297,7.19372
36858,32076,28376,7.19461
36903,32043,28613,7.19532
36948,32010,28850,7.19651
36963,31999,28929,7.19736
37008,31966,29166,7.19807
36898,32143,27885,7.20033
36913,32132,27964,7.2014
37003,32066,28438,7.20218
37018,32055,28517,7.20304
37108,31989,28991,7.20376
37123,31978,29070,7.20458
37028,32144,27868,7.20653
37043,32133,27947,7.2074
37133,32067,28421,7.20809
37148,32056,28500,7.20897
37238,31990,28974,7.20969
37253,31979,29053,7.2105
37128,32167,27693,7.2125
37143,32156,27772,7.2134
37188,32123,28009,7.21415
37233,32090,28246,7.21543
37248,32079,28325,7.2163
37293,32046,28562,7.21718
37338,32013,28799,7.21869
37353,32002,28878,7.21957
37398,31969,29115,7.22032
37288,32146,27834,7.2226
37303,32135,27913,7.22345
37393,32069,28387,7.22422
37408,32058,28466,7.22509
37498,31992,28940,7.22587
37513,31981,29019,7.22669
37418,32147,27817,7.22872
37433,32136,27896,7.22952
37523,32070,28370,7.23027
37538,32059,28449,7.23117
37628,31993,28923,7.23204
37643,31982,29002,7.23291
37518,32170,27642,7.23525
37533,32159,27721,7.23609
37578,32126,27958,7.23686
37623,32093,28195,7.23823
37638,32082,28274,7.23906
37683,32049,28511,7.23977
37728,32016,28748,7.24107
37743,32005,28827,7.2419
37788,31972,29064,7.24269
37859,31965,28298,7.25185
37874,31954,28377,7.2528
37921,31935,28340,7.25367
37936,31924,28419,7.25453
38107,31845,28466,7.25765
38122,31834,28545,7.25847
38293,31755,28592,7.26153
38308,31744,28671,7.26239
31589,33608,28910,7.26963
31719,33609,28893,7.27095
32109,33612,28842,7.27202
31268,32927,30664,7.31259
31658,32930,30613,7.31415
31454,32837,30790,7.31979
31844,32840,30739,7.32131
31516,32807,30832,7.3226
31906,32810,30781,7.32388
31640,32747,30916,7.32679
31702,32717,30958,7.32907
31826,32657,31042,7.33226
31888,32627,31084,7.33362
30122,42109,30898,7.33776
30137,42098,30977,7.33859
30109,42134,30545,7.34053
30124,42123,30624,7.34136
30259,42024,31335,7.34204
30274,42013,31414,7.34289
30141,42126,30429,7.34488
30156,42115,30508,7.34569
30216,42071,30824,7.34643
30231,42060,30903,7.3473
30291,42016,31219,7.34804
30306,42005,31298,7.34891
30203,42096,30471,7.351
30218,42085,30550,7.35186
30278,42041,30866,7.35261
30293,42030,30945,7.35355
30353,41986,31261,7.35428
30368,41975,31340,7.35516
30265,42066,30513,7.35589
30280,42055,30592,7.35673
30340,42011,30908,7.35749
30355,42000,30987,7.35835
30415,41956,31303,7.35903
30430,41945,31382,7.35991
30357,42014,30713,7.36066
30372,42003,30792,7.36148
30419,41984,30755,7.36466
30434,41973,30834,7.36552
30451,41976,30639,7.36865
30466,41965,30718,7.36949
30526,41921,31034,7.37019
30541,41910,31113,7.37106
30601,41866,31429,7.37182
30513,41946,30681,7.3733
30528,41935,30760,7.3742
30588,41891,31076,7.37494
30603,41880,31155,7.3759
30575,41916,30723,7.37776
30590,41905,30802,7.37857
30650,41861,31118,7.3793
30665,41850,31197,7.38021
30667,41864,30923,7.38217
30682,41853,31002,7.38304
30729,41834,30965,7.38619
30744,41823,31044,7.38705
30761,41826,30849,7.39016
30776,41815,30928,7.39095
30836,41771,31244,7.39165
30851,41760,31323,7.3926
30823,41796,30891,7.39342
30838,41785,30970,7.39425
30898,41741,31286,7.39499
30913,41730,31365,7.3959
30885,41766,30933,7.3966
30900,41755,31012,7.3974
30960,41711,31328,7.39818
30975,41700,31407,7.39916
30977,41714,31133,7.39992
30992,41703,31212,7.40078
31039,41684,31175,7.40276
31054,41673,31254,7.40358
31071,41676,31059,7.40552
31086,41665,31138,7.40632
32903,35019,27280,7.40943
32918,35008,27359,7.41029
33053,34909,28070,7.41102
33068,34898,28149,7.41187
33003,35042,27105,7.41537
33018,35031,27184,7.41624
33078,34987,27500,7.41706
33093,34976,27579,7.41791
33153,34932,27895,7.41869
33168,34921,27974,7.41956
33133,35043,27088,7.4218
33148,35032,27167,7.42269
33208,34988,27483,7.42347
33223,34977,27562,7.42433
33283,34933,27878,7.42513
33298,34922,27957,7.426
33263,35044,27071,7.42802
33278,35033,27150,7.4289
33338,34989,27466,7.42966
33353,34978,27545,7.43053
33413,34934,27861,7.43131
33428,34923,27940,7.43222
33393,35045,27054,7.43439
33408,35034,27133,7.43533
33468,34990,27449,7.43611
33483,34979,27528,7.43696
33543,34935,27844,7.43776
33558,34924,27923,7.43864
33523,35046,27037,7.44081
33538,35035,27116,7.44176
33598,34991,27432,7.4426
33613,34980,27511,7.4435
33673,34936,27827,7.44429
33688,34925,27906,7.44514
33638,35058,26941,7.4472
33713,35003,27336,7.44946
33788,34948,27731,7.45222
33783,35048,27003,7.4555
33798,35037,27082,7.45638
33858,34993,27398,7.45711
33873,34982,27477,7.45795
33933,34938,27793,7.45873
33948,34927,27872,7.4596
33913,35049,26986,7.46154
33928,35038,27065,7.46243
33988,34994,27381,7.46321
34003,34983,27460,7.46408
34063,34939,27776,7.4649
34078,34928,27855,7.46577
34028,35061,26890,7.46827
34103,35006,27285,7.47048
34178,34951,27680,7.47259
34173,35051,26952,7.4759
34188,35040,27031,7.47681
34248,34996,27347,7.47756
34263,34985,27426,7.47843
34323,34941,27742,7.47915
34338,34930,27821,7.48002
34303,35052,26935,7.48207
34318,35041,27014,7.48308
34378,34997,27330,7.48393
34393,34986,27409,7.48491
34453,34942,27725,7.48568
34468,34931,27804,7.48655
34418,35064,26839,7.48857
34493,35009,27234,7.4906
34568,34954,27629,7.49273
34563,35054,26901,7.49591
34578,35043,26980,7.49683
34638,34999,27296,7.49758
34653,34988,27375,7.49846
34713,34944,27691,7.49919
34728,34933,27770,7.50017
34693,35055,26884,7.50218
34708,35044,26963,7.50312
34768,35000,27279,7.50389
34783,34989,27358,7.50478
34843,34945,27674,7.5056
34858,34934,27753,7.50648
34808,35067,26788,7.5085
34883,35012,27183,7.51054
34958,34957,27578,7.51265
34953,35057,26850,7.51577
34968,35046,26929,7.51671
35028,35002,27245,7.51749
35043,34991,27324,7.51836
35103,34947,27640,7.51908
35118,34936,27719,7.51995
35083,35058,26833,7.52204
35098,35047,26912,7.52297
35158,35003,27228,7.52372
35173,34992,27307,7.52462
35233,34948,27623,7.52535
35248,34937,27702,7.52623
35198,35070,26737,7.52829
35273,35015,27132,7.53036
35348,34960,27527,7.53245
35343,35060,26799,7.53562
35358,35049,26878,7.53657
35418,35005,27194,7.5373
35433,34994,27273,7.53816
35493,34950,27589,7.53889
35508,34939,27668,7.53978
35473,35061,26782,7.54177
35488,35050,26861,7.54269
35548,35006,27177,7.54356
35563,34995,27256,7.54445
35623,34951,27572,7.54519
35638,34940,27651,7.54608
35588,35073,26686,7.54816
35663,35018,27081,7.55025
35738,34963,27476,7.55241
35733,35063,26748,7.55558
35748,35052,26827,7.55651
35808,35008,27143,7.55724
35823,34997,27222,7.55811
35883,34953,27538,7.55883
35898,34942,27617,7.5597
35863,35064,26731,7.56166
35878,35053,26810,7.56259
35938,35009,27126,7.56337
35953,34998,27205,7.5644
36013,34954,27521,7.56512
36028,34943,27600,7.56607
35978,35076,26635,7.56816
36053,35021,27030,7.57025
36128,34966,27425,7.57234
36123,35066,26697,7.5755
36138,35055,26776,7.57644
36198,35011,27092,7.5772
36213,35000,27171,7.57807
36273,34956,27487,7.57881
36288,34945,27566,7.57968
36253,35067,26680,7.58165
36268,35056,26759,7.58257
36328,35012,27075,7.58343
36343,35001,27154,7.58434
36403,34957,27470,7.58511
36418,34946,27549,7.58595
36383,35068,26663,7.58794
36398,35057,26742,7.5888
36458,35013,27058,7.58949
36473,35002,27137,7.59039
36533,34958,27453,7.59113
36548,34947,27532,7.59202
36513,35069,26646,7.5941
36528,35058,26725,7.59501
36588,35014,27041,7.59575
36603,35003,27120,7.59663
36663,34959,27436,7.59737
36678,34948,27515,7.59823
36643,35070,26629,7.60027
36658,35059,26708,7.60116
36718,35015,27024,7.60199
36733,35004,27103,7.6029
36793,34960,27419,7.60365
36808,34949,27498,7.60451
36773,35071,26612,7.6065
36788,35060,26691,7.6074
36848,35016,27007,7.60818
36863,35005,27086,7.60907
36923,34961,27402,7.60988
36938,34950,27481,7.61077
36888,35083,26516,7.61285
36963,35028,26911,7.61501
37038,34973,27306,7.61741
37033,35073,26578,7.62128
37048,35062,26657,7.62222
37108,35018,26973,7.62299
37123,35007,27052,7.62385
37183,34963,27368,7.62458
37198,34952,27447,7.62542
37163,35074,26561,7.62746
37178,35063,26640,7.62829
37238,35019,26956,7.62904
37253,35008,27035,7.62998
37313,34964,27351,7.63079
37328,34953,27430,7.63165
37278,35086,26465,7.63457
37353,35031,26860,7.63674
37428,34976,27255,7.63878
37423,35076,26527,7.64194
37438,35065,26606,7.64282
37498,35021,26922,7.64358
37513,35010,27001,7.64443
37573,34966,27317,7.64521
37588,34955,27396,7.64606
37553,35077,26510,7.64682
37568,35066,26589,7.64765
37628,35022,26905,7.6484
37643,35011,26984,7.64933
37668,35089,26414,7.65167
37743,35034,26809,7.65399
37818,34979,27204,7.65618
37813,35079,26476,7.65744
37828,35068,26555,7.65828
37888,35024,26871,7.65901
37903,35013,26950,7.65988
37943,35080,26459,7.66187
37958,35069,26538,7.66275
38018,35025,26854,7.66351
38033,35014,26933,7.66441
38058,35092,26363,7.6664
38133,35037,26758,7.66844
38208,34982,27153,7.67049
38339,34931,26703,7.67422
38354,34920,26782,7.67513
38401,34901,26745,7.67592
38416,34890,26824,7.67677
29537,39220,31940,7.75657
29552,39209,32019,7.75762
29747,39066,33046,7.75834
29762,39055,33125,7.7592
29554,39223,31745,7.76124
29569,39212,31824,7.76209
29659,39146,32298,7.76284
29674,39135,32377,7.76369
29764,39069,32851,7.76451
29779,39058,32930,7.76543
29586,39215,31629,7.76737
29601,39204,31708,7.76824
29646,39171,31945,7.76895
29691,39138,32182,7.77018
29706,39127,32261,7.77109
29751,39094,32498,7.77182
29796,39061,32735,7.77315
29811,39050,32814,7.77418
29856,39017,33051,7.77493
29648,39185,31671,7.77718
29663,39174,31750,7.77804
29708,39141,31987,7.77877
29753,39108,32224,7.78002
29768,39097,32303,7.78096
29813,39064,32540,7.78172
29858,39031,32777,7.78303
29873,39020,32856,7.78454
29918,38987,33093,7.78621
29710,39155,31713,7.7876
29725,39144,31792,7.78845
29770,39111,32029,7.78919
29815,39078,32266,7.79049
29830,39067,32345,7.7914
29875,39034,32582,7.79216
29920,39001,32819,7.79343
29935,38990,32898,7.79436
29980,38957,33135,7.79511
29802,39103,31913,7.79632
29817,39092,31992,7.79722
29907,39026,32466,7.79798
29922,39015,32545,7.79884
30012,38949,33019,7.79955
30027,38938,33098,7.8008
29864,39073,31955,7.80167
29879,39062,32034,7.80256
29969,38996,32508,7.80333
29984,38985,32587,7.80425
30074,38919,33061,7.80502
30089,38908,33140,7.80593
29896,39065,31839,7.80671
29911,39054,31918,7.80758
29956,39021,32155,7.80839
30001,38988,32392,7.80963
30016,38977,32471,7.81058
30061,38944,32708,7.81132
30106,38911,32945,7.81262
30121,38900,33024,7.8137
29958,39035,31881,7.81555
29973,39024,31960,7.81657
30018,38991,32197,7.81741
30063,38958,32434,7.8187
30078,38947,32513,7.81977
30123,38914,32750,7.82051
30168,38881,32987,7.82181
30183,38870,33066,7.8228
30020,39005,31923,7.82357
30035,38994,32002,7.82445
30080,38961,32239,7.82519
30125,38928,32476,7.82646
30140,38917,32555,7.82739
30185,38884,32792,7.82814
30230,38851,33029,7.8294
30245,38840,33108,7.83033
30112,38953,32123,7.83107
30127,38942,32202,7.83201
30217,38876,32676,7.83291
30232,38865,32755,7.83391
30174,38923,32165,7.83589
30189,38912,32244,7.83676
30279,38846,32718,7.83748
30294,38835,32797,7.83839
30206,38915,32049,7.84041
30221,38904,32128,7.84126
30266,38871,32365,7.84201
30311,38838,32602,7.84334
30326,38827,32681,7.84429
30371,38794,32918,7.84502
30416,38761,33155,7.84629
30268,38885,32091,7.84778
30283,38874,32170,7.84864
30328,38841,32407,7.84939
30373,38808,32644,7.85069
30388,38797,32723,7.85163
30433,38764,32960,7.85241
30478,38731,33197,7.85375
30330,38855,32133,7.85531
30345,38844,32212,7.85616
30390,38811,32449,7.85692
30435,38778,32686,7.85828
30450,38767,32765,7.85927
30495,38734,33002,7.86003
30422,38803,32333,7.8626
30437,38792,32412,7.86351
30527,38726,32886,7.86425
30542,38715,32965,7.86522
30484,38773,32375,7.8672
30499,38762,32454,7.86808
30589,38696,32928,7.86889
30604,38685,33007,7.86976
30516,38765,32259,7.87049
30531,38754,32338,7.87134
30576,38721,32575,7.8721
30621,38688,32812,7.87349
30636,38677,32891,7.8745
30681,38644,33128,7.87527
30578,38735,32301,7.87759
30593,38724,32380,7.87854
30638,38691,32617,7.87934
30683,38658,32854,7.88068
30698,38647,32933,7.8816
30743,38614,33170,7.88236
30640,38705,32343,7.88383
30655,38694,32422,7.88473
30700,38661,32659,7.88549
30745,38628,32896,7.88679
30760,38617,32975,7.88777
30805,38584,33212,7.88853
30732,38653,32543,7.88983
30747,38642,32622,7.89067
30837,38576,33096,7.89142
30852,38565,33175,7.89245
30794,38623,32585,7.89324
30809,38612,32664,7.89414
30899,38546,33138,7.8949
30826,38615,32469,7.89634
30841,38604,32548,7.89718
30886,38571,32785,7.89793
30888,38585,32511,7.89921
30903,38574,32590,7.90051
32348,32108,28480,7.91678
32363,32097,28559,7.91828
32453,32031,29033,7.91923
32468,32020,29112,7.92019
32558,31954,29586,7.92099
32573,31943,29665,7.92196
32448,32131,28305,7.92852
32463,32120,28384,7.92946
32508,32087,28621,7.93033
32553,32054,28858,7.93164
32568,32043,28937,7.93267
32613,32010,29174,7.93376
32658,31977,29411,7.93513
32673,31966,29490,7.93608
32718,31933,29727,7.93698
32578,32132,28288,7.93929
32593,32121,28367,7.94026
32638,32088,28604,7.9413
32683,32055,28841,7.94266
32698,32044,28920,7.94377
32743,32011,29157,7.94473
32788,31978,29394,7.94604
32803,31967,29473,7.94698
32848,31934,29710,7.94787
32708,32133,28271,7.95072
32723,32122,28350,7.95244
32768,32089,28587,7.95347
32813,32056,28824,7.95473
32828,32045,28903,7.95566
32873,32012,29140,7.95651
32918,31979,29377,7.95775
32933,31968,29456,7.95868
32978,31935,29693,7.95953
32838,32134,28254,7.9618
32853,32123,28333,7.96274
32898,32090,28570,7.9637
32943,32057,28807,7.96497
32958,32046,28886,7.96595
33003,32013,29123,7.9673
33048,31980,29360,7.96887
33063,31969,29439,7.96979
33108,31936,29676,7.97068
32968,32135,28237,7.97302
32983,32124,28316,7.97406
33028,32091,28553,7.97499
33073,32058,28790,7.9763
33088,32047,28869,7.97724
33133,32014,29106,7.97813
33178,31981,29343,7.97943
33193,31970,29422,7.98038
33238,31937,29659,7.98124
33228,32137,28203,7.99184
33243,32126,28282,7.99315
33288,32093,28519,7.99415
33333,32060,28756,7.99552
33348,32049,28835,7.99648
33393,32016,29072,7.99727
33438,31983,29309,7.99856
33453,31972,29388,7.99956
33498,31939,29625,8.00037
33358,32138,28186,8.00271
33373,32127,28265,8.00376
33418,32094,28502,8.00457
33463,32061,28739,8.00586
33478,32050,28818,8.0068
33523,32017,29055,8.0076
33568,31984,29292,8.00889
33583,31973,29371,8.00982
33628,31940,29608,8.01061
33618,32140,28152,8.0213
33633,32129,28231,8.02263
33678,32096,28468,8.02364
33723,32063,28705,8.02495
33738,32052,28784,8.02587
33783,32019,29021,8.02667
33828,31986,29258,8.02794
33843,31975,29337,8.02889
33888,31942,29574,8.02969
33748,32141,28135,8.03202
33763,32130,28214,8.03316
33808,32097,28451,8.03409
33853,32064,28688,8.03543
33868,32053,28767,8.03639
33913,32020,29004,8.0372
33958,31987,29241,8.03847
33973,31976,29320,8.03943
34018,31943,29557,8.04021
34008,32143,28101,8.05071
34023,32132,28180,8.05183
34068,32099,28417,8.05272
34113,32066,28654,8.05411
34128,32055,28733,8.05512
34173,32022,28970,8.05592
34218,31989,29207,8.05721
34233,31978,29286,8.05818
34278,31945,29523,8.05897
34138,32144,28084,8.06126
34153,32133,28163,8.0622
34198,32100,28400,8.06303
34243,32067,28637,8.06439
34258,32056,28716,8.06535
34303,32023,28953,8.06622
34348,31990,29190,8.0676
34363,31979,29269,8.06857
34408,31946,29506,8.0694
34398,32146,28050,8.08
34413,32135,28129,8.08116
34458,32102,28366,8.08198
34503,32069,28603,8.08338
34518,32058,28682,8.08435
34563,32025,28919,8.08515
34608,31992,29156,8.08645
34623,31981,29235,8.08739
34668,31948,29472,8.08817
34528,32147,28033,8.09048
34543,32136,28112,8.09141
34588,32103,28349,8.09226
34633,32070,28586,8.09365
34648,32059,28665,8.09467
34693,32026,28902,8.09551
34738,31993,29139,8.09678
34753,31982,29218,8.09771
34798,31949,29455,8.09853
34788,32149,27999,8.10907
34803,32138,28078,8.11019
34848,32105,28315,8.11102
34893,32072,28552,8.11246
34908,32061,28631,8.11353
34953,32028,28868,8.1144
34998,31995,29105,8.11572
35013,31984,29184,8.11739
35058,31951,29421,8.11906
34918,32150,27982,8.12139
34933,32139,28061,8.12239
34978,32106,28298,8.12323
35023,32073,28535,8.12453
35038,32062,28614,8.12547
35083,32029,28851,8.12628
35128,31996,29088,8.12759
35143,31985,29167,8.12856
35188,31952,29404,8.1294
35178,32152,27948,8.14048
35193,32141,28027,8.1419
35238,32108,28264,8.14278
35283,32075,28501,8.14411
35298,32064,28580,8.14506
35343,32031,28817,8.14589
35388,31998,29054,8.14721
35403,31987,29133,8.14827
35448,31954,29370,8.14925
35308,32153,27931,8.15171
35323,32142,28010,8.1528
35368,32109,28247,8.15372
35413,32076,28484,8.15508
35428,32065,28563,8.15605
35473,32032,28800,8.15688
35518,31999,29037,8.1582
35533,31988,29116,8.15916
35578,31955,29353,8.15999
35568,32155,27897,8.17062
35583,32144,27976,8.17174
35628,32111,28213,8.17265
35673,32078,28450,8.17407
35688,32067,28529,8.17507
35733,32034,28766,8.17589
35778,32001,29003,8.17721
35793,31990,29082,8.17817
35838,31957,29319,8.17898
35698,32156,27880,8.18134
35713,32145,27959,8.18244
35758,32112,28196,8.18339
35803,32079,28433,8.18472
35818,32068,28512,8.18573
35863,32035,28749,8.18656
35908,32002,28986,8.18785
35923,31991,29065,8.18883
35968,31958,29302,8.18966
35828,32157,27863,8.19217
35843,32146,27942,8.19335
35888,32113,28179,8.19426
35933,32080,28416,8.1956
35948,32069,28495,8.19659
35993,32036,28732,8.19742
36038,32003,28969,8.19873
36053,31992,29048,8.19981
36098,31959,29285,8.20064
35958,32158,27846,8.20303
35973,32147,27925,8.20406
36018,32114,28162,8.20491
36063,32081,28399,8.20621
36078,32070,28478,8.2072
36123,32037,28715,8.208
36168,32004,28952,8.20928
36183,31993,29031,8.21028
36228,31960,29268,8.21109
36088,32159,27829,8.21368
36103,32148,27908,8.21476
36148,32115,28145,8.21566
36193,32082,28382,8.217
36208,32071,28461,8.21796
36253,32038,28698,8.21876
36298,32005,28935,8.22006
36313,31994,29014,8.22103
36358,31961,29251,8.22191
36218,32160,27812,8.22426
36233,32149,27891,8.22524
36278,32116,28128,8.22614
36323,32083,28365,8.22746
36338,32072,28444,8.22843
36383,32039,28681,8.22933
36428,32006,28918,8.23063
36443,31995,28997,8.23166
36488,31962,29234,8.23278
36478,32162,27778,8.24351
36493,32151,27857,8.24464
36538,32118,28094,8.24547
36583,32085,28331,8.24677
36598,32074,28410,8.24774
36643,32041,28647,8.24855
36688,32008,28884,8.24998
36703,31997,28963,8.25095
36748,31964,29200,8.25184
36608,32163,27761,8.25427
36623,32152,27840,8.25536
36668,32119,28077,8.25621
36713,32086,28314,8.25761
36728,32075,28393,8.25857
36773,32042,28630,8.25938
36818,32009,28867,8.2607
36833,31998,28946,8.2617
36878,31965,29183,8.26253
36868,32165,27727,8.27322
36883,32154,27806,8.27442
36928,32121,28043,8.27527
36973,32088,28280,8.27657
36988,32077,28359,8.27751
37033,32044,28596,8.27833
37078,32011,28833,8.27966
37093,32000,28912,8.28062
37138,31967,29149,8.28144
36998,32166,27710,8.28452
37013,32155,27789,8.28611
37058,32122,28026,8.28697
37103,32089,28263,8.28827
37118,32078,28342,8.28922
37163,32045,28579,8.29003
37208,32012,28816,8.29133
37223,32001,28895,8.29231
37268,31968,29132,8.29317
37258,32168,27676,8.3039
37273,32157,27755,8.30524
37318,32124,27992,8.30609
37363,32091,28229,8.30739
37378,32080,28308,8.30844
37423,32047,28545,8.30925
37468,32014,28782,8.31057
37483,32003,28861,8.3115
37528,31970,29098,8.31237
37388,32169,27659,8.31488
37403,32158,27738,8.31592
37448,32125,27975,8.31685
37493,32092,28212,8.31822
37508,32081,28291,8.31924
37553,32048,28528,8.32009
37598,32015,28765,8.32141
37613,32004,28844,8.32237
37658,31971,29081,8.32327
37797,31995,28256,8.34054
37812,31984,28335,8.34151
37754,32042,27745,8.34236
37769,32031,27824,8.34332
37964,31888,28851,8.34413
37979,31877,28930,8.34508
37816,32012,27787,8.3459
37831,32001,27866,8.34678
38026,31858,28893,8.3476
38041,31847,28972,8.34856
37983,31905,28382,8.34941
37998,31894,28461,8.3503
38045,31875,28424,8.3511
38060,31864,28503,8.35206
38002,31922,27913,8.35296
38017,31911,27992,8.35391
38212,31768,29019,8.35476
38227,31757,29098,8.35581
38169,31815,28508,8.35662
38184,31804,28587,8.35757
38231,31785,28550,8.35839
38246,31774,28629,8.35928
38188,31832,28039,8.36007
38203,31821,28118,8.36098
38398,31678,29145,8.3618
38355,31725,28634,8.36343
38370,31714,28713,8.36434
38417,31695,28676,8.36522
38432,31684,28755,8.36613
38374,31742,28165,8.36705
38389,31731,28244,8.36795
30047,42164,30503,8.45121
30062,42153,30582,8.4529
30197,42054,31293,8.45373
30212,42043,31372,8.45463
30079,42156,30387,8.45663
30094,42145,30466,8.45749
30154,42101,30782,8.45828
30169,42090,30861,8.4592
30229,42046,31177,8.46001
30244,42035,31256,8.46093
30126,42137,30350,8.46304
30201,42082,30745,8.46504
30276,42027,31140,8.46734
30188,42107,30392,8.47068
30263,42052,30787,8.47265
30338,41997,31182,8.47483
30250,42077,30434,8.47692
30325,42022,30829,8.47892
30400,41967,31224,8.48106
30327,42036,30555,8.48337
30342,42025,30634,8.48441
30402,41981,30950,8.48526
30417,41970,31029,8.48624
30477,41926,31345,8.48704
30492,41915,31424,8.48802
30389,42006,30597,8.48884
30404,41995,30676,8.48971
30464,41951,30992,8.49056
30479,41940,31071,8.49153
30539,41896,31387,8.4924
30436,41987,30560,8.49403
30511,41932,30955,8.49607
30586,41877,31350,8.4981
30498,41957,30602,8.49938
30573,41902,30997,8.50137
30648,41847,31392,8.50343
30560,41927,30644,8.50485
30635,41872,31039,8.50678
30710,41817,31434,8.50879
30637,41886,30765,8.51005
30652,41875,30844,8.51093
30712,41831,31160,8.51174
30727,41820,31239,8.51277
30699,41856,30807,8.51482
30714,41845,30886,8.51572
30774,41801,31202,8.51657
30789,41790,31281,8.51751
30746,41837,30770,8.51947
30821,41782,31165,8.5214
30808,41807,30812,8.52449
30883,41752,31207,8.52659
30870,41777,30854,8.52869
30945,41722,31249,8.5307
30947,41736,30975,8.53287
30962,41725,31054,8.53416
31022,41681,31370,8.53504
31037,41670,31449,8.53597
31009,41706,31017,8.53678
31024,41695,31096,8.53763
31084,41651,31412,8.53845
31056,41687,30980,8.53995
31118,41657,31022,8.54283
32873,35041,27122,8.54409
32888,35030,27201,8.54504
32948,34986,27517,8.54593
32963,34975,27596,8.54686
33023,34931,27912,8.54774
33038,34920,27991,8.54869
32988,35053,27026,8.55151
33063,34998,27421,8.55365
33138,34943,27816,8.55576
33118,35054,27009,8.55873
33193,34999,27404,8.56076
33268,34944,27799,8.56284
33248,35055,26992,8.56593
33323,35000,27387,8.56844
33398,34945,27782,8.57058
33378,35056,26975,8.57367
33453,35001,27370,8.57604
33528,34946,27765,8.57811
33508,35057,26958,8.58111
33583,35002,27353,8.5833
33658,34947,27748,8.5855
33768,35059,26924,8.59154
33843,35004,27319,8.59369
33918,34949,27714,8.59588
33898,35060,26907,8.59888
33973,35005,27302,8.60095
34048,34950,27697,8.60299
34158,35062,26873,8.60904
34233,35007,27268,8.6111
34308,34952,27663,8.61316
34288,35063,26856,8.61651
34363,35008,27251,8.6198
34438,34953,27646,8.62192
34548,35065,26822,8.62799
34623,35010,27217,8.63006
34698,34955,27612,8.63229
34678,35066,26805,8.63639
34753,35011,27200,8.63855
34828,34956,27595,8.64059
34938,35068,26771,8.64708
35013,35013,27166,8.64938
35088,34958,27561,8.65155
35068,35069,26754,8.65476
35143,35014,27149,8.65722
35218,34959,27544,8.65954
35328,35071,26720,8.66565
35403,35016,27115,8.66781
35478,34961,27510,8.66985
35458,35072,26703,8.67291
35533,35017,27098,8.67512
35608,34962,27493,8.67718
35718,35074,26669,8.68323
35793,35019,27064,8.68541
35868,34964,27459,8.68745
35848,35075,26652,8.69062
35923,35020,27047,8.69276
35998,34965,27442,8.69518
36108,35077,26618,8.70127
36183,35022,27013,8.70346
36258,34967,27408,8.70553
36238,35078,26601,8.70848
36313,35023,26996,8.71054
36388,34968,27391,8.71261
36368,35079,26584,8.71574
36443,35024,26979,8.71786
36518,34969,27374,8.71988
36498,35080,26567,8.72285
36573,35025,26962,8.72497
36648,34970,27357,8.727
36628,35081,26550,8.72998
36703,35026,26945,8.73213
36778,34971,27340,8.73433
36758,35082,26533,8.7374
36833,35027,26928,8.73946
36908,34972,27323,8.74148
37018,35084,26499,8.74751
37093,35029,26894,8.74966
37168,34974,27289,8.75176
37148,35085,26482,8.75484
37223,35030,26877,8.75709
37298,34975,27272,8.75919
37408,35087,26448,8.76519
37483,35032,26843,8.76736
37558,34977,27238,8.76938
37538,35088,26431,8.77143
37613,35033,26826,8.77383
37688,34978,27221,8.77601
37798,35090,26397,8.77959
37873,35035,26792,8.78155
37948,34980,27187,8.78378
37928,35091,26380,8.78602
38003,35036,26775,8.78822
38078,34981,27170,8.79022
38277,34961,26661,8.79466
38292,34950,26740,8.79562
38264,34986,26308,8.79641
38279,34975,26387,8.79733
38414,34876,27098,8.79813
38429,34865,27177,8.79914
38326,34956,26350,8.80062
38341,34945,26429,8.80153
38512,34866,26476,8.80594
29492,39253,31703,8.85866
29507,39242,31782,8.85974
29597,39176,32256,8.86053
29612,39165,32335,8.8615
29702,39099,32809,8.86232
29717,39088,32888,8.86336
29524,39245,31587,8.86539
29539,39234,31666,8.86631
29584,39201,31903,8.8671
29629,39168,32140,8.86839
29644,39157,32219,8.86935
29689,39124,32456,8.87013
29734,39091,32693,8.87142
29749,39080,32772,8.87244
29794,39047,33009,8.87335
29772,39125,31755,8.89655
29787,39114,31834,8.89792
29832,39081,32071,8.89874
29877,39048,32308,8.90007
29892,39037,32387,8.90107
29937,39004,32624,8.90196
29982,38971,32861,8.90333
29997,38960,32940,8.90431
30042,38927,33177,8.90511
29834,39095,31797,8.90644
29849,39084,31876,8.90731
29894,39051,32113,8.9081
29939,39018,32350,8.9094
29954,39007,32429,8.91044
29999,38974,32666,8.91124
30044,38941,32903,8.91276
30059,38930,32982,8.91424
30104,38897,33219,8.91509
30082,38975,31965,8.93516
30097,38964,32044,8.9364
30142,38931,32281,8.93726
30187,38898,32518,8.93857
30202,38887,32597,8.93959
30247,38854,32834,8.94048
30292,38821,33071,8.9418
30307,38810,33150,8.94287
30144,38945,32007,8.9437
30159,38934,32086,8.94459
30204,38901,32323,8.94539
30249,38868,32560,8.94669
30264,38857,32639,8.94767
30309,38824,32876,8.94851
30354,38791,33113,8.95018
30369,38780,33192,8.95217
30392,38825,32175,8.9693
30407,38814,32254,8.97067
30452,38781,32491,8.97149
30497,38748,32728,8.97293
30512,38737,32807,8.97412
30557,38704,33044,8.97501
30454,38795,32217,8.97751
30469,38784,32296,8.97844
30514,38751,32533,8.9793
30559,38718,32770,8.98062
30574,38707,32849,8.98167
30619,38674,33086,8.9827
30702,38675,32385,8.99765
30717,38664,32464,8.99891
30762,38631,32701,8.99978
30807,38598,32938,9.00109
30822,38587,33017,9.00214
30867,38554,33254,9.00301
30764,38645,32427,9.00432
30779,38634,32506,9.0052
30824,38601,32743,9.00603
30869,38568,32980,9.00741
30884,38557,33059,9.0084
32318,32130,28322,9.01306
32333,32119,28401,9.01431
32378,32086,28638,9.01537
32423,32053,28875,9.01674
32438,32042,28954,9.01775
32483,32009,29191,9.01872
32528,31976,29428,9.02009
32543,31965,29507,9.02112
32588,31932,29744,9.02219
37692,32072,27703,9.24753
37707,32061,27782,9.2491
37902,31918,28809,9.25005
37917,31907,28888,9.251
37709,32075,27508,9.2519
37724,32064,27587,9.25286
37814,31998,28061,9.25389
37829,31987,28140,9.25495
37919,31921,28614,9.25591
37934,31910,28693,9.25698
38009,31855,29088,9.25789
38024,31844,29167,9.25896
37771,32045,27550,9.25991
37786,32034,27629,9.26082
37876,31968,28103,9.26171
37891,31957,28182,9.26271
37981,31891,28656,9.26367
37996,31880,28735,9.26472
38071,31825,29130,9.26563
38086,31814,29209,9.26667
37878,31982,27829,9.26763
37893,31971,27908,9.26853
38088,31828,28935,9.2694
38103,31817,29014,9.27038
37940,31952,27871,9.27126
37955,31941,27950,9.27217
38150,31798,28977,9.2732
38165,31787,29056,9.27434
37957,31955,27676,9.27532
37972,31944,27755,9.2762
38062,31878,28229,9.27707
38077,31867,28308,9.27806
38167,31801,28782,9.27893
38182,31790,28861,9.27997
38064,31892,27955,9.2823
38079,31881,28034,9.28445
38274,31738,29061,9.28571
38289,31727,29140,9.28675
38126,31862,27997,9.28762
38141,31851,28076,9.28851
38336,31708,29103,9.28938
38143,31865,27802,9.29102
38158,31854,27881,9.29191
38248,31788,28355,9.29284
38263,31777,28434,9.29385
38353,31711,28908,9.29472
38368,31700,28987,9.29574
38250,31802,28081,9.29663
38265,31791,28160,9.29751
38312,31772,28123,9.3009
38327,31761,28202,9.30199
38329,31775,27928,9.30432
38344,31764,28007,9.30521
38434,31698,28481,9.30607
38436,31712,28207,9.30768
30017,42186,30345,9.35388
30032,42175,30424,9.35508
30092,42131,30740,9.35597
30107,42120,30819,9.35697
30167,42076,31135,9.35785
30182,42065,31214,9.35885
30064,42167,30308,9.36097
30139,42112,30703,9.36301
30214,42057,31098,9.36519
30312,42047,30476,9.37607
30387,41992,30871,9.37836
30462,41937,31266,9.38049
30374,42017,30518,9.38276
30449,41962,30913,9.38491
30524,41907,31308,9.38701
30622,41897,30686,9.39529
30697,41842,31081,9.39771
30684,41867,30728,9.40097
30759,41812,31123,9.40298
30932,41747,30896,9.41069
31007,41692,31291,9.41272
30994,41717,30938,9.41503
31069,41662,31333,9.41714
32858,35052,27043,9.42079
32933,34997,27438,9.42299
33008,34942,27833,9.42521
38202,35016,26266,9.51989
38217,35005,26345,9.52141
38352,34906,27056,9.52233
38367,34895,27135,9.52338
38234,35008,26150,9.52434
38249,34997,26229,9.52524
38309,34953,26545,9.52615
38324,34942,26624,9.52718
38384,34898,26940,9.52801
38399,34887,27019,9.52907
38296,34978,26192,9.53135
38311,34967,26271,9.53244
38371,34923,26587,9.53352
38386,34912,26666,9.53452
38388,34926,26392,9.53669
38403,34915,26471,9.53761
38450,34896,26434,9.53843
38465,34885,26513,9.53932
38482,34888,26318,9.54022
38497,34877,26397,9.54111
38574,34836,26518,9.54205
38668,34798,26444,9.54477
38683,34787,26523,9.54569
29462,39275,31545,9.60953
29477,39264,31624,9.61063
29522,39231,31861,9.6115
29567,39198,32098,9.61291
29582,39187,32177,9.61413
29627,39154,32414,9.61518
29672,39121,32651,9.6172
29687,39110,32730,9.61907
29732,39077,32967,9.62021
29777,39044,33204,9.62153
37647,32105,27466,9.68222
37662,32094,27545,9.68372
37752,32028,28019,9.68467
37767,32017,28098,9.68574
37857,31951,28572,9.68662
37872,31940,28651,9.68768
37947,31885,29046,9.68859
37962,31874,29125,9.68964
37679,32097,27350,9.69066
37694,32086,27429,9.69155
37739,32053,27666,9.69257
37784,32020,27903,9.69414
37799,32009,27982,9.69529
37844,31976,28219,9.69625
37889,31943,28456,9.69765
37904,31932,28535,9.69877
37949,31899,28772,9.69971
37994,31866,29009,9.70107
37741,32067,27392,9.70356
37756,32056,27471,9.70452
37801,32023,27708,9.70547
37846,31990,27945,9.70683
37861,31979,28024,9.70786
37906,31946,28261,9.70878
37951,31913,28498,9.71013
37966,31902,28577,9.71119
38011,31869,28814,9.71213
38056,31836,29051,9.7136
37833,32015,27592,9.71513
37848,32004,27671,9.71608
37938,31938,28145,9.71701
37953,31927,28224,9.71803
38043,31861,28698,9.7189
38058,31850,28777,9.71992
38133,31795,29172,9.72083
37895,31985,27634,9.72259
37910,31974,27713,9.72358
38000,31908,28187,9.72453
38015,31897,28266,9.7256
38105,31831,28740,9.72653
38120,31820,28819,9.7276
37927,31977,27518,9.72994
37942,31966,27597,9.73086
37987,31933,27834,9.73184
38032,31900,28071,9.73334
38047,31889,28150,9.73454
38092,31856,28387,9.73547
38137,31823,28624,9.73685
38152,31812,28703,9.73791
38197,31779,28940,9.73882
38242,31746,29177,9.74017
38019,31925,27718,9.74154
38034,31914,27797,9.74246
38124,31848,28271,9.74344
38139,31837,28350,9.74447
38229,31771,28824,9.74534
38244,31760,28903,9.74638
38081,31895,27760,9.7487
38096,31884,27839,9.74965
38186,31818,28313,9.75058
38201,31807,28392,9.75167
38291,31741,28866,9.75271
38306,31730,28945,9.75393
38113,31887,27644,9.75496
38128,31876,27723,9.75595
38173,31843,27960,9.75691
38218,31810,28197,9.75829
38233,31799,28276,9.75934
38278,31766,28513,9.76025
38323,31733,28750,9.76162
38338,31722,28829,9.76272
38383,31689,29066,9.76367
38205,31835,27844,9.76505
38220,31824,27923,9.76606
38310,31758,28397,9.767
38325,31747,28476,9.76802
38415,31681,28950,9.7689
38430,31670,29029,9.76994
38267,31805,27886,9.77087
38282,31794,27965,9.77177
38372,31728,28439,9.7728
38387,31717,28518,9.77402
38299,31797,27770,9.77644
38314,31786,27849,9.77734
38359,31753,28086,9.77825
38404,31720,28323,9.77962
38419,31709,28402,9.78067
38391,31745,27970,9.78183
38406,31734,28049,9.78439
30002,42197,30266,9.86109
30077,42142,30661,9.86332
30152,42087,31056,9.86556
30227,42032,31451,9.86778
38172,35038,26108,9.88756
38187,35027,26187,9.88947
38247,34983,26503,9.89141
38262,34972,26582,9.89295
38322,34928,26898,9.89435
38337,34917,26977,9.89568
38219,35019,26071,9.89818
38294,34964,26466,9.90038
38369,34909,26861,9.90269
38281,34989,26113,9.90624
38356,34934,26508,9.90852
38431,34879,26903,9.91088
38358,34948,26234,9.91287
38373,34937,26313,9.91438
38433,34893,26629,9.91541
38420,34918,26276,9.91698
38435,34907,26355,9.91789
38467,34899,26239,9.92012
38544,34858,26360,9.92214
38559,34847,26439,9.9231
38606,34828,26402,9.92401
38621,34817,26481,9.92495
38653,34809,26365,9.92586
38730,34768,26486,9.92786
38792,34738,26528,9.92936
38839,34719,26491,9.931
37617,32127,27308,10.016
37632,32116,27387,10.0175
37677,32083,27624,10.0185
37722,32050,27861,10.0199
37737,32039,27940,10.021
37782,32006,28177,10.022
37827,31973,28414,10.0235
37842,31962,28493,10.0248
37887,31929,28730,10.0257
37932,31896,28967,10.0271
37977,31863,29204,10.0285
37803,32037,27434,10.0457
37818,32026,27513,10.047
37863,31993,27750,10.0482
37908,31960,27987,10.0497
37923,31949,28066,10.0508
37968,31916,28303,10.0517
38013,31883,28540,10.0533
38028,31872,28619,10.0546
38073,31839,28856,10.0556
38118,31806,29093,10.057
37865,32007,27476,10.0586
37880,31996,27555,10.0621
37925,31963,27792,10.0647
37970,31930,28029,10.067
37985,31919,28108,10.0681
38030,31886,28345,10.0691
38075,31853,28582,10.0705
38090,31842,28661,10.0718
38135,31809,28898,10.0728
38180,31776,29135,10.0743
37989,31947,27560,10.0834
38004,31936,27639,10.0856
38049,31903,27876,10.0872
38094,31870,28113,10.0886
38109,31859,28192,10.0897
38154,31826,28429,10.0906
38199,31793,28666,10.092
38214,31782,28745,10.0932
38259,31749,28982,10.0942
38051,31917,27602,10.0966
38066,31906,27681,10.0976
38111,31873,27918,10.1001
38156,31840,28155,10.1018
38171,31829,28234,10.1029
38216,31796,28471,10.1039
38261,31763,28708,10.1053
38276,31752,28787,10.1064
38321,31719,29024,10.1074
38175,31857,27686,10.1156
38190,31846,27765,10.1169
38235,31813,28002,10.1179
38280,31780,28239,10.1197
38295,31769,28318,10.1212
38340,31736,28555,10.1222
38385,31703,28792,10.1237
38400,31692,28871,10.1248
38445,31659,29108,10.1257
38237,31827,27728,10.1271
38252,31816,27807,10.128
38297,31783,28044,10.1291
38342,31750,28281,10.1305
38357,31739,28360,10.1318
38402,31706,28597,10.1338
38361,31767,27812,10.1406
38376,31756,27891,10.1417
38421,31723,28128,10.1427
38423,31737,27854,10.1442
38438,31726,27933,10.1453
38157,35049,26029,10.2372
38232,34994,26424,10.2395
38307,34939,26819,10.2417
38382,34884,27214,10.2439
38343,34959,26155,10.2508
38418,34904,26550,10.253
38405,34929,26197,10.2546
38529,34869,26281,10.2585
38591,34839,26323,10.2606
38715,34779,26407,10.2635
38777,34749,26449,10.2649
38901,34689,26533,10.267
31716,33434,29996,10.4085
31731,33423,30075,10.4096
31778,33404,30038,10.4203
31793,33393,30117,10.4214
31840,33374,30080,10.4321
31855,33363,30159,10.4334
31902,33344,30122,10.4425
31917,33333,30201,10.4436
31964,33314,30164,10.4523
31979,33303,30243,10.4535
31921,33361,29653,10.4611
31936,33350,29732,10.4622
32196,36400,28401,10.5175
32211,36389,28480,10.5187
32258,36370,28443,10.5273
32273,36359,28522,10.5283
32431,36305,28216,10.5573
31654,33464,29954,10.5816
31669,33453,30033,10.5829
31611,33511,29443,10.5949
31626,33500,29522,10.596
31821,33357,30549,10.5971
31673,33481,29485,10.6112
31688,33470,29564,10.6123
31883,33327,30591,10.6135
31735,33451,29527,10.6285
31750,33440,29606,10.6297
31797,33421,29569,10.6443
31812,33410,29648,10.6455
31859,33391,29611,10.6569
31874,33380,29690,10.6581
31876,33394,29416,10.6673
31891,33383,29495,10.6684
31981,33317,29969,10.6695
31983,33331,29695,10.6755
31998,33320,29774,10.6767
32045,33301,29737,10.6814
32060,33290,29816,10.6825
32107,33271,29779,10.6874
32122,33260,29858,10.6884
32169,33241,29821,10.6934
32184,33230,29900,10.6946
32231,33211,29863,10.7054
32246,33200,29942,10.7065
32293,33181,29905,10.7089
32134,36430,28359,10.7119
32149,36419,28438,10.713
32121,36455,28006,10.7267
32136,36444,28085,10.7278
32271,36345,28796,10.7288
32183,36425,28048,10.7398
32198,36414,28127,10.741
32245,36395,28090,10.7511
32260,36384,28169,10.7523
32307,36365,28132,10.7598
32322,36354,28211,10.7609
32369,36335,28174,10.767
32401,36327,28058,10.7739
32416,36316,28137,10.7751
31549,33541,29401,10.7988
31564,33530,29480,10.8004
31759,33387,30507,10.8015
31774,33376,30586,10.8027
31566,33544,29206,10.8152
31581,33533,29285,10.8167
31671,33467,29759,10.8177
31686,33456,29838,10.819
31776,33390,30312,10.8201
31791,33379,30391,10.8212
31628,33514,29248,10.8315
31643,33503,29327,10.8328
31733,33437,29801,10.8341
31748,33426,29880,10.8353
31838,33360,30354,10.8364
31853,33349,30433,10.8377
31690,33484,29290,10.8483
31705,33473,29369,10.8494
31795,33407,29843,10.8505
31810,33396,29922,10.8516
31900,33330,30396,10.8528
31915,33319,30475,10.8541
31752,33454,29332,10.8632
31767,33443,29411,10.8644
31857,33377,29885,10.8654
31872,33366,29964,10.8666
31962,33300,30438,10.8676
31977,33289,30517,10.8688
31814,33424,29374,10.8768
31829,33413,29453,10.8778
31919,33347,29927,10.879
31934,33336,30006,10.8802
31846,33416,29258,10.888
31861,33405,29337,10.889
31906,33372,29574,10.8901
31951,33339,29811,10.8916
31966,33328,29890,10.893
31938,33364,29458,10.8965
31953,33353,29537,10.8977
32000,33334,29500,10.9042
32015,33323,29579,10.9053
32062,33304,29542,10.9105
32077,33293,29621,10.9115
32124,33274,29584,10.9169
32139,33263,29663,10.918
32186,33244,29626,10.9219
32201,33233,29705,10.9231
32248,33214,29668,10.9268
32263,33203,29747,10.9278
32280,33206,29552,10.9288
32295,33195,29631,10.9299
32059,36485,27964,10.931
32074,36474,28043,10.932
32209,36375,28754,10.9332
32224,36364,28833,10.9344
32091,36477,27848,10.9443
32106,36466,27927,10.9455
32166,36422,28243,10.9465
32181,36411,28322,10.9476
32241,36367,28638,10.9487
32256,36356,28717,10.9498
32153,36447,27890,10.9558
32168,36436,27969,10.9573
32228,36392,28285,10.9583
32243,36381,28364,10.9593
32215,36417,27932,10.9666
32230,36406,28011,10.9679
32290,36362,28327,10.9689
32277,36387,27974,10.9754
32292,36376,28053,10.9765
32339,36357,28016,10.9839
32354,36346,28095,10.9853
32386,36338,27979,10.99
32463,36297,28100,10.9946
32478,36286,28179,10.9959
32525,36267,28142,10.9999
32540,36256,28221,11.0011
32587,36237,28184,11.0041
31504,33574,29164,11.0139
31519,33563,29243,11.0152
31609,33497,29717,11.0162
31624,33486,29796,11.0174
31714,33420,30270,11.0184
31729,33409,30349,11.0196
31536,33566,29048,11.0296
31551,33555,29127,11.0309
31596,33522,29364,11.0319
31641,33489,29601,11.0336
31656,33478,29680,11.0349
31701,33445,29917,11.0359
31746,33412,30154,11.0374
31761,33401,30233,11.0386
31806,33368,30470,11.0396
31598,33536,29090,11.045
31613,33525,29169,11.0462
31658,33492,29406,11.0474
31703,33459,29643,11.0489
31718,33448,29722,11.05
31763,33415,29959,11.0511
31808,33382,30196,11.0526
31823,33371,30275,11.0541
31868,33338,30512,11.0552
31660,33506,29132,11.0605
31675,33495,29211,11.0615
31720,33462,29448,11.0626
31765,33429,29685,11.0641
31780,33418,29764,11.0654
31825,33385,30001,11.0664
31870,33352,30238,11.068
31885,33341,30317,11.0692
31930,33308,30554,11.0703
31722,33476,29174,11.0756
31737,33465,29253,11.0769
31782,33432,29490,11.0779
31827,33399,29727,11.0794
31842,33388,29806,11.0807
31887,33355,30043,11.0818
31932,33322,30280,11.0833
31947,33311,30359,11.0845
31784,33446,29216,11.0897
31799,33435,29295,11.0908
31844,33402,29532,11.0919
31889,33369,29769,11.0936
31904,33358,29848,11.0949
31949,33325,30085,11.0959
31908,33386,29300,11.1058
31923,33375,29379,11.107
31968,33342,29616,11.1081
32013,33309,29853,11.1095
32028,33298,29932,11.1107
31970,33356,29342,11.1141
31985,33345,29421,11.1154
32030,33312,29658,11.1165
32075,33279,29895,11.1183
32090,33268,29974,11.12
32032,33326,29384,11.1226
32047,33315,29463,11.1236
32092,33282,29700,11.1247
32137,33249,29937,11.1261
32094,33296,29426,11.1297
32109,33285,29505,11.1311
32154,33252,29742,11.1328
32199,33219,29979,11.1344
32156,33266,29468,11.137
32171,33255,29547,11.138
32216,33222,29784,11.139
32218,33236,29510,11.1427
32233,33225,29589,11.144
32278,33192,29826,11.145
32029,36507,27806,11.1482
32044,36496,27885,11.1497
32104,36452,28201,11.1508
32119,36441,28280,11.1519
32179,36397,28596,11.1531
32194,36386,28675,11.1544
32076,36488,27769,11.1625
32151,36433,28164,11.1649
32226,36378,28559,11.1674
32138,36458,27811,11.1736
32213,36403,28206,11.1761
32288,36348,28601,11.1783
32200,36428,27853,11.1837
32275,36373,28248,11.186
32262,36398,27895,11.1915
32324,36368,27937,11.1982
32448,36308,28021,11.2045
32510,36278,28063,11.209
32572,36248,28105,11.212
32634,36218,28147,11.2151
32696,36188,28189,11.2174
31474,33596,29006,11.2205
31489,33585,29085,11.2215
31534,33552,29322,11.2227
31579,33519,29559,11.2242
31594,33508,29638,11.2254
31639,33475,29875,11.2265
31684,33442,30112,11.228
31699,33431,30191,11.2291
31744,33398,30428,11.2302
32014,36518,27727,11.2885
32089,36463,28122,11.2912
32164,36408,28517,11.2936
