obj0,obj1,obj2,obj3,obj4,cpu
4046,3008,1572,3581,3506,0
3076,4257,3676,1895,3406,0
3641,4040,2389,3107,2698,0
3889,3065,2488,3482,2876,0
3460,3203,4388,3334,2059,0
3549,3282,4449,3748,1905,0
3697,3124,1256,4159,4159,0
3432,2767,1739,4452,4272,0
2921,3346,1992,4164,4265,0
2492,4302,3646,2171,3573,0
3866,3284,2037,3073,3323,0
3784,3404,1425,3735,3746,0
3066,4009,4138,1929,3184,0
3788,3180,2558,2778,3080,0
3652,3702,3707,1977,3010,0
4289,1760,3012,3567,3374,0
4031,2402,2451,3107,3515,0
3882,3803,2286,2542,3609,0
3895,3574,3527,3634,2060,0
2834,3135,3257,3332,3121,0
2944,4093,3648,3560,2428,0
3529,3417,2241,3606,3057,0
4271,1883,3956,3236,2837,0
4221,1485,3967,4054,3145,0
4520,1513,3699,3685,3183,0
2885,3768,2479,2913,4454,0
3258,3212,2611,2910,3577,0
2650,3679,3717,2159,4040,0
4130,2046,3970,2629,3239,0
4204,1973,3098,2999,3847,0
3329,3119,3963,1932,3890,0
3604,3680,1890,3227,3563,0
3620,4199,2139,2696,3849,0
3234,3634,3747,1883,3873,0
3765,4264,2663,2237,3420,0
3181,4309,2633,2513,3587,0
3187,3547,4509,2931,2297,0
3629,2140,4315,3149,2940,0
3488,2303,4329,2542,3342,0
2482,4054,4108,2205,3351,0
2958,4304,4113,2268,2748,0
3940,2508,4561,4443,2065,0
3997,2731,2236,3183,3364,0
3535,2629,2910,3361,3143,0
4062,3527,1821,3050,3792,0
3800,3923,1674,3204,4032,0
3822,2851,2773,2702,3231,0
2573,4237,3207,2350,3841,0
3804,3699,2807,2247,3366,0
3157,4192,3237,2074,3674,0
3757,3435,3461,1992,3249,0
3108,3920,4732,3513,1995,0
2984,2953,4383,3271,2662,0
3877,3814,1996,3654,2952,0
3720,3871,2912,3555,2322,0
4381,2537,1577,4195,4055,0
2310,3918,3625,2923,3810,0
2301,3953,3586,3307,3597,0
2909,3328,2295,3488,4230,0
2666,3359,2808,4035,3576,0
2395,3572,3432,3935,3470,0
4255,2089,2797,3643,3223,0
4255,2190,3986,3675,2496,0
4239,2536,4293,4074,2103,0
2753,3639,2977,3611,3163,0
3990,1732,3280,3936,3336,0
3972,1855,4224,3605,2799,0
3480,1912,4249,3981,3061,0
3562,2230,3457,2912,3950,0
2711,3297,4504,2868,2900,0
3375,2179,4495,3966,2822,0
3142,2330,4454,3259,3129,0
2404,3537,3471,3551,3683,0
2627,3777,2988,2934,3652,0
4711,1569,3186,3757,3510,0
4057,2772,1503,4035,3978,0
3008,3626,2161,3740,3852,0
2699,3660,3915,2569,3042,0
2640,3431,4179,2193,3818,0
3971,2862,3604,2019,3787,0
4379,1676,3713,3078,3585,0
2482,3852,3601,3511,3057,0
2347,4377,4259,2748,2978,0
3851,2429,4500,4029,2219,0
3283,3615,3945,2293,2875,0
3224,3386,4209,1917,3651,0
2869,2674,4575,2856,3367,0
3289,2238,3627,3907,3314,0
3838,3370,3022,2171,3517,0
3274,3731,2860,2379,3863,0
2968,4552,3651,2234,2970,0
3718,4000,3317,1982,3303,0
3606,4455,3604,2475,2556,0
3924,3777,4061,3552,1951,0
3835,3698,4000,3138,2105,0
2879,4677,4336,2850,2446,0
2356,4342,4298,2364,3191,0
3911,2608,1853,3689,4374,0
3966,2204,2144,3801,4183,0
4507,2220,1847,4219,4301,0
4366,1931,2456,3721,4064,0
4058,3305,1094,4307,4522,0
3080,3157,2402,3845,3597,0
2376,4216,3235,2928,4103,0
3033,3968,2963,2944,2952,0
3956,2162,4254,4044,2458,0
3956,2201,4531,4004,2406,0
3375,2733,3186,2763,3838,0
2441,3996,4105,3376,2851,0
2632,3670,4727,3450,2598,0
3781,2651,2055,3874,3619,0
3442,3137,2072,4030,3470,0
4430,2049,2403,4065,3611,0
4021,2889,1330,4319,4236,0
3756,2532,1813,4612,4349,0
3145,3102,1902,4035,4484,0
4145,3585,1263,3883,4109,0
2996,3608,2464,3064,3817,0
3657,4559,2638,2576,2984,0
3699,3966,3053,2232,3127,0
3937,2995,4175,2679,2630,0
3867,2122,4470,3590,2560,0
3171,3742,3892,1944,3423,0
3339,2075,4263,3374,3463,0
3667,2176,2412,4170,4145,0
3177,2780,2555,4323,3583,0
3682,2518,2135,3685,4168,0
4047,2921,2700,2576,3801,0
3295,3252,4534,2592,2733,0
3658,4110,3557,2097,2921,0
3876,3377,3388,1970,3770,0
3816,3743,3004,3186,2436,0
4116,2180,2060,4488,4168,0
4300,2571,2234,3155,3783,0
2828,3902,2626,3232,3669,0
2845,2899,3188,3786,3593,0
2836,2934,3149,4170,3380,0
3429,3087,4814,4155,2058,0
4080,1648,3981,3447,3547,0
3464,2258,4556,4380,2668,0
4255,2229,4263,3635,2444,0
4205,1831,4274,4453,2752,0
3737,1933,4072,2991,3688,0
3878,1770,4058,3598,3286,0
3383,2490,2403,4054,4130,0
2872,3069,2656,3766,4123,0
3042,2644,2997,3901,3927,0
4852,1858,2577,4255,3747,0
3792,2415,1986,4328,4091,0
3096,2825,2566,3637,4342,0
3568,2908,4413,2995,2495,0
2837,3176,3988,2308,4152,0
2586,3246,4054,4009,3217,0
3066,2419,4384,2971,3701,0
2617,3529,3450,2968,3430,0
3732,2374,2719,3476,3477,0
3012,4127,2713,2533,4103,0
3616,4703,3142,2441,2778,0
3799,3935,2878,2161,3571,0
2888,4642,4375,2466,2659,0
3231,3960,3992,2671,2510,0
2793,3279,3761,3197,2915,0
3073,3032,4444,3685,2508,0
4213,2830,2562,3642,2953,0
4563,2200,3178,4202,2907,0
4245,2944,4143,4194,2014,0
4407,3189,1410,3729,3869,0
3235,3849,2414,3097,3398,0
3027,2608,3771,4244,3127,0
3461,2466,2564,4439,3598,0
2544,3922,3073,2760,4251,0
3186,2745,2594,3939,3796,0
4412,1541,3454,4126,3472,0
3831,2018,4238,2998,3201,0
3031,2880,3066,3447,3455,0
3415,3573,1949,3605,3581,0
2734,3050,4025,2821,3691,0
3353,2679,3779,2507,3666,0
3388,3348,3699,2308,3114,0
4626,1782,3272,3189,3983,0
3749,3745,2414,2768,3134,0
3724,4408,3167,2102,3214,0
3660,3995,3385,3059,2367,0
2923,3214,3318,3746,2967,0
3503,2858,3776,4307,2524,0
3169,3551,2804,3092,3105,0
3115,4011,3023,2508,3294,0
4441,2860,1625,3653,4020,0
4147,2572,1600,4343,4482,0
4239,2435,3104,4042,2830,0
3624,2708,2971,3775,2989,0
3120,2620,3158,4286,3395,0
2741,3622,2457,3656,4082,0
2650,3559,2616,4064,4159,0
4067,1903,2724,4090,4026,0
3326,2330,3006,4017,3942,0
4396,2378,2188,4141,3460,0
4486,1842,3484,3761,3032,0
3658,2958,2319,3110,4392,0
2940,4297,4328,2088,3024,0
4452,2624,1556,4107,4492,0
2470,3835,3081,3556,3976,0
3713,3643,1505,3628,4445,0
2491,3817,3640,3127,3270,0
3091,2921,2333,4299,4069,0
3264,3060,2724,3899,3170,0
3236,3158,3204,2654,3405,0
2931,2795,3834,2936,4025,0
4042,2166,2382,3561,3987,0
3445,2709,2882,3059,3689,0
3117,3885,4771,3129,2208,0
4504,1859,4006,4084,2790,0
3380,2511,2575,3753,4357,0
3823,2807,1526,4183,4405,0
2754,2952,3892,3841,3365,0
3119,3796,4263,3639,2166,0
4418,2953,1341,4183,4341,0
3537,2428,2802,4199,3402,0
4597,1871,3393,4126,3058,0
2717,4062,2641,3081,4306,0
2763,2917,3931,3457,3578,0
4092,2976,1309,4231,4673,0
4311,1842,2874,3837,3629,0
3193,3014,2304,3604,4245,0
3241,4208,3530,2637,2732,0
2950,3045,2817,4151,3591,0
3470,3451,3926,3300,2281,0
2992,3437,4029,4019,2517,0
4197,2144,3081,4206,3177,0
3872,3173,1709,3679,4428,0
3619,3523,2175,3100,4446,0
4224,2512,3138,2598,3769,0
4309,2299,3052,3166,3296,0
3129,2585,3197,3902,3608,0
3230,3430,2068,3592,4531,0
4012,1814,3142,4206,3591,0
3025,2739,3268,3941,3471,0
3470,2431,2603,4055,3811,0
3231,2449,3116,3672,4018,0
4388,2598,3752,4155,2442,0
2931,4192,3152,2354,3835,0
3156,2755,2665,3882,4138,0
3233,2318,3619,3975,3674,0
3158,3424,2358,3316,4216,0
4062,2705,2422,3160,3909,0
3919,1802,3755,4164,3323,0
3101,3159,2374,3770,4329,0
3044,2952,2845,3523,3906,0
4226,2055,2960,3269,4102,0
3852,2506,2351,4170,3731,0
4348,2241,3650,3677,2712,0
4462,1939,3443,3308,3164,0
2751,3280,3342,3158,3720,0
3612,2580,2121,4058,4336,0
3083,3161,2709,3695,3710,0
3025,3308,2466,3772,4097,0
2857,3033,3430,4109,3323,0
4160,2705,3770,3626,2479,0
3698,3344,3908,3829,2244,0
3898,2116,3349,4575,3139,0
2765,3958,3525,2574,3335,0
2595,3211,4093,3625,3430,0
2960,2662,3740,3572,3912,0
3036,2573,3810,3860,3340,0
3702,4307,3347,2421,2962,0
4117,2301,2713,3272,3718,0
2679,3258,3441,4051,3485,0
4080,3144,3025,2624,3328,0
3652,2920,3235,4388,2863,0
3092,3126,2748,3311,3923,0
4129,3027,2922,2549,3752,0
2731,3419,3344,2909,4363,0
2534,3674,3535,2794,4029,0
2948,3025,3151,3273,4054,0
2742,3315,3303,3542,3507,0
2688,3223,3480,3667,3698,0
4377,2152,3529,2740,3637,0
4218,1830,3487,3795,3361,0
4077,1993,3501,3188,3763,0
2987,3461,2581,4139,3877,0
3289,2871,2557,3426,4257,0
4023,3270,2278,3150,3963,0
2507,3663,3434,3038,4144,0
4003,2603,2920,3641,3266,0
3975,3411,3271,2609,3089,0
3141,3499,3488,4100,2856,0
3809,3055,2888,2581,3927,0
3089,3569,3223,2342,4302,0
3584,2312,3319,3182,4205,0
2744,3298,3563,2787,3913,0
3541,3138,3949,3513,2327,0
4080,2209,3334,3162,3090,0
4046,2538,3119,3238,2939,0
4261,2598,3836,3795,2407,0
3391,3252,3435,2232,4124,0
3743,2138,2650,3930,3949,0
4053,2604,3460,2820,3040,0
3630,3217,4010,3927,2173,0
3184,2505,3873,3892,3075,0
2450,3961,4144,2992,3064,0
3494,2773,3414,3226,2937,0
3676,2448,3848,3516,2813,0
2563,3989,3669,2384,3619,0
3781,2181,3602,3531,3052,0
4220,2492,3347,2468,4133,0
3049,4487,3212,2413,3238,0
3733,3637,3268,2156,3278,0
2428,4312,3820,2927,3246,0
3763,3843,3311,2112,3160,0
3052,3923,3959,2896,2621,0
3325,3579,3838,3299,2383,0
2437,4277,3859,2543,3459,0
3883,1903,4172,3332,3213,0
4183,2455,1773,4059,4224,0
4116,1752,4213,4039,2906,0
2576,3673,3954,2833,3224,0
3273,2584,3934,4306,2921,0
3974,2078,3587,4335,2943,0
4470,2188,3791,4160,2639,0
3074,4155,3527,2373,3088,0
3366,3435,3334,3434,2589,0
2882,3358,3822,3611,2761,0
3252,3677,3453,2123,3691,0
3995,2422,3420,2594,3563,0
4019,2933,3245,2896,2889,0
4277,2291,3806,3356,2748,0
3885,1999,3526,3921,3097,0
2780,3595,3476,2748,3310,0
3361,4033,2168,3021,3770,0
3712,3650,3338,2681,2732,0
3377,3234,3791,2921,2748,0
2973,4296,4182,3478,2319,0
3411,2861,3819,2733,3143,0
3147,3944,3699,2108,3452,0
3455,3514,3395,3848,2435,0
3578,2749,3706,2381,4236,0
3746,3321,3553,2605,2883,0
3141,3673,2988,2605,3388,0
3576,2087,3846,3708,3464,0
3196,3238,4773,3448,2365,0
3285,3113,4088,2832,2889,0
2876,3246,3007,3691,3758,0
3160,3143,3867,3851,2665,0
3011,3650,3606,3601,2952,0
3435,2250,3860,3101,3866,0
3487,3284,3281,2462,3855,0
3582,2769,3497,2511,3872,0
3364,2944,4611,3280,2513,0
4176,2398,3740,3187,2820,0
3179,3356,3444,3433,3100,0
3393,2818,4113,2493,3325,0
3613,2486,4622,3548,2547,0
3613,2447,4345,3588,2599,0
3894,2898,3563,4038,2657,0
4035,2561,3754,2580,3222,0
3061,2834,4174,3538,3171,0
3597,2793,4652,3987,2206,0
3445,2780,4784,3716,2399,0
3080,3047,3751,3120,3606,0
4019,2868,3784,3019,2881,0
3215,3451,4350,3030,2800,0
3294,2683,4215,4245,2864,0
3229,2540,4012,3370,3319,0
3248,2753,3589,2952,3754,0
4114,2392,4277,3028,2846,0
3726,2285,4484,2983,2962,0
3687,2562,3756,2903,3179,0
2922,3227,2928,3504,4139,0
4056,2649,3518,2587,3314,0
3673,2641,4167,3010,2734,0
3453,2629,4605,2580,3200,0
2725,3682,4114,3492,2866,0
4089,2570,4020,4524,2404,0
4010,2271,3320,3535,3258,0
4236,2209,4232,3274,2695,0
4095,2372,4246,2667,3097,0
4042,2728,3929,2694,2869,0
3656,3929,3149,3369,2906,0
3711,3057,3263,2940,3193,0
2885,2968,3289,3782,4032,0
3166,3044,3831,3727,2776,0
3536,2729,2213,4060,4104,0
2651,3764,3031,3076,4013,0
3400,2985,4288,2607,2972,0
3602,2775,3842,2335,3652,0
4049,2213,3918,4046,2674,0
4163,1911,3711,3677,3126,0
3498,2882,2328,4427,3884,0
4220,2516,4262,3713,2354,0
3927,2027,3228,3638,4064,0
3818,2273,2981,3641,3680,0
3778,1965,3769,3557,3725,0
3258,3194,3563,2458,3649,0
3287,3502,4101,3471,2314,0
3113,3287,3224,3487,2982,0
3208,3671,3578,3023,2690,0
3703,2067,3443,3519,3548,0
4012,3095,4102,3487,2321,0
3900,2937,3204,2545,3546,0
4198,3638,1732,3324,3585,0
4018,3914,2197,2816,3402,0
3316,3376,3603,2684,3126,0
3110,3446,3394,2813,3245,0
3494,2516,3765,3114,3264,0
3026,3007,3055,3911,3395,0
4052,3585,2412,2740,3553,0
3783,3416,2629,2692,3285,0
3924,3448,3029,2847,2872,0
2996,3748,3601,3182,2793,0
3802,2785,2319,3906,3289,0
3862,2116,4365,3997,2893,0
3112,3799,3486,3392,2576,0
4091,3020,2556,2750,3499,0
4057,3349,2341,2826,3348,0
3410,3842,2771,2653,3656,0
2963,4306,3225,3142,2863,0
4273,2106,3319,3966,2981,0
2890,3115,2718,3906,3795,0
3456,2473,2813,3513,4161,0
3958,3119,3244,2771,3023,0
3254,3106,4162,3642,2652,0
3113,3129,3039,2917,4078,0
2945,3423,3201,3085,3930,0
3463,2657,3840,4047,2936,0
4041,2969,3604,2700,3133,0
4136,2454,3820,2749,3150,0
3103,3009,3593,4171,3117,0
3694,2410,4527,4165,2745,0
3870,3045,2457,3121,3127,0
2638,3541,2919,3388,4124,0
3418,3090,3287,3056,2954,0
3701,3851,2881,3194,2573,0
3749,4074,3446,3473,2213,0
3523,2823,3041,3071,3193,0
3469,3283,3260,2487,3382,0
3905,1945,3366,3368,3809,0
3062,4171,3497,2862,2843,0
3128,3695,3308,2957,2899,0
3670,4243,2923,3025,2589,0
3753,3506,2834,2816,2938,0
3725,2526,4101,3344,2746,0
3007,2706,3904,3224,3453,0
3708,2200,3557,3253,3475,0
3435,2544,3678,2850,3713,0
3414,3658,3899,3713,2229,0
3851,3054,3307,2620,3122,0
3876,3554,3496,3273,2311,0
3647,4311,3100,2610,2762,0
4298,1843,3661,4495,3020,0
3364,3550,3506,2472,3143,0
3204,2451,3713,3339,3787,0
3610,2247,4293,2929,3451,0
4131,2021,2671,4434,3573,0
2937,3865,2241,3633,4551,0
3376,3683,2872,3400,2811,0
3482,2967,3545,2936,2987,0
3787,3177,3049,2740,3089,0
3817,3383,3092,2696,2971,0
2596,4019,2835,3480,4348,0
2628,3293,3381,3422,3902,0
2601,3282,3280,3666,4017,0
4226,2924,4112,3833,2265,0
4242,2617,4082,3394,2606,0
3829,3189,2961,2986,2921,0
4013,3250,2485,2652,3650,0
2825,3038,3190,3537,4236,0
4060,2942,3648,3104,2730,0
4553,1830,2845,4624,3709,0
4045,2535,3610,3200,2948,0
4101,2798,3144,3239,2936,0
3397,2815,3048,3033,4093,0
4256,2246,2583,3725,3820,0
3387,2695,3602,4287,3132,0
3462,2389,4053,4077,3012,0
3501,2393,3395,3918,3584,0
3229,3109,3210,3201,3945,0
4142,2548,2790,4094,3368,0
3518,2962,4129,3539,2582,0
3725,2149,3305,3789,3803,0
3378,2602,3471,3451,3658,0
4024,2289,3326,3230,3450,0
3382,2546,3685,3143,3553,0
3873,2192,2757,3759,3915,0
3287,3061,3469,3094,3536,0
3119,3355,3631,3262,3388,0
3910,2591,3533,3599,2998,0
3929,2804,3110,3181,3433,0
3759,2494,2964,4128,3463,0
3476,3012,2853,3112,4083,0
3531,2608,3144,3224,3892,0
3214,2840,3847,3311,3405,0
3268,2848,3892,3512,3101,0
3618,2580,4459,3322,2526,0
3362,3225,3102,2745,4064,0
3581,2220,3960,3442,3391,0
3389,3337,4063,2659,2977,0
3572,2255,3921,3826,3178,0
3116,3681,4184,2256,3215,0
3730,2282,3419,3523,3730,0
3126,3929,3722,2222,3437,0
3516,2855,3276,3496,3192,0
2913,3087,4058,2596,3580,0
3345,2924,4580,2919,2764,0
3079,3321,3685,2376,4080,0
3138,3550,3421,2752,3304,0
2923,3335,3596,2562,3802,0
3457,2626,3540,3120,3968,0
3707,2659,4520,3736,2372,0
3368,2454,3177,4397,3330,0
3717,3557,3485,3411,2679,0
3352,2977,3564,2779,3842,0
3507,2890,3237,3880,2979,0
3628,2828,3997,3288,2748,0
3308,2564,4081,3039,3629,0
3721,2317,3380,3907,3517,0
3231,2409,4515,3673,2975,0
3152,2578,3992,3225,3351,0
2896,3405,3724,2684,3376,0
3921,3302,4205,3118,2289,0
2792,2956,3902,3740,3764,0
3195,2619,3781,3279,3441,0
3207,2256,4370,3578,3299,0
3861,2677,4038,3995,2441,0
4010,3381,4266,3532,2135,0
3931,3550,3743,3084,2511,0
3657,2948,4197,3449,2393,0
3157,3036,2922,4274,3681,0
2830,3372,2998,3670,4223,0
3271,2734,2715,3905,4133,0
2848,3509,2840,3191,4347,0
4159,3443,3725,3613,2474,0
3102,2523,4616,3563,3060,0
3181,2698,4192,3386,2996,0
2931,4332,4289,2472,2811,0
2908,3042,4313,2983,3234,0
3023,2896,4839,4145,2758,0
4026,3035,3959,3133,2528,0
3704,2575,3188,4010,3228,0
2679,3799,3917,2320,3685,0
3692,4059,3809,2455,2740,0
3072,3265,2750,3062,4566,0
3735,3760,3672,3817,2530,0
3349,3913,3555,2298,3168,0
3606,3324,3509,2925,2954,0
3265,3492,3486,2368,3511,0
3557,2270,3943,4422,2936,0
4119,3086,3623,3135,2744,0
2977,3395,2887,3482,3382,0
3152,3098,3502,3561,3120,0
3025,3519,3317,3816,2989,0
3512,2746,3749,3437,2939,0
3425,2466,3580,3861,3352,0
3229,3320,4061,3245,2837,0
3094,2916,3462,3335,3643,0
3337,3043,3134,3358,3201,0
3300,2626,3310,3066,4190,0
3368,2804,3955,3273,3104,0
3808,2108,4320,3796,3197,0
3232,2717,2903,3642,3942,0
3577,2355,3633,3678,3388,0
3319,2997,3072,3218,3529,0
3368,3274,2408,3616,3671,0
3461,2561,4486,3458,3052,0
3901,2120,3707,3838,3465,0
3217,2707,3386,3802,3569,0
3281,2994,2239,4040,4084,0
2959,3349,2825,3342,3710,0
3188,3550,2873,3108,3488,0
3138,4009,3840,3221,2601,0
3282,3527,1830,4312,4628,0
3369,3807,1999,3888,4215,0
3283,3017,4041,2705,3577,0
3341,3199,4081,2931,3054,0
3023,3166,3225,3237,3658,0
3437,3052,3298,3647,3059,0
3188,3532,3825,2656,3560,0
3071,4011,3250,2803,3299,0
3132,2920,3472,3234,4042,0
3344,3040,3911,3605,2791,0
3556,2482,2977,3802,4019,0
3692,3039,2482,3776,3748,0
3257,2760,3742,4029,3204,0
3245,3111,2066,4324,4342,0
3350,2772,3129,4071,3472,0
3246,3714,3865,2882,3037,0
3305,3071,3448,2961,3749,0
3765,2527,3909,3930,2659,0
4011,2864,3395,3276,2797,0
3805,2884,4011,4408,2389,0
3696,2394,3688,2963,3525,0
4327,1754,3540,3558,3945,0
3695,4534,3665,2889,2402,0
3318,3005,4055,2545,3524,0
4220,2415,3073,3681,3081,0
3766,2382,3597,3479,2952,0
2802,3480,3603,3013,3390,0
3065,2888,3944,3450,2930,0
2792,3232,4065,3047,3168,0
3845,3946,3538,3104,2327,0
3268,3482,4070,3110,2565,0
3262,2633,3753,3565,3264,0
3493,2726,3718,3076,3190,0
3963,2127,3406,3594,3286,0
4012,2404,2742,3992,3428,0
3943,3403,4025,2799,2541,0
3663,2520,2426,4570,4081,0
2713,3605,4288,3629,2866,0
3376,3187,4095,2771,3001,0
3984,3259,3521,2934,2747,0
4023,2168,2673,4446,3900,0
3855,2461,3658,3893,2798,0
3646,3326,2636,3723,3390,0
3551,3386,3487,3479,2549,0
3754,2576,3728,3189,3002,0
3974,1891,3337,4048,3758,0
2989,2977,3874,3162,3502,0
4048,3136,3779,2814,2780,0
3787,3160,3094,4026,2803,0
3322,2674,3020,4417,3878,0
3311,2910,3089,3963,3406,0
3400,3304,3491,3210,2914,0
3154,2967,4005,3864,2776,0
4018,2930,3736,2858,2898,0
3649,2843,3974,3174,2763,0
3495,2813,3411,4017,2979,0
3768,2181,3489,4317,3211,0
3452,2870,4222,2941,2984,0
4129,1925,3317,3845,3689,0
3723,2606,3483,3118,3470,0
3323,3156,4375,2691,3236,0
4104,2132,3694,4164,2909,0
4123,2345,3271,3746,3344,0
3982,2508,3285,3139,3746,0
3387,2667,2754,3979,3765,0
3377,2419,3216,4013,3543,0
3591,2468,3498,3408,3613,0
3046,2821,3348,3826,3562,0
3522,3071,3353,3889,2959,0
2773,3165,3469,3423,3800,0
3104,2763,3337,3610,3781,0
2994,3201,3921,3237,2884,0
3257,3982,4191,3594,2334,0
3175,3009,3870,3343,2989,0
3126,3028,3672,2933,3987,0
3389,2436,4013,3370,3527,0
3856,2721,3979,3817,2711,0
3116,2780,4134,2967,3765,0
3707,3309,3947,3445,2457,0
2734,3647,4153,3108,3079,0
3582,3153,2886,3501,3485,0
3865,2686,4018,3433,2924,0
3380,2471,3974,3754,3314,0
3434,3653,4068,3042,2695,0
3066,3528,3520,3645,3069,0
2958,3403,4063,2979,3298,0
2754,3521,3090,3672,3991,0
3029,3069,2886,3820,3901,0
3075,3493,3559,3261,3282,0
2912,2979,3390,3538,3917,0
3574,2164,3025,4128,3877,0
3957,2218,2851,4094,3782,0
3219,3114,3288,3316,3455,0
3518,2328,3345,3911,3520,0
3843,2520,3058,4463,3330,0
3805,2104,3962,4533,2871,0
3114,3381,3534,3301,3216,0
3671,1968,3736,4053,3388,0
4233,2784,3416,2766,3196,0
3750,2999,3861,3451,2609,0
4058,2178,3957,3662,2887,0
3313,2525,3943,3082,4099,0
3864,2697,3654,3082,3061,0
4128,3051,3662,2751,2957,0
3566,2235,3982,4038,3149,0
3759,2964,3900,3067,2822,0
3372,2754,3679,3458,3323,0
4078,2124,3797,3109,3599,0
3109,2724,3199,3653,4251,0
3700,2735,4164,2691,3598,0
3586,2181,3822,3485,3861,0
3713,2600,3085,3611,3526,0
3647,3091,3847,2718,3370,0
4427,2265,3719,3346,3022,0
3155,3148,3872,3094,3632,0
4168,3408,3764,3229,2687,0
4064,2555,3641,3561,2697,0
4070,3241,3528,4115,2276,0
4030,2884,3426,3637,2546,0
3462,3169,4102,3952,2530,0
3772,3526,2865,3177,2687,0
3478,2862,4072,3513,2871,0
4104,2912,3743,4039,2427,0
3478,2823,3795,3553,2923,0
3687,2413,3750,3918,3155,0
4394,3006,3602,4275,2353,0
3806,3197,3080,3101,2838,0
4354,2649,3500,3797,2623,0
3928,2877,1943,4277,3968,0
4262,2155,3138,3225,3324,0
4277,2761,2259,3699,3315,0
3433,2915,3226,2989,3315,0
4041,2987,2652,3152,3061,0
4052,3517,2611,3733,2690,0
4120,2818,3175,3600,2685,0
3620,2412,3497,3138,3427,0
3692,3103,2336,3730,3714,0
4015,3157,2112,3853,3555,0
3779,3383,2505,3306,3301,0
3171,3311,3079,3143,3555,0
3760,3170,2928,3724,2866,0
3673,2890,2759,4148,3279,0
3550,2436,3801,2842,3576,0
3320,2805,2517,4114,4222,0
3669,2689,2833,3536,3569,0
4033,2538,3006,4024,3098,0
4288,2525,2190,4153,3787,0
4158,2508,3227,3005,3322,0
4273,1919,3069,3679,3796,0
4228,2484,2923,3301,3173,0
3631,2176,3428,3592,3899,0
3680,2453,2764,3990,4041,0
3716,2805,3950,3994,2543,0
4051,3221,3497,3754,2527,0
2586,3921,3492,2799,3446,0
3335,3827,3376,3265,2605,0
2863,3551,2595,3481,3906,0
3093,3779,3455,3031,2827,0
2557,4115,3250,3132,3563,0
3519,3047,1908,4028,3859,0
3273,3025,2763,3515,3383,0
3546,2393,2841,3815,3615,0
3258,3630,2865,3506,2951,0
2503,4575,3469,2548,3752,0
3608,3441,2310,3275,3367,0
2844,4421,2875,2701,3955,0
3785,3317,2553,2730,4041,0
2979,4825,3474,2611,3149,0
3217,3774,3369,3371,2745,0
2982,4261,4221,3094,2532,0
3583,2852,3475,3640,2783,0
3918,3268,3022,3400,2767,0
3466,3313,3852,3335,2594,0
3554,3901,2529,2691,3556,0
3801,3729,3399,3095,2578,0
4203,2460,2229,4064,3755,0
3948,2473,3045,3935,3066,0
3024,4145,2410,3209,4138,0
3163,4234,3588,2787,2934,0
4058,2685,2631,3030,4273,0
2992,4509,3759,3060,2754,0
4130,2009,3731,3443,3611,0
3835,3400,3614,3019,2729,0
3861,2193,2876,4359,3479,0
2737,3839,2785,3640,3746,0
3204,4090,3084,2922,3140,0
2832,3663,3046,3280,3473,0
3470,2770,2572,3630,3717,0
2832,3222,4217,4071,3011,0
4073,3291,1752,3504,4264,0
3034,3916,4174,2716,2897,0
2745,3383,2877,3704,3886,0
3141,4002,4020,3310,2467,0
3507,3169,3348,3470,2800,0
3173,2940,3531,3004,3953,0
3021,4232,3889,2267,3292,0
3126,3965,3643,2282,3531,0
4114,2353,4000,3068,2898,0
3566,3076,3527,2950,3531,0
3472,2610,4359,2981,3001,0
4502,2296,3545,3786,2894,0
3304,2943,4798,3109,2801,0
3534,2655,4099,3100,2923,0
3538,2792,4171,3758,2667,0
4293,2645,3359,3565,2903,0
3472,2649,4636,2941,2949,0
3927,2769,2000,3791,4237,0
3252,3256,2943,3241,3864,0
3325,2915,2284,3641,4548,0
3320,4039,4053,3085,2356,0
2788,3739,3976,2983,2888,0
3343,3012,3525,3163,3629,0
3274,3615,3380,3644,2975,0
3129,3585,3382,3136,3091,0
3002,3166,4119,3010,3426,0
2721,3545,4042,2834,3122,0
2879,2922,4113,2822,3589,0
2605,3459,3631,3591,3652,0
3197,3795,4047,2897,2519,0
2641,3635,4766,3066,2811,0
3160,3435,3548,3017,3384,0
2651,3883,4304,3032,3033,0
3305,3500,4072,2558,2955,0
3399,3966,3240,2527,3485,0
3160,2885,3552,2940,4231,0
3672,3622,3119,2930,3247,0
2762,4098,3878,3480,3152,0
2725,3639,3244,3655,3984,0
3947,3243,3713,2645,2852,0
3578,3156,3951,2961,2717,0
3225,3590,4796,2790,2644,0
3708,2162,4025,3058,3598,0
3588,3201,3050,3000,3590,0
3090,2886,4027,3264,3202,0
3582,2829,4002,2888,2940,0
3634,2509,3287,3462,3703,0
4003,2596,3049,3146,3838,0
3110,2832,3867,2711,3914,0
3918,2809,3135,2578,4311,0
3632,3434,3642,3332,2892,0
3781,4138,3870,2869,2586,0
3549,2722,3373,2894,4176,0
3622,3186,4104,3366,2670,0
3951,2916,3764,2572,3075,0
3741,3781,3768,2391,2856,0
3372,3694,4006,2707,2721,0
3727,2919,3858,3381,2909,0
3505,2750,2149,3911,4303,0
3250,2763,2965,3782,3614,0
3494,2986,2218,3457,3831,0
3269,2976,2542,3364,4049,0
3269,3742,2570,3491,3206,0
3247,2922,3135,3108,3877,0
3150,3489,3538,2797,3213,0
3152,3437,2919,3059,3860,0
4027,2156,2865,3721,3614,0
3769,2798,2304,3261,3755,0
3441,2463,3296,3673,3788,0
3327,2765,3503,4042,3336,0
3913,2458,3072,4090,3162,0
4492,2210,2330,4379,3928,0
3942,2369,2951,3153,4087,0
4108,3169,1499,3895,3823,0
3879,2787,2857,4166,3011,0
4093,2563,2378,3421,3832,0
3721,3201,2465,3080,3824,0
4038,2967,2087,3309,4023,0
3965,3861,1728,3375,3926,0
4203,2552,2931,4326,3088,0
4317,2250,2724,3957,3540,0
4458,2539,2115,4455,3777,0
3853,3182,2315,3766,3134,0
3993,2485,2650,3797,3463,0
3183,3105,2735,3213,3929,0
3735,3127,2089,3337,3604,0
3702,2988,2888,3498,3389,0
3766,2902,2146,4190,3547,0
3294,3463,4264,4120,2382,0
2984,3392,3664,3729,2972,0
3003,3605,3241,3311,3407,0
3363,3253,3488,3187,3226,0
3152,3099,2679,4282,4074,0
3480,2774,4063,3040,3487,0
3463,2470,3590,3760,3751,0
4073,3839,3520,3633,2290,0
3957,2438,3084,3551,3279,0
4154,2183,2893,3666,3613,0
3247,2979,3392,3906,3044,0
2806,3617,3675,3671,3134,0
2815,3582,3714,3287,3347,0
4292,2854,2631,3311,3263,0
3256,2944,3431,3522,3257,0
3779,3279,3469,4008,2512,0
3588,2825,2798,4059,3247,0
4134,3459,3512,2871,2868,0
3049,3586,3162,3124,3788,0
3870,2158,2915,3975,3692,0
3597,2790,2837,3675,3460,0
3907,2617,3549,3800,2860,0
4242,3033,3096,3560,2844,0
3857,2353,3852,3040,3849,0
3591,3360,2978,3282,3241,0
3843,2812,1982,4188,3936,0
4251,2998,3135,3176,3057,0
4125,3494,3473,3255,2655,0
3932,3206,2384,3435,3444,0
3582,3395,2939,3666,3028,0
3916,2582,3588,3416,3073,0
3945,2632,3215,3261,3329,0
3794,2535,2646,3790,3794,0
3039,3338,3624,3158,3566,0
4209,2986,3223,2930,3225,0
3831,2934,3422,3630,2877,0
3156,3428,3120,3440,3550,0
4433,2673,3569,3466,2933,0
3788,3244,3508,3624,2725,0
4218,2319,3719,3092,3197,0
3462,3118,3760,2907,3206,0
3893,2151,3710,3298,3435,0
3814,2605,4162,3758,2592,0
3777,2146,3528,3933,3424,0
3993,3075,4071,3126,2572,0
3738,2883,3758,3628,2661,0
4137,2530,3710,4586,2757,0
3652,2490,3964,3389,3119,0
3735,2409,3888,2653,3740,0
3418,2641,4591,2740,3253,0
3464,2993,4361,3298,2834,0
3876,2246,3874,3260,3338,0
3559,2478,4577,3347,2851,0
4282,2667,3313,2691,3620,0
3512,3107,3759,2709,3783,0
3640,2924,3672,2604,3723,0
3670,2553,3014,3677,3994,0
3778,2707,2541,3710,3898,0
4008,2596,3356,3669,3109,0
3174,2801,2727,4022,3810,0
3307,2852,3234,3353,3673,0
3877,2370,4008,3556,2782,0
3905,2538,3566,3520,3019,0
3413,2595,3591,3896,3281,0
3925,2484,3406,2967,3731,0
4274,2625,3328,3204,3154,0
3646,3681,3611,3403,2684,0
3055,3152,3798,2925,3992,0
3502,2674,3652,4310,3127,0
3547,3095,3773,2549,3730,0
3433,2541,3431,3343,3993,0
3263,4006,3892,2720,3103,0
3945,2895,3668,3998,2749,0
3695,3403,3570,3339,2800,0
4172,2691,1842,3605,3752,0
4311,2335,2165,3609,4255,0
3455,3777,3137,3134,3088,0
4468,2817,1746,3771,3642,0
4453,2211,2625,3297,3651,0
4126,2550,2393,4066,3366,0
4044,3636,2986,3715,2399,0
4063,3849,2563,3297,2834,0
3680,3021,2785,3100,3713,0
3984,2039,3631,3102,4086,0
4244,2660,2947,2892,3367,0
4096,3291,2939,3337,2764,0
3593,2741,2616,3524,4126,0
3829,2515,2223,4071,4380,0
4125,1876,3617,3709,3684,0
4818,2187,2362,4331,3596,0
4288,3093,2211,3263,3459,0
4210,2989,2732,2968,3216,0
3658,2967,3378,2844,3541,0
3780,2238,2887,3673,4238,0
4677,1898,2971,3833,3359,0
4130,2962,3154,3261,2915,0
3797,2542,3360,2953,3974,0
4299,3623,2170,3844,3088,0
3957,3356,2817,4139,2812,0
3867,2518,3056,3249,3825,0
4419,2540,2410,3373,3500,0
4212,3343,2001,4268,3501,0
4468,2347,3293,3428,3075,0
4004,3296,1872,3385,3872,0
3568,2820,2342,4054,3716,0
3648,2847,1920,3761,4017,0
3517,3400,1721,3651,3976,0
3077,3404,3051,3771,3240,0
3332,3391,2235,3900,3929,0
3268,3858,3722,3720,2505,0
3434,3211,3468,2973,3322,0
3152,3667,2700,3392,3746,0
3320,3513,3675,3342,2870,0
3287,4071,3299,3302,2940,0
3283,3114,2899,3502,3787,0
4259,1901,3063,3984,3604,0
4001,2543,2502,3524,3745,0
4400,2190,2454,4482,3841,0
4142,2832,1893,4022,3982,0
3300,3049,2849,3495,3723,0
2988,3958,2826,3082,4015,0
3792,2992,2824,3119,3461,0
3776,3754,1787,3753,3944,0
4174,2114,3149,3416,4077,0
3083,3443,3042,3131,4032,0
3441,3338,2240,3993,3960,0
3669,3136,2611,3179,3858,0
3635,3465,2396,3255,3707,0
3737,3864,2710,3548,3174,0
3596,4030,2252,3245,3761,0
3096,2785,3965,3638,3299,0
3285,3495,2791,2833,4335,0
3219,3485,2982,2931,3572,0
3881,2809,2388,3575,3599,0
3747,4189,3618,2511,2767,0
3199,3624,2984,2682,4215,0
3025,3951,4135,3100,2684,0
3751,3646,2338,2806,3890,0
2688,3562,3449,3242,3604,0
3788,4045,3114,2646,2973,0
2634,4022,3668,2658,3793,0
3075,3772,3670,2851,3103,0
3139,3649,3928,2731,3136,0
2946,2920,4010,3702,3463,0
2647,3706,3953,3107,3398,0
3012,4267,3850,2651,3079,0
3664,3366,2169,3230,4303,0
3614,2430,3340,4459,3124,0
3926,3606,1944,3228,4278,0
3839,3326,1775,3652,4691,0
3728,2128,3133,4090,3576,0
3087,4530,3499,2272,3585,0
4121,2044,3692,3827,3398,0
4140,2257,3269,3409,3833,0
3453,2689,3240,3637,3591,0
3236,3083,3433,3273,3900,0
3428,2431,3664,3816,3667,0
3155,2775,3785,3413,3905,0
3504,2490,3649,3530,3662,0
3231,3122,3571,3230,3430,0
2722,3570,4327,3245,3079,0
3198,3820,4332,3308,2476,0
4149,3021,3709,3518,2576,0
3489,3383,3552,3624,2760,0
3738,2922,4035,3588,2609,0
4032,3482,4086,3213,2387,0
4407,2811,3329,3737,2877,0
3345,3300,4232,3529,2704,0
4558,1929,2795,3615,3642,0
4266,2900,2019,3231,3632,0
3972,2236,3226,3567,3816,0
3394,4149,2801,3092,3315,0
4002,4221,2227,3255,3061,0
4473,2142,2881,3047,4115,0
4699,2218,2186,4113,3879,0
4081,4052,2750,3703,2685,0
4041,3695,2648,3225,2955,0
3831,2399,3240,2960,4218,0
4524,2258,2580,3691,3491,0
3714,2878,2665,3107,3957,0
3725,2642,2596,3561,4429,0
3855,3167,2056,3605,4194,0
4665,2547,1971,4189,3728,0
3505,3327,2987,2702,3673,0
4508,2604,2887,4090,3098,0
4238,3995,1834,3802,3315,0
4339,3410,3311,4163,2544,0
4315,2707,2902,3286,3207,0
3619,3393,2449,3058,3940,0
4250,3246,2326,3630,3239,0
3646,3616,2378,3200,3910,0
4277,2664,1950,3685,4104,0
4227,3465,1875,3221,3686,0
3114,3820,2815,3759,3526,0
3228,3518,2608,3390,3978,0
3474,3468,3062,3635,3345,0
3227,3501,4288,3300,2602,0
3072,2632,3820,3543,3623,0
4305,2279,3261,3036,3660,0
2814,3274,3259,3083,3764,0
3936,2192,3499,3352,3525,0
2760,3734,3478,2499,3953,0
3461,3228,3131,2528,3975,0
3678,2834,2938,2892,3666,0
3483,2956,3909,3287,2850,0
3999,3324,2861,2395,3870,0
3954,2222,2702,3766,3951,0
3818,3372,3456,3047,2834,0
3882,3785,3238,2090,3681,0
3298,3830,3208,2366,3848,0
3960,2748,3696,2632,3421,0
3210,3300,4030,2884,3088,0
4043,2616,3104,3013,3459,0
4235,3098,2468,2942,4124,0
3253,2728,3049,3737,3929,0
3017,2954,3442,3190,3675,0
3718,2448,3095,3219,3697,0
3977,3270,3454,2139,3698,0
3764,3832,3675,2463,3023,0
3591,2661,3934,2948,3286,0
2926,3532,3389,2750,4356,0
3342,3122,3451,2984,3437,0
2975,3868,3074,2811,3996,0
3534,2587,2972,3525,3665,0
3746,3882,2409,2720,4095,0
3056,2978,4127,3942,3230,0
3472,2992,3062,2982,4447,0
3691,3259,3820,3956,2736,0
4423,2504,3299,3298,3218,0
3781,2761,3658,3211,3321,0
3567,2703,4050,2821,3592,0
3385,2427,4033,3932,3044,0
3455,3300,3738,3021,3114,0
3754,2514,3795,3616,3179,0
3849,1999,4011,3665,3196,0
3550,2785,3954,3070,3131,0
3112,2771,4154,3529,3282,0
3657,2987,4474,3409,2341,0
4026,3074,4236,3093,2476,0
3611,2563,3801,3968,2960,0
3725,2261,3594,3599,3412,0
3235,3838,4334,2756,2866,0
3191,2602,4677,3977,2906,0
3384,3331,4595,3006,2579,0
3032,2861,4878,3761,2971,0
4086,2895,3221,3716,2669,0
4120,2566,3436,3640,2820,0
3611,2507,2793,3310,4092,0
3991,3410,3005,3667,2652,0
3454,2564,3709,3211,3462,0
3652,3804,2320,3561,3170,0
3888,3578,1927,4108,3424,0
3633,3591,2743,3979,2735,0
3337,3025,4086,2906,3273,0
4355,3064,3004,3764,2937,0
4097,3706,2443,3304,3078,0
4197,2637,2372,3978,3803,0
3803,3318,1910,4178,3833,0
3917,3016,1703,3809,4285,0
4403,2943,1824,4343,3968,0
4262,2654,2433,3845,3731,0
4148,2956,2640,4214,3279,0
4179,3256,1478,3807,4260,0
3924,3269,2294,3678,3571,0
3928,3445,1964,3387,3640,0
3320,3373,2538,3224,3894,0
3841,3165,1795,3811,4053,0
3469,2867,1976,4195,4561,0
3507,2870,2809,3373,4006,0
3251,3735,2785,3311,3482,0
2857,3813,3479,3984,2841,0
3286,2858,3871,3379,3314,0
3061,3614,4223,3413,2689,0
3101,3270,2704,3532,3901,0
3265,3361,3738,2572,3296,0
3170,3876,3522,2523,3279,0
3160,3628,3984,2557,3057,0
3812,3619,3163,2610,3176,0
3778,3948,2948,2686,3025,0
3201,3484,3480,2692,3263,0
3481,3089,3129,2777,3332,0
3816,3505,2676,2537,3316,0
2977,3340,3285,2863,3644,0
3026,3617,2621,3261,3786,0
3727,3111,2274,3290,3808,0
3440,3233,3633,2642,3126,0
3775,3649,3180,2402,3110,0
3322,4143,3091,2816,3000,0
3312,3895,3553,2850,2778,0
3831,2459,3745,3337,3286,0
3893,4333,2245,3123,3238,0
2809,4011,2814,2897,4095,0
4188,3210,2091,3074,4038,0
3039,4239,3674,2447,3016,0
3558,3917,2698,3363,3254,0
3329,2787,3034,3451,3924,0
2969,3139,2787,3575,4105,0
3572,3035,3970,3701,2696,0
2655,3423,4248,3403,3389,0
3446,2596,3410,3407,3715,0
3737,3720,2714,2549,4110,0
2664,3388,4287,3019,3602,0
2823,3129,4086,3235,3537,0
3437,2631,3371,3791,3502,0
3140,3638,4292,3082,2999,0
4199,2974,2022,3528,4510,0
4153,2596,1824,4476,4454,0
3793,2948,1577,4600,4635,0
3739,2939,2355,3678,3985,0
3284,3395,3156,3894,3330,0
3776,3338,3131,3518,3068,0
3452,3102,2171,4447,4432,0
3448,3300,4391,3737,2493,0
4098,2699,4307,3467,2505,0
4263,2454,3736,3109,3185,0
4112,2357,3167,3638,3650,0
3481,2602,3630,3659,3447,0
3408,2381,4008,3876,3316,0
2763,4486,3314,2522,3687,0
2422,4640,3908,2369,3484,0
2688,4223,3665,2901,3181,0
3020,4172,3078,2823,3648,0
2875,3520,2941,2947,4232,0
2833,4253,3663,3409,3065,0
2852,4466,3240,2991,3500,0
2842,4218,3702,3025,3278,0
3301,2722,3538,3547,3829,0
3763,2677,2690,3529,3871,0
3820,2751,3652,2952,3492,0
4189,2838,3414,2636,3627,0
3802,2628,3193,3027,4128,0
3470,2956,3949,2539,3488,0
2978,3013,3974,2915,3750,0
3223,3362,3319,2533,4101,0
3440,2968,3126,2897,3792,0
3770,3620,2744,2571,3981,0
2873,3280,4220,2900,3511,0
3866,3129,3850,2004,3548,0
3823,3324,2919,2529,4294,0
3497,3042,4088,2320,3413,0
3276,3066,3494,2491,4414,0
3955,3169,3634,2458,3446,0
3479,2919,3629,2395,4049,0
3507,3290,3626,2286,3635,0
3384,3434,3413,2346,4032,0
3154,3724,4471,2115,3562,0
4134,2774,2041,4295,3700,0
4168,2445,2256,4219,3851,0
4059,2892,2163,3497,3681,0
3972,2612,1994,3921,4094,0
3506,3283,1740,4183,4847,0
3357,3789,2302,3212,4180,0
3999,3532,1943,3299,4077,0
3452,3274,2518,3261,4197,0
3169,3319,4248,3074,3125,0
2984,3731,3081,3227,3712,0
3400,2967,2828,3131,3590,0
2900,3433,2867,3337,3414,0
3821,2538,3704,4009,2782,0
3601,2927,2520,3366,3436,0
3318,3023,3103,2997,3452,0
2967,2899,4066,3528,3384,0
3459,2842,4041,3152,3122,0
3277,3167,3607,2862,3246,0
3945,3988,2198,2745,3603,0
3346,3427,3047,2547,3779,0
2846,3893,3086,2753,3603,0
3264,3483,3322,2413,3641,0
3547,3387,2739,2782,3625,0
3510,3505,2467,2926,4117,0
3223,3627,3826,2278,3435,0
3851,2405,3585,2784,3998,0
3654,2660,3776,2669,3664,0
3989,3076,3323,2429,3648,0
3664,2908,3314,2635,3886,0
3627,3026,3042,2779,4378,0
3381,3004,3897,2266,3902,0
4361,2781,2738,2966,4370,0
4186,2821,3132,2544,3982,0
3056,3419,2956,3151,3692,0
3368,3234,3226,4272,2848,0
3521,3161,2141,3699,3780,0
3668,4323,2569,3030,3456,0
3533,3919,1970,3120,4262,0
3893,3567,2217,2996,4081,0
3377,3199,3265,3888,3061,0
3180,3315,2735,3546,3577,0
3171,3350,2696,3930,3364,0
3246,3613,2345,3551,3870,0
3192,4073,2564,2967,4059,0
3126,3775,2954,2962,3766,0
3467,3621,2360,3115,3969,0
3712,3615,2812,3648,3045,0
3411,2731,2759,3585,4062,0
3453,3629,3567,2886,2989,0
2921,3944,3614,2388,3613,0
2561,3804,4402,2775,3516,0
2921,3863,3385,2510,4154,0
2570,3769,4441,2391,3729,0
2580,4017,3979,2357,3951,0
3046,4019,4446,2454,3126,0
3414,2878,3850,3838,2711,0
3512,2823,3815,3923,2737,0
3239,3167,3936,3520,2975,0
3399,2684,3551,3336,3749,0
2939,3109,4257,3519,3404,0
3253,2825,2796,3691,4120,0
3649,2979,2897,3898,3419,0
3166,3001,2961,3890,3894,0
3751,3414,3365,3418,2923,0
3128,3877,3103,2484,4084,0
3375,3471,3733,2490,3471,0
2999,3606,3409,2662,3882,0
3365,3223,4195,2524,3249,0
3326,3270,3333,3266,3340,0
2894,3873,3655,2647,3643,0
4017,3214,3374,2577,3368,0
3230,3546,4346,3067,2876,0
3695,3357,3095,2950,3475,0
3118,3629,3565,2518,3862,0
3239,3511,4385,2683,3089,0
3704,3322,3134,2566,3688,0
2960,4171,3265,2652,3936,0
3590,3684,3199,2920,3321,0
3704,3382,2992,2551,3773,0
3665,3947,2848,2541,3827,0
3797,3792,3563,2470,2979,0
3428,3705,3801,2786,2844,0
2553,4087,4107,2479,3525,0
3226,4057,3342,2358,3565,0
4342,2478,3805,2778,3495,0
3973,2391,4043,3094,3360,0
3933,3264,3579,3039,2697,0
3786,2210,3408,3389,3830,0
4394,2282,2834,3552,3576,0
4237,2339,3750,3453,2946,0
3524,2606,3261,3543,4070,0
3877,2691,3503,3577,3127,0
4345,2005,3498,3154,3434,0
3601,2909,3472,2914,3508,0
4125,3007,3131,2419,4116,0
2516,4259,3754,2997,3357,0
3570,3168,3190,3191,3178,0
3736,4390,3161,3024,2608,0
3465,3507,2127,3444,4048,0
2869,3674,3537,3162,3156,0
3401,3974,3614,3264,2624,0
3210,3520,2943,3315,3359,0
3545,3936,2490,3075,3343,0
2960,4612,3897,3029,2714,0
2769,4158,3226,3080,3449,0
3002,3879,3175,2567,3881,0
2778,4123,3265,2696,3662,0
3248,3901,2320,3080,4357,0
3378,3227,1958,3868,4461,0
3483,2888,3021,3615,3591,0
3458,3656,2321,3499,3756,0
3161,3621,2151,3504,4770,0
3638,3078,2774,3336,4380,0
3653,2552,3108,3611,4001,0
3423,2843,3889,3454,2924,0
3150,3187,4010,3051,3162,0
2790,3047,4798,3438,3065,0
2809,3260,4375,3020,3500,0
2799,3012,4837,3054,3278,0
3275,3262,4842,3117,2675,0
3594,2466,4591,3187,2798,0
3815,2325,4268,3437,2860,0
3736,2533,4022,2949,3184,0
3508,3111,4883,3824,2368,0
3383,2967,4867,2778,3111,0
3620,2528,3840,3584,3173,0
3524,2804,4853,3385,2709,0
3347,2872,3961,3181,3411,0
3989,2615,3602,3268,3308,0
3620,2588,3698,3569,3258,0
3989,2675,3460,3253,3393,0
3347,2932,3819,3166,3496,0
3112,3909,3323,3249,3568,0
2883,3528,3758,2866,3733,0
3564,2706,3543,2963,3576,0
3156,3184,3637,3269,3495,0
3648,3127,3612,2893,3233,0
2894,3933,3513,2632,3728,0
3006,4595,3938,2093,3317,0
3045,4030,4082,2103,3263,0
3118,3689,3423,2503,3947,0
3955,3208,3911,2418,3394,0
3164,3972,4009,2081,3784,0
3313,3465,4270,2331,3497,0
4108,2783,3597,4106,2839,0
3454,2362,3929,3689,3697,0
4219,2579,2219,3473,3838,0
3983,2805,2612,2926,3584,0
3961,2751,3205,2670,3412,0
3866,3266,2989,2621,3395,0
4170,2302,2883,3075,3696,0
3945,3058,3235,3109,3071,0
3979,2729,3450,3033,3222,0
4345,2262,2489,3497,4084,0
3337,2986,3809,2946,3325,0
3837,3392,3487,3408,2583,0
3963,3075,3757,3432,2829,0
3979,2768,3727,2993,3170,0
4641,2388,2393,3663,3974,0
4161,3157,3561,3568,2660,0
4033,2316,2967,3500,4228,0
4386,2401,3209,3534,3285,0
4383,2560,3379,2860,3548,0
4767,2071,2663,3687,4220,0
4592,2111,3057,3265,3832,0
4021,3257,3797,3658,2306,0
4246,2501,3445,3624,2931,0
4037,2950,3767,3219,2647,0
4166,3113,3620,3746,2390,0
4182,2806,3590,3307,2731,0
4402,2887,3227,4293,2644,0
4425,2028,3483,3636,3166,0
4391,2357,3268,3712,3015,0
4261,2637,4113,3755,2355,0
4110,2540,3544,4284,2820,0
4120,2761,3850,3188,2809,0
4120,2800,4127,3148,2757,0
4284,2191,3497,3029,3568,0
3753,3557,2680,3109,3515,0
3643,2341,3219,3522,4049,0
3680,2740,3995,3362,3132,0
3380,3184,3030,3311,3769,0
3845,2926,2215,3859,3857,0
3517,2825,4066,3063,3175,0
4112,2562,3075,3693,3408,0
3815,2364,4545,3397,2808,0
3709,2568,3624,4038,3071,0
3824,2317,3539,4115,3306,0
3344,3244,4139,2698,3328,0
3983,2639,3581,3060,3582,0
4015,2748,2758,3506,3122,0
3928,2468,2589,3930,3535,0
4344,2986,2450,3074,3947,0
4378,2657,2665,2998,4098,0
4614,2431,2272,3545,4352,0
3972,2688,2631,3458,4455,0
4339,2513,2832,3666,3199,0
4252,2233,2663,4090,3612,0
4609,2636,2684,3926,3312,0
3957,2975,2072,3627,4078,0
3673,2668,2720,3624,4409,0
3407,3085,2686,3690,3809,0
3358,2808,3350,3292,3667,0
3808,3294,3358,4058,2473,0
3827,3507,2935,3640,2908,0
3444,2679,3157,3443,3787,0
4159,2221,3276,4048,3344,0
4030,2697,3176,3350,3361,0
4239,2248,2854,3755,3645,0
3794,2815,3801,4130,2898,0
3669,2671,3785,3084,3641,0
2876,4026,3056,3566,3276,0
3112,3800,2663,4113,3530,0
4075,3211,2106,3499,3397,0
3740,2795,2559,3739,3413,0
4060,2605,2985,3025,3406,0
3039,3301,2906,3710,3391,0
3374,3717,2453,3470,3375,0
3359,3111,3332,2996,3384,0
2990,3024,3570,3312,3249,0
3691,2518,3223,3341,3271,0
4026,2934,2770,3101,3255,0
3430,2527,3018,4405,3551,0
2773,3418,3763,2948,3558,0
3194,3993,2918,2962,3192,0
2822,3695,3099,3346,3700,0
3906,4017,2530,3572,2843,0
3571,3601,2983,3812,2859,0
3474,2912,3416,2977,3580,0
2859,3577,3371,3202,3208,0
3287,3415,3145,2828,3468,0
3560,3071,3024,3231,3230,0
3523,3189,2752,3375,3722,0
4021,3671,2325,2915,3586,0
3320,4177,2672,2886,3564,0
2985,3761,3125,3126,3580,0
4006,3065,3204,2441,3595,0
3637,2978,3442,2757,3460,0
3972,3394,2989,2517,3444,0
3140,4453,3137,2378,3381,0
3841,3947,2790,2407,3403,0
3233,3875,3364,2244,3657,0
2768,4155,3318,2762,3889,0
3420,3372,3635,2393,3769,0
3852,4477,2749,2988,3032,0
3506,3531,3243,2647,3419,0
3469,3649,2971,2791,3911,0
3420,2889,3179,3894,3213,0
3377,3060,2544,3661,3911,0
2988,3552,3359,3260,3601,0
3212,3248,3411,3146,3735,0
3887,3318,3427,3727,2783,0
3578,2773,4621,3626,2457,0
3828,3537,2660,3256,2810,0
3220,3465,3234,3093,3064,0
3862,3208,2875,3180,2961,0
3383,3338,3579,3504,2906,0
4187,2827,2510,3736,3176,0
3399,3031,3549,3065,3247,0
3608,2582,3227,3470,3531,0
3844,2356,2834,4017,3785,0
4007,3103,2975,3228,2993,0
4041,2774,3190,3152,3144,0
4216,2654,2653,3633,3277,0
3220,3504,3511,3053,3012,0
3877,3048,1968,3527,3795,0
3685,3246,2696,3601,3100,0
3799,2944,2489,3232,3552,0
3833,2615,2704,3156,3703,0
3760,3509,2345,3222,3606,0
4008,2495,2167,3637,3836,0
3916,2795,2392,3647,3967,0
4594,2500,2016,3795,3888,0
4009,3011,2770,3761,3177,0
4332,2260,2241,3797,3913,0
3655,3100,2511,3630,3303,0
3979,2865,2585,3790,3380,0
3847,2884,2735,3104,4070,0
3395,3207,4126,3132,2750,0
4003,3240,3275,3335,2548,0
4003,3279,3552,3295,2496,0
3395,3168,3849,3172,2802,0
4037,2911,3490,3259,2699,0
4167,2670,2922,3176,3307,0
3164,3455,2616,3735,3895,0
3553,2592,3635,3576,3210,0
3658,2325,3389,3591,3449,0
3922,2470,2993,4029,3289,0
3951,2297,3136,3926,3390,0
3726,3053,3488,3960,2765,0
3250,2803,3483,3897,3368,0
3742,2746,3458,3521,3106,0
3484,3388,2897,3061,3247,0
3522,3324,3647,3414,2717,0
3857,3740,3194,3174,2701,0
3443,3532,3401,2926,3041,0
3786,3678,3655,3083,2613,0
4008,3486,2556,2566,3855,0
3430,3848,3116,2477,3436,0
3803,4200,3413,2590,2890,0
4329,2774,2768,3073,3674,0
3023,4117,3717,3229,2738,0
2665,3752,4015,3247,3070,0
2706,3608,3511,3382,3276,0
3366,3246,3668,3276,3092,0
2969,4577,3936,2645,2927,0
2652,4068,3730,2798,3465,0
2988,3492,3501,3275,3516,0
3764,3270,2765,3270,3410,0
3798,2941,2980,3194,3561,0
3429,2854,3218,3510,3426,0
3710,3730,2984,2686,3599,0
3798,3492,3046,3590,2947,0
3922,2271,3910,3459,3080,0
4291,2358,3672,3143,3215,0
3649,2615,4031,3056,3318,0
4032,3443,3809,3253,2439,0
4257,2687,3457,3219,3064,0
3267,2544,4022,3269,3718,0
3416,2606,3481,3350,4057,0
3417,2910,3351,3593,3440,0
4157,2658,2815,3750,3448,0
2571,4133,4169,2619,3197,0
3047,4383,4174,2682,2594,0
3730,3363,2160,3251,3809,0
3643,3083,1991,3675,4222,0
4000,2551,2991,3379,3564,0
3886,2853,3198,3748,3112,0
3916,2999,3383,3719,2909,0
3879,2600,2607,3879,3826,0
3443,3149,4071,3591,2781,0
3339,3323,2373,3520,3676,0
3223,3204,3228,3764,2964,0
3558,3620,2775,3524,2948,0
2782,3842,3511,3529,3054,0
3285,3783,2592,2936,3865,0
3128,4318,3735,2861,2862,0
3504,4080,2994,2940,3137,0
3869,2417,2524,4588,3813,0
3663,3088,2447,3680,3753,0
3882,3385,2849,3684,3025,0
4193,2182,2598,4748,3890,0
3359,3448,3995,3075,2708,0
3541,2949,4283,3355,2830,0
3448,3527,4056,3489,2554,0
3543,2785,4607,3786,2510,0
3063,2743,3278,3840,3870,0
3366,2853,3715,3582,3212,0
2729,3510,4240,2607,3664,0
2525,3709,3496,3178,3816,0
2866,3555,2902,3331,4019,0
3127,4133,4309,3095,2430,0
2800,3376,4565,3282,2746,0
3276,3626,4570,3345,2143,0
2973,3516,4133,3603,2801,0
2958,2753,4636,3270,3213,0
3507,2847,2367,4043,4097,0
3401,3533,2982,2887,3846,0
3459,2973,3789,2948,3337,0
3160,3759,3732,2353,3272,0
3155,4088,4199,2343,3030,0
4098,2535,4059,4140,2617,0
3907,2081,3388,4191,3352,0
4203,2268,3813,4155,2856,0
3904,3054,3756,3560,2791,0
3910,3087,1695,3759,3992,0
4234,2852,1769,3919,4069,0
3563,3180,3143,3549,2923,0
3844,4056,2909,2725,3096,0
3509,3640,3362,2965,3112,0
3393,3966,2844,2621,3928,0
3773,3994,3370,2634,3008,0
3783,4242,2908,2600,3230,0
2696,3983,3289,3505,3540,0
3037,3829,2695,3658,3743,0
2791,3807,3550,3145,3267,0
3142,3490,3758,3405,2873,0
2983,4289,2914,3074,3932,0
2874,3315,2526,3935,4378,0
3612,2691,2451,3820,3908,0
3387,3447,2803,3854,3283,0
2911,3197,2798,3791,3886,0
3252,3043,2204,3944,4089,0
2820,3775,2745,3351,4567,0
3558,3151,2670,3236,4097,0
3406,2789,3572,3711,3646,0
3936,2456,2525,3980,3985,0
3971,2548,3246,3857,3222,0
3270,3054,3593,3828,3200,0
4081,3720,3145,3651,2581,0
3746,3304,3598,3891,2597,0
3789,3373,3462,3642,2757,0
4002,3237,3766,3297,2557,0
3611,2451,3512,4158,3351,0
2817,3578,2952,3163,4013,0
3195,2883,2807,3907,3901,0
3384,3292,4318,3046,2631,0
3814,2069,4001,4149,3084,0
3876,2934,2129,3727,4232,0
3553,3225,2565,3095,4153,0
3599,3649,3238,2536,3534,0
3249,3838,3793,2767,3118,0
3313,3426,3993,2371,3549,0
3931,2530,2420,3839,4041,0
3929,3469,1949,3276,3317,0
3377,3447,2595,3152,3642,0
3992,2967,2307,3097,3569,0
3767,3723,2659,3131,2944,0
4250,3346,2834,3446,2946,0
3232,3382,2071,3611,4071,0
3556,3147,2145,3771,4148,0
3444,3445,3185,3570,2944,0
3796,3926,3193,3049,2835,0
3192,3311,3293,3156,3292,0
3151,3455,3797,3021,3086,0
2857,4105,3160,3150,3560,0
3138,3771,3512,2572,3481,0
3097,3915,4016,2437,3275,0
3426,3337,1880,4059,4053,0
2619,3328,3342,3806,3689,0
3372,3797,2099,3475,4242,0
2697,4188,3704,2517,3394,0
2898,4890,3913,2432,2881,0
2911,3615,3847,2544,3932,0
3140,2858,4243,3207,3481,0
4042,2319,3777,3226,3621,0
3541,2413,4122,3746,3322,0
3212,3379,3159,2942,3950,0
3155,4049,3922,2383,3082,0
3813,3076,3381,2563,4072,0
4250,2325,2868,3557,3428,0
4025,3081,3220,3591,2803,0
4109,2488,2882,2950,3830,0
4261,3136,2090,3145,3837,0
4531,2297,3056,3140,3966,0
3942,3426,3274,3210,2682,0
3325,3440,3117,3072,3233,0
3366,3296,2613,3207,3439,0
3664,3112,2432,3569,3430,0
3271,3900,3336,2488,3422,0
3312,3756,2832,2623,3628,0
3979,3659,2413,2669,3754,0
3521,3269,2398,3380,4589,0
3005,3234,3693,3172,3805,0
3623,2395,3379,4075,3337,0
3642,2671,3696,3990,3056,0
3343,3457,3639,3395,2991,0
3384,3313,3135,3530,3197,0
3429,2796,3198,3740,3782,0
4307,1808,3700,4111,3233,0
4642,2224,3247,3871,3217,0
2936,3057,3499,3778,3633,0
3445,3052,4200,3055,2892,0
3744,2266,4257,3650,2957,0
3603,2429,4271,3043,3359,0
3640,2821,2477,3589,4268,0
3317,3112,2913,2957,4189,0
3374,3186,3875,2380,3810,0
3695,2417,2768,3701,4077,0
4040,2055,3498,3737,3523,0
3940,3233,1880,3730,3789,0
3974,2904,2095,3654,3940,0
3388,3211,2526,3606,4114,0
4351,3278,2123,3466,3453,0
4508,2704,3395,3906,2805,0
3955,2872,3231,3010,3167,0
3996,2728,2727,3145,3373,0
3668,2393,3719,3557,3406,0
3249,3668,3768,3011,2955,0
3901,3332,3450,2426,3356,0
3942,3188,2946,2561,3562,0
3236,3984,3483,2562,3350,0
3468,2805,3721,3008,3683,0
3573,2538,3475,3023,3922,0
3675,2876,2363,4023,3902,0
3552,3020,2150,4083,4299,0
3631,2720,3515,3249,3399,0
3843,2096,4334,3636,3144,0
3963,3140,2164,3200,3468,0
4254,2086,3288,3605,3232,0
3298,3945,3104,3409,3097,0
3285,4261,2819,2960,3492,0
3244,4405,3323,2825,3286,0
3365,2882,3940,3048,3624,0
3647,2844,2411,3723,4026,0
4007,2492,2658,3599,3845,0
3306,2998,3005,3570,3823,0
3734,3124,2580,3299,3613,0
3680,3584,2799,2715,3802,0
4676,1895,3462,3795,3368,0
4418,2537,2901,3335,3509,0
3423,3064,3980,3274,3101,0
4221,2498,2725,3660,3327,0
4136,2711,2811,3092,3800,0
4232,3309,1947,3248,3736,0
4436,2558,3442,4217,2795,0
3891,3411,3409,3098,2852,0
3878,3727,3124,2649,3247,0
4169,2299,3374,3037,3705,0
4115,2759,3593,2453,3894,0
3985,2989,3317,3739,3059,0
4451,2168,3760,3799,2890,0
4485,1839,3975,3723,3041,0
4186,2625,3918,3128,2976,0
4344,2002,3989,3116,3443,0
3846,3554,3182,3579,2568,0
3759,3274,3013,4003,2981,0
4170,3319,3256,3739,2645,0
3307,3992,2903,2537,3833,0
3117,3789,2953,3001,4187,0
3602,2405,3381,3659,3809,0
3497,2672,3627,3644,3570,0
3833,2345,4318,4064,2803,0
3534,3131,4261,3469,2738,0
3254,3378,3578,2981,3145,0
3295,3234,3074,3116,3351,0
3541,3256,2219,3629,3827,0
3241,3694,3293,2532,3540,0
3487,3716,2438,3045,4016,0
3330,3773,3354,2946,3386,0
