obj0,obj1,obj2,obj3,obj4,cpu
37075,33850,22430,19571,28052,1.03503
31413,29783,17966,19864,20884,1.13269
29729,31071,19034,21088,21403,1.14327
32476,28453,17887,19700,22071,1.18779
30792,29741,18955,20924,22590,1.22989
37700,37030,23010,21285,20067,1.33828
35554,35257,22843,22350,19603,1.50841
33870,36545,23911,23574,20122,1.51305
32117,26796,21914,25111,25847,1.54109
26914,30651,32842,30059,36048,1.55451
29624,34115,20479,25598,23312,1.82657
33244,29769,16233,21668,21331,1.84247
31560,31057,17301,22892,21850,1.8486
31647,28606,18689,21920,23436,1.88692
33304,26130,22735,25574,27756,1.91133
32710,27276,18610,21756,24623,1.9639
24471,31322,29082,25655,33995,1.96896
39531,37016,21277,23089,20514,2.03724
37385,35243,21110,24154,20050,2.17854
35701,36531,22178,25378,20569,2.18101
31427,29978,19335,21761,20756,2.57106
31661,28801,20058,23817,23308,2.58259
29743,31266,20403,22985,21275,2.58948
33538,24953,23458,27630,30308,2.61945
29674,27467,18154,20707,23794,2.65384
29688,27662,19523,22604,23666,2.65952
29908,26290,18877,22763,26346,2.66307
29922,26485,20246,24660,26218,2.66956
32490,28648,19256,21597,21943,2.68503
24705,30145,29805,27711,36547,2.71428
31350,25905,22174,26502,28853,2.72538
27990,28755,19222,21931,24313,2.76662
28004,28950,20591,23828,24185,2.77256
28224,27578,19945,23987,26865,2.77607
28238,27773,21314,25884,26737,2.78642
30806,29936,20324,22821,22462,2.80267
39900,37712,21152,22583,20233,2.83277
37754,35939,20985,23648,19769,2.9771
36070,37227,22053,24872,20288,2.98686
35747,25459,26495,29978,29809,2.99822
35967,26598,19572,24891,24517,3.02877
29638,34310,21848,27495,23184,3.22656
33258,29964,17602,23565,21203,3.26375
33613,30465,16108,21162,21050,3.34154
33627,30660,17477,23059,20922,3.34842
31929,31753,17176,22386,21569,3.36937
33552,25148,24827,29527,30180,3.41796
33524,27269,15812,20487,22464,3.46795
33538,27464,17181,22384,22336,3.47544
33758,26092,16535,22543,25016,3.48311
33772,26287,17904,24440,24888,3.49378
34676,29135,16029,20998,22237,3.50269
34690,29330,17398,22895,22109,3.51475
24485,31517,30451,27552,33867,3.54718
24719,30340,31174,29608,36419,3.55378
31364,26100,23543,28399,28725,3.56766
31840,28557,16880,21711,22983,3.61449
31854,28752,18249,23608,22855,3.62255
32074,27380,17603,23767,25535,3.62976
32992,30423,17097,22222,22756,3.64853
35789,25567,26535,29981,29792,3.70496
33842,26308,16615,22549,24982,3.78481
33884,26416,16655,22552,24965,3.78823
34066,27043,18184,24461,24769,3.79361
34108,27151,18224,24464,24752,3.79878
24747,30253,29845,27714,36530,3.83517
24789,30361,29885,27717,36513,3.83632
24887,30772,31334,29620,36351,3.83693
24929,30880,31374,29623,36334,3.83974
32159,26904,21954,25114,25830,3.94257
32201,27012,21994,25117,25813,3.94472
31689,28714,18729,21923,23419,3.9626
29950,26398,18917,22766,26329,4.00192
33800,26200,16575,22546,24999,4.00261
33898,26611,18024,24449,24837,4.01492
33940,26719,18064,24452,24820,4.02034
34150,27259,18264,24467,24735,4.02116
24803,30556,31254,29614,36385,4.06462
24845,30664,31294,29617,36368,4.06759
32368,28136,17883,23788,25416,4.13642
32410,28244,17923,23791,25399,4.13971
33874,25817,23778,27654,30172,4.21146
30286,27262,19237,22790,26193,4.23851
30328,27370,19277,22793,26176,4.24058
34136,27064,16895,22570,24863,4.24822
34178,27172,16935,22573,24846,4.25142
29964,26593,20286,24663,26201,4.2521
30006,26701,20326,24666,26184,4.2561
33856,26503,17984,24446,24854,4.25689
34024,26935,18144,24458,24786,4.26203
32752,27384,18650,21759,24606,4.29262
24761,30448,31214,29611,36402,4.29817
24971,30988,31414,29626,36317,4.30405
25013,31096,31454,29629,36300,4.30649
31406,26208,23583,28402,28708,4.31808
28644,28658,20345,24017,26695,4.35784
32116,27488,17643,23770,25518,4.36828
32158,27596,17683,23773,25501,4.37135
32452,28352,17963,23794,25382,4.37475
28616,28745,21674,25911,26584,4.37543
35915,25891,26655,29990,29741,4.41045
33622,25169,23538,27636,30274,4.46162
33664,25277,23578,27639,30257,4.46364
33678,25472,24947,29536,30129,4.46434
33720,25580,24987,29539,30112,4.46813
30244,27154,19197,22787,26210,4.50609
33968,26632,16735,22558,24931,4.51927
34010,26740,16775,22561,24914,4.52245
30048,26809,20366,24669,26167,4.53488
33814,26395,17944,24443,24871,4.53564
33982,26827,18104,24455,24803,4.5459
24831,30469,29925,27720,36496,4.63068
25055,31204,31494,29632,36283,4.64565
25097,31312,31534,29635,36266,4.6484
31476,26229,22294,26511,28802,4.66238
28602,28550,20305,24014,26712,4.74514
32200,27704,17723,23776,25484,4.76451
28574,28637,21634,25908,26601,4.7725
35873,25783,26615,29987,29758,4.85512
26956,30759,32882,30062,36031,4.86769
33580,25061,23498,27633,30291,4.90903
33832,25709,23738,27651,30189,4.90975
33594,25256,24867,29530,30163,4.9123
33636,25364,24907,29533,30146,4.91599
30076,26722,19037,22775,26278,4.96525
30118,26830,19077,22778,26261,4.96734
33926,26524,16695,22555,24948,4.99164
34094,26956,16855,22567,24880,4.99506
30090,26917,20406,24672,26150,5.01427
24957,30793,30045,27729,36445,5.11589
24999,30901,30085,27732,36428,5.11701
31392,26013,22214,26505,28836,5.15295
31434,26121,22254,26508,28819,5.15514
28266,27686,19985,23990,26848,5.25792
32284,27920,17803,23782,25450,5.28627
32326,28028,17843,23785,25433,5.28959
28406,28205,21474,25896,26669,5.2944
28448,28313,21514,25899,26652,5.29822
35831,25675,26575,29984,29775,5.40637
32285,27228,22074,25123,25779,5.41205
32327,27336,22114,25126,25762,5.41412
26998,30867,32922,30065,36014,5.41911
29842,31362,20382,22974,21357,5.46474
33748,25493,23658,27645,30223,5.46923
33790,25601,23698,27648,30206,5.47145
33762,25688,25027,29542,30095,5.48629
29787,27758,19502,22593,23748,5.51047
33637,27560,17160,22373,22418,5.51948
29992,26506,18957,22769,26312,5.54057
30202,27046,19157,22784,26227,5.54135
34052,26848,16815,22564,24897,5.58363
30132,27025,20446,24675,26133,5.61584
24873,30577,29965,27723,36479,5.75981
25083,31117,30165,27738,36394,5.76047
25125,31225,30205,27741,36377,5.76158
28434,28118,20145,24002,26780,5.93004
28476,28226,20185,24005,26763,5.93241
32242,27812,17763,23779,25467,5.97656
28364,28097,21434,25893,26686,5.98474
28490,28421,21554,25902,26635,5.9925
32243,27120,22034,25120,25796,6.15668
36177,27138,19772,24906,24432,6.16001
36219,27246,19812,24909,24415,6.16304
33357,30060,17581,23554,21285,6.16854
31526,30074,19314,21750,20838,6.19753
33726,30756,17456,23048,21004,6.19903
33706,25385,23618,27642,30240,6.24332
33846,25904,25107,29548,30061,6.26399
30034,26614,18997,22772,26295,6.34958
30160,26938,19117,22781,26244,6.35032
30258,27349,20566,24684,26082,6.44705
30300,27457,20606,24687,26065,6.45086
32589,28744,19235,21586,22025,6.5903
24584,31613,30430,27541,33949,6.63991
24915,30685,30005,27726,36462,6.64206
25041,31009,30125,27735,36411,6.64352
28308,27794,20025,23993,26831,6.91114
28350,27902,20065,23996,26814,6.91348
28560,28442,20265,24011,26729,6.9142
28280,27881,21354,25887,26720,6.99223
28322,27989,21394,25890,26703,6.99601
28532,28529,21594,25905,26618,7.00881
30905,30032,20303,22810,22544,7.12211
36135,27030,19732,24903,24449,7.28414
33804,25796,25067,29545,30078,7.40749
30216,27241,20526,24681,26099,7.64343
33955,26599,17963,24435,24936,7.6739
34789,29426,17377,22884,22191,7.88184
24818,30436,31153,29597,36501,7.90049
24944,30760,31273,29606,36450,7.90453
28103,29046,20570,23817,24267,8.19188
28392,28010,20105,23999,26797,8.27299
28518,28334,20225,24008,26746,8.27554
39910,37766,21253,22537,20313,8.66288
39920,37820,21354,22491,20393,8.66407
36051,26814,19652,24897,24483,8.73332
36093,26922,19692,24900,24466,8.73612
30063,26689,20265,24652,26283,9.15789
30174,27133,20486,24678,26116,9.17854
33997,26707,18003,24438,24919,9.23367
24902,30652,31233,29603,36467,9.46924
31463,26196,23522,28388,28807,9.55086
26673,32628,28991,25200,32816,9.55772
26598,32668,29013,25269,32884,9.55903
27826,29195,20162,22471,25281,9.78212
27785,29305,20397,22606,25523,9.78337
36080,37281,22154,24826,20368,10.6204
36009,26706,19612,24894,24500,10.6392
33753,31221,17522,20518,22170,10.6493
33763,31275,17623,20472,22250,10.6503
33693,25352,24846,29519,30245,10.8043
29387,28237,19799,21652,25488,10.838
29346,28347,20034,21787,25730,10.8393
33329,27551,16181,20556,22908,10.8649
33264,27645,16304,20579,23056,10.866
30021,26581,20225,24649,26300,11.1499
33871,26383,17883,24429,24970,11.1858
31051,29213,18305,21011,23363,11.2692
30976,29253,18327,21080,23431,11.2703
24860,30544,31193,29600,36484,11.5047
25998,32988,29189,25821,33428,11.5812
25923,33028,29211,25890,33496,11.5823
27867,29085,19927,22336,25039,11.825
26432,32935,28152,27061,33509,11.8267
26391,33045,28387,27196,33751,11.8282
29592,30381,19307,22028,23678,12.1679
29517,30421,19329,22097,23746,12.169
39930,37874,21455,22445,20473,12.3712
36090,37335,22255,24780,20448,12.3957
36100,37389,22356,24734,20528,12.3969
33663,30735,16613,20932,21450,12.4341
33673,30789,16714,20886,21530,12.4353
33651,25244,24806,29516,30262,12.5334
33777,25568,24926,29525,30211,12.5657
29633,27577,18389,20842,24036,12.5701
29592,27687,18624,20977,24278,12.5714
33459,27363,15935,20510,22612,12.5862
33215,27046,17682,22753,26331,12.7486
33150,27140,17805,22776,26479,12.7498
30105,26797,20305,24655,26266,12.8775
33913,26491,17923,24432,24953,12.9291
31126,29173,18283,20942,23295,13.0063
26073,32948,29167,25752,33360,13.2586
25473,33268,29343,26304,33904,13.2603
25398,33308,29365,26373,33972,13.2618
27908,28975,19692,22201,24797,13.3758
27662,29635,21102,23011,26249,13.3773
27621,29745,21337,23146,26491,13.3786
29742,30301,19263,21890,23542,13.6463
29667,30341,19285,21959,23610,13.6474
28992,30701,19483,22580,24222,13.6481
28917,30741,19505,22649,24290,13.6492
39950,37982,21657,22353,20633,13.8246
39960,38036,21758,22307,20713,13.8258
35617,25647,26741,30024,30105,13.8544
33623,30519,16209,21116,21130,13.8854
33683,30843,16815,20840,21610,13.8869
31939,31807,17277,22340,21649,13.9153
31949,31861,17378,22294,21729,13.9164
33735,25460,24886,29522,30228,14.0124
29428,28127,19564,21517,25246,14.0319
29305,28457,20269,21922,25972,14.0335
29264,28567,20504,22057,26214,14.0346
33394,27457,16058,20533,22760,14.0433
33134,27833,16550,20625,23352,14.0448
33069,27927,16673,20648,23500,14.046
29498,27390,21227,24113,28766,14.0982
29457,27500,21462,24248,29008,14.0994
33238,26844,17519,22727,26200,14.1469
33173,26938,17642,22750,26348,14.1483
33605,26482,16944,22615,25443,14.2064
33540,26576,17067,22638,25591,14.2082
30147,26905,20345,24658,26249,14.348
32026,28693,18019,20114,22479,14.4662
31951,28733,18041,20183,22547,14.4675
30901,29293,18349,21149,23499,14.469
26148,32908,29145,25683,33292,14.6309
25548,33228,29321,26235,33836,14.6323
27949,28865,19457,22066,24555,14.7019
27744,29415,20632,22741,25765,14.7041
27375,30405,22747,23956,27943,14.7049
27334,30515,22982,24091,28185,14.7061
31450,29121,17618,21849,23871,14.7629
31385,29215,17741,21872,24019,14.7641
28379,27977,21333,25876,26802,14.9778
30717,29781,18977,20993,22658,15.0176
29367,30501,19373,22235,23882,15.0195
29292,30541,19395,22304,23950,15.0207
39940,37928,21556,22399,20553,15.1961
37784,36101,21288,23510,20009,15.1992
37794,36155,21389,23464,20089,15.2006
35682,25553,26618,30001,29957,15.2238
33643,30627,16411,21024,21290,15.2469
33653,30681,16512,20978,21370,15.2483
33743,31167,17421,20564,22090,15.2491
33773,31329,17724,20426,22330,15.2513
31959,31915,17479,22248,21809,15.2753
29469,28017,19329,21382,25004,15.4052
33199,27739,16427,20602,23204,15.4131
32679,28491,17411,20786,24388,15.4139
32614,28585,17534,20809,24536,15.4151
29867,26400,19112,22898,26588,15.4499
33303,26750,17396,22704,26052,15.5029
33670,26388,16821,22592,25295,15.5523
33410,26764,17313,22684,25887,15.5537
33345,26858,17436,22707,26035,15.5548
32251,28573,17953,19907,22275,15.7042
32176,28613,17975,19976,22343,15.7055
31726,28853,18107,20390,22751,15.7067
31651,28893,18129,20459,22819,15.708
34451,29255,16095,21205,22441,15.7435
32415,28688,19278,21666,22011,15.7811
32340,28728,19300,21735,22079,15.7824
27123,32388,28859,24786,32408,15.8538
27048,32428,28881,24855,32476,15.8551
26523,32708,29035,25338,32952,15.8562
26448,32748,29057,25407,33020,15.8575
25848,33068,29233,25959,33564,15.8582
25773,33108,29255,26028,33632,15.8594
27703,29525,20867,22876,26007,15.9212
27539,29965,21807,23416,26975,15.9231
27498,30075,22042,23551,27217,15.9244
26883,31725,25567,25576,30847,15.9252
26842,31835,25802,25711,31089,15.9263
26309,33265,28857,27466,34235,15.927
31515,29027,17495,21826,23723,15.9653
28337,27869,21293,25873,26819,16.0962
30642,29821,18999,21062,22726,16.1315
29442,30461,19351,22166,23814,16.1325
29067,30661,19461,22511,24154,16.1341
32767,30543,17163,22429,22960,16.1889
37764,35993,21086,23602,19849,16.2738
37774,36047,21187,23556,19929,16.2752
37854,36479,21995,23188,20569,16.276
37864,36533,22096,23142,20649,16.2771
33633,30573,16310,21070,21210,16.3274
33693,30897,16916,20794,21690,16.3308
33783,31383,17825,20380,22410,16.3317
31989,32077,17782,22110,22049,16.3508
31999,32131,17883,22064,22129,16.352
29551,27797,18859,21112,24520,16.5134
29510,27907,19094,21247,24762,16.5146
32809,28303,17165,20740,24092,16.5194
32744,28397,17288,20763,24240,16.5211
29647,27772,19758,22739,23908,16.5294
29662,26950,20287,23573,27798,16.5443
29621,27060,20522,23708,28040,16.5455
33693,26186,16658,22566,25164,16.6
33735,26294,16698,22569,25147,16.6169
33475,26670,17190,22661,25739,16.6178
33280,26952,17559,22730,26183,16.6194
32955,27422,18174,22845,26923,16.621
32401,28493,17909,19769,22139,16.7391
32101,28653,17997,20045,22411,16.7403
31876,28773,18063,20252,22615,16.7419
31801,28813,18085,20321,22683,16.7431
31576,28933,18151,20528,22887,16.7448
34526,29215,16073,21136,22373,16.7705
32115,28848,19366,21942,22283,16.8137
32040,28888,19388,22011,22351,16.815
26823,32548,28947,25062,32680,16.8823
26748,32588,28969,25131,32748,16.8837
26223,32868,29123,25614,33224,16.8856
25698,33148,29277,26097,33700,16.8889
26312,33023,30470,27442,33028,16.9062
26237,33063,30492,27511,33096,16.9074
27580,29855,21572,23281,26733,16.9353
27416,30295,22512,23821,27701,16.937
26924,31615,25332,25441,30605,16.939
26473,32825,27917,26926,33267,16.9405
26350,33155,28622,27331,33993,16.9426
31710,28745,17126,21757,23279,16.9588
31645,28839,17249,21780,23427,16.96
26666,31758,28875,29117,36061,16.9845
28463,28193,21413,25882,26768,17.0986
30417,29941,19065,21269,22930,17.1148
30342,29981,19087,21338,22998,17.1161
29217,30581,19417,22373,24018,17.1187
32917,30463,17119,22291,22824,17.1571
30581,30056,20390,23028,22666,17.1673
30506,30096,20412,23097,22734,17.1686
37814,36263,21591,23372,20249,17.2206
37824,36317,21692,23326,20329,17.2223
37874,36587,22197,23096,20729,17.2231
37000,33890,22452,19640,28120,17.2556
33733,31113,17320,20610,22010,17.2592
31969,31969,17580,22202,21889,17.2665
33083,25611,24319,27791,31344,17.2747
33018,25705,24442,27814,31492,17.276
29223,28677,20739,22192,26456,17.4714
33004,28021,16796,20671,23648,17.4739
29524,28102,20463,23144,24634,17.4822
29483,28212,20698,23279,24876,17.4833
29826,26510,19347,23033,26830,17.4932
29539,27280,20992,23978,28524,17.494
33628,26280,16781,22589,25312,17.5258
33563,26374,16904,22612,25460,17.527
33020,27328,18051,22822,26775,17.5471
32326,28533,17931,19838,22207,17.6456
31426,29013,18195,20666,23023,17.6497
31351,29053,18217,20735,23091,17.6511
34601,29175,16051,21067,22305,17.6648
32265,28768,19322,21804,22147,17.7119
32190,28808,19344,21873,22215,17.7132
32677,27424,18672,21828,24674,17.7602
26898,32508,28925,24993,32612,17.7804
26298,32828,29101,25545,33156,17.7831
25623,33188,29299,26166,33768,17.7846
27457,30185,22277,23686,27459,17.8167
26965,31505,25097,25306,30363,17.8183
26760,32055,26272,25981,31573,17.8198
26719,32165,26507,26116,31815,17.8216
31775,28651,17003,21734,23131,17.8308
31580,28933,17372,21803,23575,17.8322
31190,29497,18110,21941,24463,17.8338
27266,30930,24821,26258,28541,17.8424
27225,31040,25056,26393,28783,17.8436
27855,28568,22060,25202,29043,17.8561
27814,28678,22295,25337,29285,17.8573
28421,28085,21373,25879,26785,17.9646
30492,29901,19043,21200,22862,17.9763
30267,30021,19109,21407,23066,17.978
30192,30061,19131,21476,23134,17.9794
29142,30621,19439,22442,24086,17.9802
32842,30503,17141,22360,22892,18.0033
30656,30016,20368,22959,22598,18.0084
29081,30856,20830,24408,24026,18.0098
29006,30896,20852,24477,24094,18.0109
37804,36209,21490,23418,20169,18.0567
37844,36425,21894,23234,20489,18.0584
36110,37443,22457,24688,20608,18.0627
32076,26906,22149,25246,26089,18.0707
33723,31059,17219,20656,21930,18.1011
31979,32023,17681,22156,21969,18.1077
33239,26224,22858,25597,27904,18.1127
33473,25047,23581,27653,30456,18.1143
33255,25531,24113,27748,31031,18.1479
33190,25625,24236,27771,31179,18.1491
32874,28209,17042,20717,23944,18.2748
32484,28773,17780,20855,24832,18.2764
32419,28867,17903,20878,24980,18.2779
29565,27992,20228,23009,24392,18.2813
29442,28322,20933,23414,25118,18.2834
29703,26840,20052,23438,27556,18.2901
29580,27170,20757,23843,28282,18.2917
33368,26656,17273,22681,25904,18.32
33108,27032,17765,22773,26496,18.3225
33085,27234,17928,22799,26627,18.3336
31501,28973,18173,20597,22955,18.4251
31201,29133,18261,20873,23227,18.4266
34676,30025,17588,20446,23573,18.4396
34686,30079,17689,20400,23653,18.441
34621,30173,17812,20423,23801,18.4435
26973,32468,28903,24924,32544,18.5586
26373,32788,29079,25476,33088,18.5603
26537,32903,30404,27235,32824,18.5679
25937,33223,30580,27787,33368,18.5691
25862,33263,30602,27856,33436,18.5706
27170,30955,23922,24631,29153,18.5858
27129,31065,24157,24766,29395,18.5877
26801,31945,26037,25846,31331,18.5895
26678,32275,26742,26251,32057,18.5905
26637,32385,26977,26386,32299,18.5918
31320,29309,17864,21895,24167,18.5975
31255,29403,17987,21918,24315,18.5989
27307,30820,24586,26123,28299,18.6035
26528,32910,29051,28688,32897,18.6051
27896,28458,21825,25067,28801,18.6175
26707,31648,28640,28982,35819,18.6197
30567,29861,19021,21131,22794,18.7516
29967,30181,19197,21683,23338,18.7547
29892,30221,19219,21752,23406,18.7562
33012,30531,17299,22130,22916,18.7677
30731,29976,20346,22890,22530,18.7764
30431,30136,20434,23166,22802,18.7788
37834,36371,21793,23280,20409,18.8087
33713,31005,17118,20702,21850,18.8328
33637,30714,17578,23013,21002,18.8346
33343,25235,23827,27699,30752,18.8413
33278,25329,23950,27722,30900,18.8428
33320,25437,23990,27725,30883,18.8549
33060,25813,24482,27817,31475,18.8563
32939,28115,16919,20694,23796,18.9103
32549,28679,17657,20832,24684,18.9119
29606,27882,19993,22874,24150,18.9152
29401,28432,21168,23549,25360,18.9168
29360,28542,21403,23684,25602,18.9181
29744,26730,19817,23303,27314,18.925
33433,26562,17150,22658,25756,18.9495
32848,27408,18257,22865,27088,18.9512
33229,27241,19051,24650,26203,19.0103
31276,29093,18239,20804,23159,19.0294
34751,29985,17566,20377,23505,19.0371
34761,30039,17667,20331,23585,19.0388
34611,30119,17711,20469,23721,19.0442
34465,29450,17464,23102,22313,19.0982
32635,27316,18632,21825,24691,19.1121
32602,27464,18694,21897,24742,19.1166
26462,32943,30426,27304,32892,19.1433
26162,33103,30514,27580,33164,19.1448
25562,33423,30690,28132,33708,19.1456
25487,33463,30712,28201,33776,19.1467
27211,30845,23687,24496,28911,19.1546
27088,31175,24392,24901,29637,19.1569
26514,32715,27682,26791,33025,19.1598
27963,29060,20826,23963,24427,19.1666
27922,29170,21061,24098,24669,19.1678
26856,32030,27171,27608,30961,19.1696
26815,32140,27406,27743,31203,19.1713
31789,28846,18372,23631,23003,19.1831
27937,28348,21590,24932,28559,19.184
26994,30878,26995,28037,34125,19.1857
26953,30988,27230,28172,34367,19.1875
31879,27662,17972,23836,25979,19.2553
31814,27756,18095,23859,26127,19.2565
32051,27582,17766,23793,25666,19.262
30042,30141,19175,21614,23270,19.298
29817,30261,19241,21821,23474,19.3
33002,30477,17198,22176,22836,19.3051
29381,30696,20742,24132,23754,19.3134
29306,30736,20764,24201,23822,19.3145
28931,30936,20874,24546,24162,19.3154
36120,37497,22558,24642,20688,19.3416
35659,25755,26781,30027,30088,19.3438
33703,30951,17017,20748,21770,19.3679
33408,25141,23704,27676,30604,19.3722
33213,25423,24073,27745,31048,19.3749
32953,25799,24565,27837,31640,19.3758
32888,25893,24688,27860,31788,19.3771
33515,25155,23621,27656,30439,19.3824
33125,25719,24359,27794,31327,19.384
33269,25726,25482,29645,30903,19.4064
33204,25820,25605,29668,31051,19.4076
29319,28652,21638,23819,25844,19.436
32953,28310,18288,22591,23668,19.4407
29785,26620,19582,23168,27072,19.4461
33498,26468,17027,22635,25608,19.4652
33043,27126,17888,22796,26644,19.4669
29717,27035,21421,25335,27428,19.487
29676,27145,21656,25470,27670,19.4883
33619,26677,18313,24512,25315,19.5219
33554,26771,18436,24535,25463,19.523
30826,29333,18371,21218,23567,19.5431
34741,29931,17465,20423,23425,19.5483
34536,29269,16174,21090,22453,19.5523
30990,29448,19696,22977,23303,19.5808
30915,29488,19718,23046,23371,19.5822
34615,29370,17420,22964,22177,19.6104
31327,26107,22337,26528,28984,19.6351
31262,26201,22460,26551,29132,19.6373
26387,32983,30448,27373,32960,19.6498
26087,33143,30536,27649,33232,19.651
26012,33183,30558,27718,33300,19.6537
25637,33383,30668,28063,33640,19.6548
27293,30625,23217,24226,28427,19.6717
27047,31285,24627,25036,29879,19.6729
27006,31395,24862,25171,30121,19.6744
26596,32495,27212,26521,32541,19.6761
27676,29830,22471,24908,26121,19.6783
27635,29940,22706,25043,26363,19.6796
26897,31920,26936,27473,30719,19.6804
26774,32250,27641,27878,31445,19.682
26733,32360,27876,28013,31687,19.6834
28183,27688,20180,24122,27107,19.6977
28142,27798,20415,24257,27349,19.6994
27117,30548,26290,27632,33399,19.7004
27076,30658,26525,27767,33641,19.7029
26748,31538,28405,28847,35577,19.7044
31944,27568,17849,23813,25831,19.7687
31856,27864,18135,23862,26110,19.7746
30117,30101,19153,21545,23202,19.8161
29531,30616,20698,23994,23618,19.8239
29456,30656,20720,24063,23686,19.8252
29156,30816,20808,24339,23958,19.8261
35724,25661,26658,30004,29940,19.8504
33148,25517,24196,27768,31196,19.8786
33450,25249,23744,27679,30587,19.8887
33334,25632,25359,29622,30755,19.9096
33473,27558,17304,22407,22484,19.9279
33408,27652,17427,22430,22632,19.9291
32913,27314,18134,22842,26940,19.9463
29799,26815,20951,25065,26944,19.9604
29758,26925,21186,25200,27186,19.9617
29594,27365,22126,25740,28154,19.9627
29553,27475,22361,25875,28396,19.964
33707,26381,18027,24463,25036,19.9883
33642,26475,18150,24486,25184,19.9896
33749,26489,18067,24466,25019,19.9935
33684,26583,18190,24489,25167,19.9947
33294,27147,18928,24627,26055,19.9955
30751,29373,18393,21287,23635,20.0088
34686,29189,16130,20952,22317,20.0122
34696,29243,16231,20906,22397,20.0137
34846,30053,17746,20216,23597,20.0145
34856,30107,17847,20170,23677,20.016
31290,29288,19608,22701,23031,20.0446
31215,29328,19630,22770,23099,20.0459
34540,29410,17442,23033,22245,20.072
31285,25999,22297,26525,29001,20.0818
25787,33303,30624,27925,33504,20.102
25412,33503,30734,28270,33844,20.1038
27252,30735,23452,24361,28669,20.1111
26555,32605,27447,26656,32783,20.1158
27758,29610,22001,24638,25637,20.1168
27717,29720,22236,24773,25879,20.1189
27430,30490,23881,25718,27573,20.1202
27389,30600,24116,25853,27815,20.1214
27061,31480,25996,26933,29751,20.1222
27020,31590,26231,27068,29993,20.1235
26692,32470,28111,28148,31929,20.1261
28101,27908,20650,24392,27591,20.129
27363,29888,24880,26822,31947,20.13
27322,29998,25115,26957,32189,20.1314
27035,30768,26760,27902,33883,20.1324
26871,31208,27700,28442,34851,20.1345
26830,31318,27935,28577,35093,20.1372
32009,27474,17726,23790,25683,20.1924
31921,27770,18012,23839,25962,20.1939
32927,30517,17220,22245,22904,20.2257
32852,30557,17242,22314,22972,20.2283
29906,30416,20588,23649,23278,20.2296
29831,30456,20610,23718,23346,20.2309
29231,30776,20786,24270,23890,20.2328
33385,25343,23867,27702,30735,20.2712
33399,25538,25236,29599,30607,20.2849
33148,28028,17919,22522,23224,20.3021
33083,28122,18042,22545,23372,20.3042
32978,27220,18011,22819,26792,20.3138
29881,26595,20481,24795,26460,20.325
29840,26705,20716,24930,26702,20.3262
29635,27255,21891,25605,27912,20.3291
33252,27039,18888,24624,26072,20.3536
33187,27133,19011,24647,26220,20.355
33359,27053,18805,24604,25907,20.3614
30601,29453,18437,21425,23771,20.3668
34796,29783,17241,20446,23197,20.3751
34806,29837,17342,20400,23277,20.3767
34731,29877,17364,20469,23345,20.3816
34771,30093,17768,20285,23665,20.3842
31965,28928,19410,22080,22419,20.3994
31065,29408,19674,22908,23235,20.4004
30840,29528,19740,23115,23439,20.403
30765,29568,19762,23184,23507,20.4049
34625,29424,17521,22918,22257,20.4218
32560,27356,18654,21894,24759,20.4289
25712,33343,30646,27994,33572,20.4441
27799,29500,21766,24503,25395,20.4507
27471,30380,23646,25583,27331,20.454
27348,30710,24351,25988,28057,20.4557
27184,31150,25291,26528,29025,20.4582
26979,31700,26466,27203,30235,20.4593
26938,31810,26701,27338,30477,20.4608
26651,32580,28346,28283,32171,20.4618
26610,32690,28581,28418,32413,20.4632
28060,28018,20885,24527,27833,20.4642
28019,28128,21120,24662,28075,20.4658
27773,28788,22530,25472,29527,20.4669
27732,28898,22765,25607,29769,20.4692
27199,30328,25820,27362,32915,20.4706
27158,30438,26055,27497,33157,20.4724
26912,31098,27465,28307,34609,20.4753
26789,31428,28170,28712,35335,20.4773
31986,27676,17889,23816,25814,20.5185
29981,30376,20566,23580,23210,20.5547
29606,30576,20676,23925,23550,20.5566
33529,25350,24990,29553,30311,20.5942
33464,25444,25113,29576,30459,20.5954
33213,27934,17796,22499,23076,20.6102
33018,28216,18165,22568,23520,20.6118
33512,26663,18396,24532,25480,20.6466
33447,26757,18519,24555,25628,20.648
33424,26959,18682,24581,25759,20.6533
30676,29413,18415,21356,23703,20.6584
34816,29891,17443,20354,23357,20.6633
34781,30147,17869,20239,23745,20.6701
34696,30133,17790,20354,23733,20.6748
31740,29048,19476,22287,22623,20.6783
31665,29088,19498,22356,22691,20.6798
31140,29368,19652,22839,23167,20.6807
30615,29648,19806,23322,23643,20.6837
34700,29384,17499,22849,22189,20.6966
31234,26288,23789,28445,29021,20.7178
27881,29280,21296,24233,24911,20.7256
27840,29390,21531,24368,25153,20.7271
27512,30270,23411,25448,27089,20.7282
27102,31370,25761,26798,29509,20.7309
26569,32800,28816,28553,32655,20.7372
27978,28238,21355,24797,28317,20.7398
27527,29448,23940,26282,30979,20.7428
27486,29558,24175,26417,31221,20.7442
27281,30108,25350,27092,32431,20.7452
27240,30218,25585,27227,32673,20.7468
27869,28763,23429,27099,28915,20.7799
27828,28873,23664,27234,29157,20.7812
30131,30296,20522,23442,23074,20.8035
30056,30336,20544,23511,23142,20.8052
29681,30536,20654,23856,23482,20.8062
33487,25242,24950,29550,30328,20.8288
33422,25336,25073,29573,30476,20.8302
33343,27746,17550,22453,22780,20.8475
33278,27840,17673,22476,22928,20.849
33577,26569,18273,24509,25332,20.8666
33317,26945,18765,24601,25924,20.8684
33489,26865,18559,24558,25611,20.8725
34836,29999,17645,20262,23517,20.8793
34611,29229,16152,21021,22385,20.8822
31890,28968,19432,22149,22487,20.8905
31515,29168,19542,22494,22827,20.8918
31440,29208,19564,22563,22895,20.8933
30690,29608,19784,23253,23575,20.8962
32485,27396,18676,21963,24827,20.9112
31155,26187,22543,26571,29297,20.9141
31090,26281,22666,26594,29445,20.9155
31299,26194,23666,28422,28873,20.9165
27553,30160,23176,25313,26847,20.9232
27143,31260,25526,26663,29267,20.9252
27650,29118,23235,25877,30253,20.9291
27609,29228,23470,26012,30495,20.9306
27445,29668,24410,26552,31463,20.9324
27910,28653,23194,26964,28673,20.9485
27295,30303,26719,28989,32303,20.9501
27254,30413,26954,29124,32545,20.9519
30281,30216,20478,23304,22938,20.9674
30206,30256,20500,23373,23006,20.9699
29756,30496,20632,23787,23414,20.9731
35837,26786,19818,24937,24813,20.9767
33382,26851,18642,24578,25776,21.0239
34826,29945,17544,20308,23437,21.0289
31815,29008,19454,22218,22555,21.0327
31590,29128,19520,22425,22759,21.035
31365,29248,19586,22632,22963,21.0379
34550,29464,17543,22987,22325,21.0425
32410,27436,18698,22032,24895,21.0447
31220,26093,22420,26548,29149,21.0467
27594,30050,22941,25178,26605,21.051
27691,29008,23000,25742,30011,21.0541
27568,29338,23705,26147,30737,21.0568
27404,29778,24645,26687,31705,21.0588
28115,28103,22019,26289,27463,21.0628
28074,28213,22254,26424,27705,21.064
27459,29863,25779,28449,31335,21.065
27418,29973,26014,28584,31577,21.0663
26926,31293,28834,30204,34481,21.0678
26885,31403,29069,30339,34723,21.0705
30356,30176,20456,23235,22870,21.085
35902,26692,19695,24914,24665,21.0906
35944,26800,19735,24917,24648,21.0938
35879,26894,19858,24940,24796,21.0951
33032,25900,25811,29711,31364,21.0999
28197,27883,21549,26019,26979,21.1401
27951,28543,22959,26829,28431,21.1417
27787,28983,23899,27369,29399,21.1442
27377,30083,26249,28719,31819,21.1453
27336,30193,26484,28854,32061,21.1468
27008,31073,28364,29934,33997,21.1479
26967,31183,28599,30069,34239,21.1493
33097,25806,25688,29688,31216,21.1717
28156,27993,21784,26154,27221,21.1886
28033,28323,22489,26559,27947,21.1905
27992,28433,22724,26694,28189,21.192
27664,29313,24604,27774,30125,21.1931
27623,29423,24839,27909,30367,21.1945
27172,30633,27424,29394,33029,21.1977
27131,30743,27659,29529,33271,21.1994
33357,25430,25196,29596,30624,21.2119
27705,29203,24369,27639,29883,21.2274
27582,29533,25074,28044,30609,21.2301
27213,30523,27189,29259,32787,21.2312
27090,30853,27894,29664,33513,21.233
27049,30963,28129,29799,33755,21.2349
33227,25618,25442,29642,30920,21.2463
33162,25712,25565,29665,31068,21.2478
27746,29093,24134,27504,29641,21.2566
27500,29753,25544,28314,31093,21.2579
33292,25524,25319,29619,30772,21.265
27541,29643,25309,28179,30851,21.2758
