obj0,obj1,obj2,cpu
1807,5190,4036,0.184555
2900,2453,4942,0.184562
1920,4535,3968,0.184573
1842,5041,3939,0.184581
2027,4990,3480,0.184588
5716,4282,1291,0.184608
5663,3497,1617,0.184616
6307,455,6199,0.184626
5569,594,6053,0.184631
5885,885,5014,0.184638
4926,783,5928,0.184666
4794,874,5700,0.184674
3899,1804,4786,0.184687
4635,1161,5140,0.184697
5536,2369,2368,0.184705
2718,5602,2349,0.184716
2168,5167,3196,0.184723
2193,3799,4297,0.184741
2319,3541,4413,0.184751
5674,2813,1941,0.184758
5845,4439,1248,0.184765
5701,5013,1129,0.184772
5581,5311,1084,0.184787
5509,4253,1326,0.184798
3693,5212,1806,0.184814
3553,5638,1800,0.184823
5011,5161,1259,0.184831
6139,476,6194,0.184846
6034,1276,4151,0.18486
5182,869,5383,0.184881
5437,685,5825,0.184898
4162,2664,2999,0.184913
2773,3290,3861,0.184952
3612,1885,5071,0.184975
4454,2617,2800,0.184988
5148,2160,2882,0.185008
6030,2333,2377,0.185024
5720,2527,2171,0.185037
5782,1806,3130,0.18505
4877,1894,3478,0.185065
5045,1525,3986,0.185082
2397,5389,2758,0.185102
2507,5032,2711,0.185121
2495,5694,2625,0.18515
1885,4684,4065,0.185165
2570,2979,4930,0.185179
2444,3237,4814,0.185201
5628,2690,2045,0.185218
5572,4856,1172,0.185241
4872,4143,1588,0.18526
5239,3519,1739,0.185323
4877,3827,1716,0.185333
4896,5020,1311,0.185342
5384,5085,1150,0.185354
4141,2941,2696,0.185365
6100,676,5588,0.185384
4326,2135,3639,0.185396
2647,3548,3745,0.185405
2783,3787,3245,0.185417
4348,1242,5425,0.185429
3360,2037,5251,0.185438
4498,2624,2765,0.185457
5304,2603,2288,0.185472
6020,2055,2721,0.185637
5608,1926,2983,0.185662
5337,1660,3579,0.185677
5846,2175,2574,0.185687
5766,2650,2067,0.185698
5354,4590,1268,0.18571
5365,4827,1207,0.185732
3010,5555,2150,0.18575
3172,5355,2076,0.185762
2833,5486,2282,0.185783
3809,5614,1696,0.185796
2481,4739,2928,0.185813
2668,4625,2730,0.185837
3425,4628,2089,0.185854
3047,3380,3341,0.18587
2885,3369,3581,0.185887
2374,4284,3416,0.18592
6092,664,5625,0.185941
5861,1503,3730,0.185962
3113,2399,4736,0.185995
3684,2007,4696,0.186054
4230,1785,4390,0.186096
2561,4170,3218,0.18613
3636,1810,5296,0.186156
4215,1329,5661,0.186178
5023,1156,4823,0.186199
4947,2920,2219,0.186237
4626,3035,2300,0.186304
5593,3800,1502,0.186387
5236,3287,1859,0.186435
4150,3934,1994,0.186496
3172,4511,2282,0.186532
4256,5057,1589,0.186573
4333,5175,1528,0.186603
3126,4388,2386,0.186639
3592,4014,2293,0.186669
3174,2543,4422,0.186706
5932,697,5583,0.186738
3550,2477,4035,0.186766
4009,2006,4275,0.186805
5367,1184,4569,0.186837
5231,4108,1479,0.186868
5312,3121,1918,0.186906
4585,3228,2196,0.186939
3138,5721,2067,0.187008
2890,4242,2757,0.18705
2622,4916,2644,0.187078
3856,3607,2389,0.187108
3638,4137,2189,0.187135
3390,3981,2482,0.187157
3012,2532,4662,0.187253
3240,4021,2587,0.187289
3254,3086,3509,0.187313
2596,3901,3443,0.18735
3939,1556,5616,0.187383
4672,3158,2196,0.187417
3225,2478,4456,0.187447
3438,2398,4315,0.187469
3769,2379,3919,0.187515
4027,3308,2495,0.187549
3684,4308,2087,0.187582
4064,2214,3834,0.187621
2512,5273,2691,0.28153
4678,3824,1826,0.281563
4065,4591,1811,0.281585
3133,5519,2082,0.281601
5416,1357,4179,0.281625
5119,1506,4072,0.281643
5590,3568,1622,0.281661
5713,4050,1411,0.281675
3253,5605,2000,0.281691
4786,1719,3948,0.281705
5051,3748,1717,0.281725
3470,3745,2665,0.281743
3206,4152,2569,0.281757
6099,1752,3321,0.281775
4701,2003,3584,0.281787
2610,5578,2558,0.281818
5519,3733,1560,0.281838
5761,3286,1781,0.28186
4731,1511,4389,0.281875
4691,2956,2480,0.281914
4164,3766,2157,0.281931
4288,3564,2219,0.281949
3363,3290,3153,0.281964
5390,2420,2667,0.281984
5146,2149,3135,0.282003
5647,3305,1785,0.282017
4570,2406,3171,0.282034
3154,3835,2853,0.28205
3544,4228,2266,0.282072
5034,1790,3708,0.282089
4447,2685,2948,0.282103
5723,2207,2791,0.282127
5564,1652,3623,0.28216
5479,1936,3259,0.282192
5792,1128,4553,0.372206
2158,3948,4394,0.372301
1992,5139,3577,0.372332
2400,4577,3199,0.37235
5917,864,5143,0.3724
2880,5402,2275,0.372432
2669,4832,2637,0.372476
4309,2168,3632,0.372514
3848,3002,2946,0.372554
2739,2860,4923,0.372603
5176,917,5345,0.372657
5308,826,5573,0.37274
5017,1204,4785,0.372828
4507,1580,4613,0.372913
2971,3766,3149,0.372945
3440,5095,1999,0.372984
3986,2411,3649,0.373039
4406,4517,1681,0.373077
4248,5001,1639,0.373113
5103,1172,4783,0.373179
4293,1351,5536,0.373217
3557,1994,5182,0.37325
4745,1005,5752,0.373301
4873,1266,4831,0.373343
4586,1292,5192,0.373372
2857,4133,2948,0.373401
3845,3120,2832,0.373449
3789,4773,1911,0.373495
4888,4964,1361,0.37353
2409,3386,4911,0.373569
3300,5521,1993,0.373611
4017,1578,5491,0.373666
5878,708,5714,0.373715
2736,3827,3427,0.373745
2992,3489,3452,0.373776
3155,3188,3655,0.373806
3058,2508,4847,0.373845
3952,4892,1804,0.373879
5261,4888,1252,0.373919
6046,687,5719,0.373966
2931,3345,3766,0.374017
2612,3697,3842,0.374046
3660,2502,3970,0.374078
3119,2652,4533,0.374107
3520,5541,1889,0.374143
3094,3044,3969,0.374174
2675,3683,3741,0.374223
3352,2107,5158,0.438273
2065,4949,3663,0.43836
2250,4898,3204,0.438378
5957,1577,3623,0.4384
6130,1350,4044,0.438416
5712,1112,4593,0.438434
2594,5004,2699,0.438458
2140,4051,4374,0.438479
2205,4523,3669,0.4385
5434,3601,1652,0.438522
5312,3271,1907,0.43855
3310,3359,3265,0.438596
2000,4477,4368,0.438633
4058,1517,5346,0.438659
2596,3267,4502,0.438687
2729,2957,4825,0.438717
2816,4621,2726,0.438745
3133,3970,2847,0.438792
2472,4515,3231,0.438832
2879,5195,2368,0.438864
2489,5380,2787,0.438896
2914,2906,4366,0.438919
4500,3573,2166,0.439002
2399,3483,4813,0.439038
4518,1101,5655,0.439064
3812,1691,5467,0.439095
2470,3525,4386,0.439122
3184,3617,3149,0.439157
2788,3164,4250,0.439208
3393,5179,2006,0.43926
3101,4812,2395,0.439286
2273,3741,4697,0.439343
2266,3793,4490,0.439365
4088,1464,5512,0.439388
3259,3712,2963,0.439416
5263,3757,1664,0.439443
3505,2524,4026,0.500143
5696,2656,2262,0.500214
5405,4029,1480,0.50027
3779,4909,1852,0.5003
5528,4511,1269,0.500324
4419,4872,1574,0.500345
3444,2380,4340,0.500374
3739,2215,4255,0.500396
5525,2975,2040,0.500424
3570,2996,3321,0.50045
5458,2407,2671,0.500528
5032,4105,1589,0.500579
5155,4587,1378,0.500626
5985,1103,4541,0.500672
3968,5506,1696,0.500718
3943,1866,4675,0.500754
4979,1189,4886,0.500804
5028,1362,4496,0.500837
4136,2471,3487,0.500884
3471,2061,4902,0.50094
2720,5221,2511,0.500984
4452,1623,4594,0.501034
4397,1415,5035,0.501069
4348,5572,1526,0.501204
4303,1969,4126,0.501248
3020,5254,2311,0.501347
3315,4985,2136,0.501389
4604,5548,1422,0.50143
4238,5929,1573,0.501468
5032,979,5391,0.516179
5361,1232,4531,0.516259
5118,1270,4548,0.516292
5733,1633,3520,0.516351
5288,1487,3969,0.51638
5855,1551,3692,0.51643
5806,1378,4082,0.516455
5164,888,5619,0.516481
5302,2157,2928,0.575746
5199,1522,4032,0.575817
5470,1788,3436,0.57584
3926,3569,2496,0.575875
5486,2315,2731,0.575912
5031,1891,3524,0.575971
4849,1573,4277,0.576384
2603,3215,4709,0.609852
4659,1922,3763,0.609919
3923,1715,5118,0.609957
4510,3217,2412,0.609984
3375,3523,3068,0.610015
4690,1369,4699,0.652658
5247,1416,4241,0.652733
2376,4640,3320,0.652794
2331,4265,3785,0.652819
4364,3548,2267,0.652877
4359,1388,5095,0.652908
4849,1082,5259,0.65294
3060,4519,2590,0.653049
3609,3544,2830,0.653087
5176,3668,1780,0.653239
2984,4535,2542,0.662284
2938,4826,2456,0.662357
3940,4307,2008,0.662389
3336,5164,2123,0.662425
3036,5131,2323,0.662455
3238,4859,2256,0.662488
2849,2806,4640,0.720855
2142,4152,3995,0.720939
1982,4615,3945,0.720973
4652,3402,2151,0.721005
3099,3697,3057,0.721043
3669,5266,1899,0.72108
2519,3332,4628,0.721111
2268,3894,4111,0.721142
2722,3643,3559,0.721171
2703,4356,2955,0.721206
2249,4607,3507,0.721239
2390,4784,3223,0.721269
2123,4792,3661,0.721296
4094,3939,2118,0.721364
4261,5555,1584,0.721434
3420,2414,4600,0.721644
3341,3250,3278,0.721677
2844,4533,2671,0.721718
4467,3863,2009,0.721786
3548,2956,3446,0.721851
3487,2812,3760,0.722007
3782,2647,3675,0.722046
2910,2950,4326,0.722081
2961,2885,4360,0.722115
4744,5122,1428,0.722154
3887,4293,2046,0.722228
3894,4435,1985,0.722264
4248,4716,1748,0.7223
4267,4359,1876,0.722334
4621,4640,1639,0.72237
3837,2644,3627,0.722482
5234,3835,1611,0.750673
4580,2434,3036,0.75077
4000,2864,3073,0.750805
4559,2711,2733,0.750843
4872,2387,2837,0.750878
5260,2596,2323,0.750927
4777,4922,1446,0.750974
3587,3352,2951,0.751017
4512,3626,2017,0.751057
4498,4120,1807,0.751103
4032,4494,1900,0.751146
3458,3115,3359,0.751221
3278,5295,2073,0.751267
4137,4959,1724,0.751314
3437,3392,3056,0.751355
3121,3726,3044,0.75139
4046,4000,2110,0.751428
4136,2371,3544,0.751467
2799,4985,2512,0.751505
3323,3759,2855,0.75154
3474,4574,2199,0.751573
3621,2814,3562,0.751611
3823,2712,3446,0.751654
2154,4939,3503,0.79896
5301,3805,1594,0.799055
4683,1833,3963,0.799097
5374,2314,2749,0.799175
2559,5189,2684,0.799221
5174,2677,2345,0.799276
5578,4816,1231,0.799316
5266,2998,2022,0.79935
4914,2383,2901,0.799392
4914,2548,2648,0.799426
3005,4082,2865,0.799467
3171,2775,4298,0.799614
3947,2476,3609,0.799658
4515,2202,3455,0.799698
3556,5497,1889,0.799742
4396,1859,4324,0.799816
2657,5494,2551,0.799852
5358,2835,2148,0.799891
2891,4449,2664,0.799931
3261,3744,2890,0.799971
3216,2920,4008,0.800048
3234,2761,4197,0.800085
5404,2958,2044,0.800176
3718,3082,3037,0.80022
3736,2923,3226,0.800301
5831,896,5145,0.82626
4788,1988,3622,0.826335
5618,1248,4406,0.826444
5196,1670,3895,0.826532
5498,1168,4746,0.826612
4874,1956,3620,0.826647
5766,1324,4246,0.82673
5532,1280,4408,0.826803
5584,1136,4744,0.826837
5716,1297,4339,0.874628
5548,1318,4334,0.874707
5789,1042,4901,0.874897
5914,778,5491,0.874942
5746,799,5486,0.875035
5621,1063,4896,0.875075
5344,896,5350,0.875115
2185,4426,3909,0.890858
3913,5056,1810,0.891062
4920,3543,1983,0.891191
3613,5023,2010,0.891284
4946,4408,1543,0.89133
4739,4265,1715,0.891373
3499,2830,3733,0.940259
4725,4864,1485,0.940384
2737,3517,3948,0.940439
3958,2359,3973,0.940595
3428,3805,2762,0.940682
3949,5188,1702,0.940728
3055,5103,2309,0.940799
2708,3346,4222,0.940849
3995,2154,4035,0.961294
3471,2662,4086,0.961348
5017,1061,5264,0.961466
4994,1721,3872,0.999905
3733,2233,4230,1.00003
4515,2409,3219,1.00009
4605,1653,4335,1.00026
4274,1672,4731,1.00033
3501,3265,3184,1.00038
5039,1424,4432,1.00051
4875,3441,2111,1.00056
3597,3788,2660,1.0006
4391,1210,5832,1.00071
4232,1497,5272,1.00076
4067,1748,4878,1.00092
3854,1866,4926,1.00097
5227,1634,3875,1.03882
5692,1330,4227,1.03896
4838,1566,4338,1.03901
3894,2592,3563,1.03906
5865,1103,4648,1.03911
4888,4679,1470,1.03925
5261,4603,1361,1.03931
4783,1358,4779,1.03936
4403,2349,3482,1.03943
4534,4398,1707,1.03954
4527,4256,1768,1.03959
5171,1353,4462,1.03964
3794,2212,4207,1.03969
4183,2280,3744,1.03975
3646,3980,2403,1.03989
3764,4072,2270,1.03993
5725,4737,1203,1.07973
4315,1954,4157,1.07992
4289,4050,1960,1.07998
5622,1000,5011,1.08003
4801,4306,1615,1.08025
4574,1813,4136,1.0804
3744,2346,4197,1.0805
4075,2327,3801,1.08055
3805,2490,3883,1.08065
3767,2754,3559,1.0807
3856,2425,3917,1.08088
2723,3064,4524,1.09822
2834,3722,3279,1.09835
3407,3914,2643,1.09841
2975,3899,2995,1.09847
3392,3185,3312,1.09852
3533,3362,3028,1.09857
3018,4140,2777,1.09868
4124,3798,2229,1.13794
3144,2641,4555,1.13813
2780,4599,2804,1.13818
2623,4250,3195,1.13832
2108,4357,4061,1.13839
3642,4533,2133,1.1387
3228,4318,2454,1.13881
4706,1713,4118,1.1748
3940,4200,2106,1.17503
4959,1234,4829,1.17509
5530,3387,1822,1.17521
3921,2183,4154,1.17527
4428,2324,3345,1.17538
4472,2331,3310,1.17545
4933,3414,2009,1.17551
5090,4409,1492,1.17556
5449,4374,1383,1.17561
5772,1346,4187,1.17566
5598,1466,4040,1.17571
5095,4093,1620,1.17577
4489,1909,4000,1.17589
4657,1540,4508,1.17596
4336,2824,2839,1.17604
3986,4323,2002,1.17615
4022,2194,3993,1.21381
4831,1296,4909,1.21405
4768,4209,1704,1.21416
4758,1551,4347,1.21423
3708,2532,3940,1.21429
4288,2445,3329,1.21461
3596,2453,4220,1.21467
5980,1287,4282,1.21474
3782,3134,2933,1.26586
3785,3016,3047,1.26601
4288,2908,2736,1.26606
4291,2790,2850,1.26613
3387,3988,2627,1.26639
3655,3096,3138,1.26648
4474,2546,3045,1.26657
4029,2357,3897,1.26663
4535,2131,3700,1.2667
3246,3811,2911,1.26691
3116,3891,3002,1.26696
3673,2937,3327,1.26708
3458,2749,3937,1.26714
3968,2772,3242,1.26721
3249,3693,3025,1.26736
4518,2553,3010,1.26743
3890,2920,3272,1.28585
4002,2999,2992,1.28609
5506,1476,4101,1.32663
5184,1762,3826,1.32684
5245,1347,4481,1.39482
5159,1379,4483,1.39488
4010,4561,1927,1.4112
4181,4405,1915,1.41142
4266,4537,1823,1.4115
4162,5019,1702,1.44877
4418,4995,1598,1.44896
4313,4231,1899,1.47061
4623,4054,1844,1.5192
3042,5035,2362,1.51947
3010,3653,3384,1.51955
3574,3954,2571,1.5197
3358,4945,2174,1.51977
3223,3599,3178,1.51999
3658,4978,1974,1.52015
4364,5056,1598,1.54868
4241,4574,1809,1.54885
3126,3852,3025,1.54893
3571,4383,2234,1.54906
3694,4865,2023,1.54914
4010,4775,1835,1.54922
4108,5080,1702,1.54928
3549,4217,2349,1.54942
4079,3210,2787,1.58155
3662,3924,2470,1.58163
3382,4387,2307,1.5817
3983,4091,2122,1.58202
4263,3628,2285,1.5821
2829,4098,3071,1.63011
3575,2941,3507,1.63029
3474,3565,3002,1.63085
4278,2364,3450,1.65386
4495,2168,3568,1.65394
5230,1500,4233,1.6541
5138,1700,3939,1.65417
4539,2175,3533,1.6543
4322,2371,3415,1.65437
4556,1753,4223,1.65444
4339,1949,4105,1.65452
4644,2050,3668,1.65466
4705,1635,4323,1.65474
3634,2209,4515,1.70114
4370,1566,4869,1.70135
4730,1285,5070,1.70144
3952,2949,3038,1.70151
3608,3075,3254,1.70166
3973,2672,3341,1.70174
4115,2648,3241,1.70196
4265,2625,3142,1.70204
4888,2255,3193,1.70214
4796,2418,3067,1.70222
5251,1369,4422,1.70244
3670,2745,3637,1.70261
3771,2774,3457,1.70269
5710,2249,2515,1.73412
5878,1880,3023,1.7343
5490,1671,3537,1.73436
5390,4155,1461,1.73443
4588,3610,2065,1.73449
5316,1791,3390,1.73457
5704,2000,2876,1.73474
5563,1416,4099,1.73481
5688,1152,4689,1.73488
3992,2624,3465,1.73518
4791,4428,1656,1.73544
5951,1625,3585,1.73551
3865,2586,3670,1.73573
5120,1856,3461,1.77623
5391,2122,2865,1.77642
5604,3116,1826,1.77651
4552,2130,3615,1.77659
5938,2496,2251,1.77673
4877,3223,2104,1.7768
5558,2993,1930,1.77688
4274,3377,2426,1.77696
5466,2672,2253,1.77734
5228,2423,2662,1.77744
4952,2650,2617,1.77752
4823,2396,3019,1.77775
5115,2349,2820,1.77792
2608,4688,2951,1.78268
2377,4847,3227,1.83052
5375,4307,1441,1.92732
4563,1572,4514,1.92747
5468,1302,4374,1.92755
5590,1481,4021,1.92763
3671,2110,4731,1.92783
4232,1591,4910,1.92801
5512,1431,4072,1.95596
4174,1755,4669,1.95605
5665,944,5302,1.95613
4557,4634,1677,1.95624
3312,2656,4199,1.95638
3715,2226,4429,1.95646
5022,1133,5177,1.95654
4753,1274,5034,1.95661
5278,1219,4632,1.95669
6196,1026,4837,1.95677
4890,1224,4949,1.95685
5533,1035,5074,1.95693
6028,1047,4832,1.957
4735,4344,1719,1.99448
2300,4254,3809,2.02115
2754,4003,3257,2.02149
3677,3451,2833,2.02175
3361,3541,3021,2.02185
2061,4712,3684,2.05724
2405,4818,3179,2.05747
2515,4461,3132,2.05754
3239,3492,3091,2.05762
4484,1188,5804,2.0577
4736,1237,5108,2.05787
2877,4080,3030,2.05796
2831,4371,2944,2.05818
4901,5518,1306,2.1127
4494,5905,1469,2.11325
5986,1239,4320,2.13885
5937,1066,4710,2.13931
6224,1488,3911,2.13946
5003,1983,3464,2.13955
4714,2295,3283,2.13965
5654,1606,3770,2.13976
4754,4111,1788,2.13991
5812,1330,4120,2.17749
2593,4713,3002,2.27077
2486,4258,3490,2.27094
2326,4721,3440,2.27102
3118,4675,2501,2.3052
2673,4144,3292,2.30534
3394,5697,1963,2.37251
4617,4641,1646,2.37288
3115,4895,2324,2.373
3067,4725,2435,2.37308
4174,5234,1691,2.37325
3021,4602,2539,2.37351
3918,5258,1795,2.3736
3986,3235,2820,2.41727
3390,4777,2186,2.41758
3526,4792,2045,2.44432
3416,5149,2092,2.44446
4138,5358,1686,2.44454
3062,4868,2329,2.44463
3068,4126,2814,2.44472
3633,2814,3556,2.4448
4786,2468,2859,2.44489
4354,2776,2749,2.44497
3016,4745,2433,2.44514
3065,4244,2700,2.44524
3182,3759,3015,2.44532
3805,2369,4157,2.4454
4822,2711,2522,2.44548
4778,5321,1408,2.44559
4228,2228,3816,2.44576
4942,2911,2265,2.49525
4779,4441,1572,2.49548
4169,3283,2493,2.4956
4057,4232,1978,2.4957
4784,4125,1700,2.4958
4080,5058,1721,2.49598
4336,5034,1617,2.49607
4877,4746,1439,2.49615
4407,2060,3918,2.49625
4481,5351,1524,2.49633
4384,2991,2564,2.49654
3545,4435,2173,2.49664
4792,3195,2170,2.49672
4463,3610,2098,2.49681
4340,2984,2599,2.49695
3147,4111,2689,2.49704
3277,4695,2250,2.49712
2961,4785,2438,2.49721
5138,4406,1463,2.49729
3411,3704,2785,2.49741
3877,3330,2692,2.49751
3801,4097,2198,2.4976
4019,3567,2398,2.49778
3755,3974,2302,2.49787
3727,3614,2597,2.49797
3499,4312,2277,2.49806
3570,2828,3657,2.59133
4076,2602,3460,2.59158
3440,2908,3748,2.59177
4505,2891,2681,2.6628
5706,1160,4555,2.6967
5026,2384,2883,2.81359
3642,5379,1866,2.91403
4022,5445,1696,2.91428
4802,4982,1424,2.91443
4650,4524,1649,2.94192
4091,1916,4536,2.94224
4049,1741,5077,2.94234
4208,1454,5637,2.94243
4906,4500,1545,2.94269
3884,1992,4683,2.94282
4038,4929,1768,2.96104
4619,1853,3927,3.03124
3802,2643,3690,3.03148
4295,2257,3685,3.03157
4068,2564,3484,3.05382
4154,1867,4595,3.05406
4455,1738,4344,3.05433
4945,1432,4508,3.05444
3737,2583,3880,3.05457
3245,2887,3970,3.07144
3559,2031,5011,3.07164
3540,2722,3885,3.07185
3554,3547,2878,3.07194
3890,2012,4615,3.07207
4185,1847,4530,3.07219
3898,1982,4624,3.10154
4643,1733,4199,3.10164
4808,1482,4593,3.10176
3387,2751,4013,3.10197
3718,2732,3617,3.10206
4312,1752,4595,3.10215
3108,2924,4303,3.10224
4220,2574,3304,3.10257
2967,3949,3051,3.12691
4907,1633,4215,3.12713
3108,4126,2767,3.12736
2153,4732,3596,3.16128
2558,4982,2777,3.16154
3082,4840,2409,3.16166
2766,4930,2597,3.16175
3859,2684,3502,3.17892
4079,2753,3240,3.17923
3687,2886,3395,3.21916
4128,2283,3792,3.2195
3833,2448,3877,3.21992
4224,5482,1592,3.23945
4114,5839,1639,3.29728
4894,1473,4522,3.38101
4480,1703,4551,3.38123
5282,1468,4205,3.38132
4949,1681,4081,3.38142
4439,2229,3593,3.38172
4847,3513,1993,3.43443
4643,4331,1723,3.43455
5727,1614,3756,3.43481
4580,1325,5175,3.56387
3213,5200,2191,3.56411
2133,5316,3293,3.56421
2605,5337,2578,3.56431
4137,1909,4477,3.61544
3850,1935,4838,3.61571
4009,1648,5398,3.61582
3910,2502,3743,3.61592
4469,1232,5707,3.61605
4352,2097,3867,3.61657
3444,2876,3836,3.61674
3924,2955,3167,3.61693
3747,2803,3540,3.6171
2899,4926,2571,3.61727
3260,3454,3330,3.61738
3726,3080,3237,3.61748
4980,4567,1487,3.6302
4630,1804,4212,3.75676
5165,1401,4424,3.75692
4396,2422,3404,3.75705
4413,2000,4094,3.75721
3897,2763,3435,3.75731
4039,2739,3335,3.75741
4590,1920,3839,3.7761
4167,2061,4180,3.77627
4769,1752,3941,3.81854
4601,2121,3433,3.81892
3883,2427,3859,3.81908
4916,2394,2802,3.8194
5110,2880,2228,3.81953
5154,2887,2193,3.81963
4968,2643,2522,3.81984
4482,1778,4302,3.81995
4842,1497,4503,3.82005
5012,1714,3924,3.88708
5061,1887,3534,3.88718
4675,3586,2026,3.88729
5332,2153,2938,3.88743
5159,2356,2785,3.88761
4825,3302,2121,3.88771
5511,3414,1810,3.88783
4844,2083,3416,3.88797
3894,4720,1876,3.89495
5028,4463,1438,3.94692
5242,4630,1309,3.94723
3714,4121,2237,3.94739
4226,3918,2042,3.94749
4003,4940,1782,3.9476
4643,4903,1504,3.94771
4429,4736,1633,3.94781
4065,3032,2790,3.94794
4550,3126,2394,3.94805
3668,3998,2341,3.94817
4953,3811,1764,3.94831
5236,3212,2012,3.9484
4388,4500,1716,3.94851
4439,2293,3549,3.94874
5190,3089,2116,3.94889
4313,3848,2042,3.94901
4267,3725,2146,3.94911
3951,3399,2589,3.94933
4838,2639,2742,3.94954
5098,2768,2439,3.94976
4746,2802,2616,3.94986
5039,3779,1762,3.9503
5167,3978,1635,3.9504
3155,4042,2760,3.97207
5144,4038,1659,3.97235
3763,3905,2373,3.97245
3703,3657,2586,3.97257
4048,3031,2798,4.01148
4679,4785,1526,4.01181
4144,4162,1978,4.01193
3613,3737,2596,4.01205
4628,2497,2947,4.01218
4039,4822,1804,4.0123
2830,4305,2978,4.0124
4280,3398,2365,4.01254
4234,3275,2469,4.01277
3622,3290,3025,4.01288
4336,2544,3146,4.01299
4672,2504,2912,4.0131
4935,4761,1422,4.01321
5005,4912,1356,4.01331
3102,5019,2302,4.01341
4430,3114,2460,4.01356
5116,2791,2412,4.01367
3437,3026,3634,4.12387
3567,2946,3543,4.12418
5271,1151,4788,4.42199
5841,1033,4929,4.42211
4264,1413,5647,4.6489
4667,983,5877,4.64924
4105,1700,5087,4.64935
4130,1639,4971,4.67662
4295,1388,5365,4.67698
3134,5172,2299,4.78082
5221,1612,3934,4.87177
3463,2231,4603,4.88578
4072,1469,5380,4.88608
2451,4527,3265,4.8862
2688,3333,4299,4.8863
2493,3973,3796,4.88642
2659,4475,3085,4.88653
3098,3315,3375,4.91824
3349,2753,3892,4.91857
3804,2687,3550,4.9187
4169,2080,4152,4.91897
3849,1756,5090,4.91908
4263,1526,5061,4.91926
3597,2981,3382,4.91937
3945,2864,3266,4.91948
4318,1734,4620,4.91971
4651,1521,4744,4.91986
3738,2821,3429,4.93205
5152,1637,3932,5.02668
4218,2453,3500,5.05893
4879,1708,4028,5.05932
5722,3957,1459,5.16564
5368,3676,1696,5.1659
4967,3512,2007,5.16611
5885,1622,3683,5.16636
4884,2375,3144,5.18564
4662,3974,1851,5.22212
3940,3850,2340,5.29924
2322,5083,3170,5.38693
2927,5151,2429,5.38708
1948,5367,3752,5.3872
2462,4657,3176,5.3873
2105,4200,4471,5.38741
4669,2048,3715,5.38757
3243,5061,2241,5.38771
3344,3482,3158,5.38795
3709,3079,3245,5.38849
4263,2040,4199,5.41403
4480,1844,4317,5.41414
4410,4301,1880,5.47646
3280,5134,2233,5.59259
3822,2709,3491,5.61729
3659,3010,3288,5.61761
4328,2483,3294,5.61824
4202,1935,4361,5.61838
4381,1767,4463,5.65376
4094,1793,4824,5.65403
3715,3530,2766,5.65433
4871,3011,2313,5.7619
4682,1642,4441,5.76237
5887,3723,1580,5.76252
5898,3039,1904,5.76263
5315,3503,1787,5.76276
5460,2460,2462,5.76287
5552,2781,2139,5.76298
5072,2251,2976,5.7631
4514,2011,3933,5.76328
4801,1985,3572,5.76339
4969,1616,4080,5.76353
5598,2904,2035,5.76365
5401,3471,1785,5.76385
5478,2483,2435,5.82022
4802,2761,2601,5.82083
4758,2754,2636,5.82095
5432,2769,2205,5.82107
5046,2267,2984,5.82118
5090,2274,2949,5.82184
5434,2476,2470,5.82196
4754,2314,3183,5.82208
4722,3579,1956,5.84227
5907,1542,3720,5.84263
5858,1369,4110,5.84274
5087,3176,2043,5.84286
5599,3432,1698,5.84299
5816,3236,1816,5.84317
5362,4001,1528,5.87619
5792,2084,2786,5.87659
5193,3396,1843,5.87671
5575,2280,2668,5.87685
5483,2443,2542,5.87696
5565,2002,3012,5.87707
4640,3792,1934,5.87732
3639,2779,3667,5.96094
3926,2753,3306,5.96127
4360,3887,1933,5.99813
4795,3181,2135,5.99858
4598,2117,3599,5.99871
4351,2894,2635,5.99883
4997,2463,2792,5.99897
3382,4464,2221,5.99911
3894,4261,2026,5.99925
3736,4745,1984,5.99938
3111,4367,2596,5.99952
3731,3487,2631,5.99964
4237,3261,2434,5.99977
3309,3797,2810,5.9999
3802,3967,2232,6.00003
3336,4341,2325,6.00015
4066,3560,2328,6.00027
4092,2343,3796,6.00053
5257,2592,2489,6.00065
3195,4164,2609,6.00081
4842,4334,1613,6.00094
4376,4708,1706,6.00105
3848,4090,2128,6.00119
4869,2383,3003,6.00132
3312,3679,2924,6.00147
4798,3063,2249,6.0016
3999,4726,1850,6.06447
4853,4856,1443,6.0648
4436,3871,1981,6.06495
3878,3951,2280,6.06509
3458,4145,2475,6.06521
3924,4074,2176,6.06533
4639,4689,1572,6.06545
3272,4821,2268,6.06558
4213,4893,1721,6.06572
3992,3584,2481,6.06614
3504,4268,2371,6.06628
3375,5000,2117,6.07278
4155,4537,1845,6.07318
3059,5090,2305,6.07331
2767,5137,2504,6.07344
3061,4726,2497,6.12156
4086,2755,3093,6.12188
3397,3976,2725,6.12205
4378,2708,2894,6.12222
4422,2715,2859,6.12262
3871,2567,3703,6.12276
4208,4554,1829,6.12315
4133,4216,2026,6.12352
3405,4861,2167,6.13292
4907,4607,1489,6.13314
4365,4949,1634,6.13327
4225,5375,1628,6.1334
3187,5256,2222,6.13354
3643,4740,2040,6.13366
4267,4644,1767,6.13379
2781,4806,2711,6.18706
4860,4109,1748,6.18744
3621,4419,2221,6.18805
4264,3075,2693,6.1883
4260,2635,3240,6.18845
3965,2890,3128,6.32968
4692,2433,3157,6.33007
3397,3479,3116,6.33026
3547,3195,3211,6.33044
3689,3432,2917,6.33065
5516,1613,3885,6.79396
5737,573,6058,7.0058
3898,5355,1762,7.00616
4678,4892,1490,7.00632
5837,848,5183,7.04628
6007,567,5966,7.04665
4550,1445,4776,7.04678
4343,1521,4923,7.04692
5496,665,6069,7.04709
5752,751,5524,7.04722
5364,756,5841,7.04734
4938,1440,4459,7.04759
4508,1270,5317,7.04772
4502,1234,5483,7.04788
5504,1120,4784,7.04811
4208,4891,1725,7.10362
4033,5142,1728,7.13732
2841,3036,4545,7.13791
2338,4213,3992,7.13804
3014,5123,2417,7.13816
4945,2274,3116,7.35675
4013,2567,3532,7.38335
3093,3691,3167,7.48223
2607,4481,3044,7.48254
3300,3397,3335,7.48269
3409,3601,2979,7.4831
4014,2281,3945,7.54551
3652,2978,3334,7.57617
3336,3068,3522,7.57648
4199,1588,4957,7.57661
3457,2209,4662,7.5768
4193,1566,5016,7.57693
3543,2774,3690,7.57708
4248,1761,4567,7.57722
3528,3180,3272,7.63217
2264,4641,3463,7.63261
4114,1872,4593,7.63277
3779,2618,3789,7.63299
4066,1675,5193,7.63319
4108,1850,4652,7.63336
3976,2574,3576,7.71915
2380,3973,3831,8.03758
2220,4436,3781,8.03807
2877,3963,3061,8.03836
3280,4914,2235,8.06625
4152,4833,1743,8.06667
3798,4552,1980,8.06682
3498,4519,2180,8.06696
3896,4857,1847,8.0671
4488,5146,1532,8.06727
3455,4278,2398,8.06748
3580,4947,2035,8.06762
2737,4078,3159,8.06786
3053,3988,2971,8.068
2767,4320,3108,8.10396
3786,3781,2487,8.15241
3679,3326,2975,8.15283
2863,2990,4508,8.22984
2446,4888,3025,8.27616
2339,4433,3513,8.27654
3043,3424,3486,8.27666
3509,3050,3393,8.27679
3672,2749,3596,8.27693
2910,3622,3463,8.27717
3040,3542,3372,8.2773
3794,1865,5201,8.27744
3206,3123,3689,8.27758
3560,2670,3876,8.27772
4178,2523,3399,8.27787
4361,2279,3594,8.27802
3506,3168,3279,8.27821
4015,2824,3196,8.27836
2221,3934,4293,8.27852
3629,2116,4807,8.27878
4405,2286,3559,8.279
2231,5621,3160,8.27935
3916,2090,4446,8.27949
4422,1864,4249,8.27964
3855,2505,3791,8.2798
3277,4264,2564,8.31263
3688,3356,2942,8.33628
3369,3882,2751,8.33643
5710,940,5290,8.46741
5522,1635,3826,8.62772
5157,2873,2158,8.68912
5615,1407,4127,8.68956
6003,1616,3613,8.68968
5433,1734,3472,8.68981
5322,2040,3029,8.71213
5075,3086,2136,8.71268
5044,2805,2337,8.71298
5332,2318,2685,8.71314
5240,2481,2559,8.71328
5034,2527,2681,8.71348
4798,3563,2004,8.73479
5644,2618,2265,8.76315
4684,2036,3577,8.81355
4178,2262,3774,8.81404
4449,2528,3178,8.8144
4955,2302,2981,8.81453
5387,2518,2432,8.81467
5064,3171,2142,8.81549
5343,2511,2467,8.81581
4999,2309,2946,8.81595
5410,1405,4141,8.88681
5474,2037,3009,8.92153
5015,2508,2769,8.92197
5203,1771,3605,8.92213
4744,2242,3365,8.92249
5090,3058,2157,8.92272
4484,3330,2365,8.92295
5706,1897,3224,8.9825
4629,3877,1940,9.04959
3450,3974,2526,9.14944
3600,3934,2421,9.14993
4488,4053,1850,9.17744
4283,3384,2330,9.17844
4022,4427,1943,9.17863
4923,3347,2052,9.17878
3734,3369,2745,9.17893
4240,3143,2548,9.17909
4709,2950,2444,9.17926
4905,2626,2666,9.17948
3198,4046,2723,9.17969
3604,3449,2836,9.17982
3743,4650,2015,9.19635
3529,3709,2768,9.23945
5166,3515,1897,9.24006
4145,3295,2570,9.24036
4762,4500,1635,9.24059
4480,3429,2279,9.24076
5120,3392,2001,9.24091
4439,3622,2175,9.24144
3328,4225,2566,9.26062
3575,3660,2790,9.26097
3784,4618,2073,9.31095
4537,2532,2944,9.36378
3816,2570,3751,9.36424
4031,2758,3141,9.3644
4267,4185,1917,9.3646
3074,3858,3088,9.36475
2738,4608,2860,9.36488
3200,3600,3204,9.36501
2879,4785,2576,9.36516
5025,2826,2409,9.36529
4322,2344,3554,9.36563
4028,2876,3027,9.36626
3521,2735,3836,9.36642
3610,3181,3110,9.36657
3171,4738,2377,9.36672
3269,5043,2244,9.36687
4581,2539,2909,9.36701
3460,3465,3015,9.36718
3215,4035,2804,9.36733
3681,3905,2511,9.36777
3382,5308,2015,9.42897
2851,4873,2631,9.42945
3090,5355,2214,9.4297
2960,4225,2887,9.49111
3914,3243,2826,9.49128
4711,2412,3091,9.49146
3853,4693,1979,9.49165
3101,4402,2603,9.49186
3496,3548,2909,9.49203
4755,2419,3056,9.49228
3417,4312,2415,9.49273
4205,2638,3288,9.49306
3910,2803,3373,9.49321
4115,5732,1675,9.56317
4259,2358,3655,9.72426
3753,2584,3852,9.72468
4608,2614,2846,9.91114
5272,1267,4594,10.2117
4935,1541,4275,10.2295
5374,1438,4187,10.2298
2685,3897,3726,10.6674
3209,2741,4281,10.753
3683,2088,4762,10.7754
3986,2362,3864,10.8413
4281,2197,3779,10.8416
4370,2022,3980,10.8418
3655,2381,4260,10.842
4163,2098,4127,10.8422
1983,5218,3655,11.0485
2296,4790,3387,11.0491
4207,2628,3325,11.1161
3921,2577,3624,11.2281
3626,2742,3709,11.2284
2766,3525,3857,11.5945
2436,4364,3393,11.6182
2283,4329,3711,11.6318
3688,4909,2027,11.7136
2724,4079,3326,11.7254
2990,3493,3413,11.838
3034,3225,3762,11.8538
3241,2931,3930,11.8542
2562,4106,3509,11.9231
2409,4071,3827,11.933
3497,2684,3977,12.0159
3457,2561,4206,12.0474
2136,4122,4582,12.0481
3170,2587,4567,12.0483
3963,2335,4009,12.0485
2802,2846,4822,12.0487
2607,3486,4319,12.0494
2170,4672,3766,12.1022
2229,4790,3560,12.1728
2336,5245,3072,12.1733
4503,4723,1658,12.4833
3226,3163,3675,12.6431
3692,2789,3582,12.6433
3900,2460,3851,12.6635
3710,2630,3771,12.7507
4511,2239,3489,12.7512
4555,2246,3454,12.7516
3547,2931,3568,12.7517
4296,2051,4099,12.7519
4348,2540,3286,12.7521
3839,2884,3369,12.7523
5803,2442,2315,12.9585
5405,1955,3173,12.9589
5793,2164,2659,12.9592
5415,2233,2829,12.9598
5711,2605,2189,12.9601
5323,2396,2703,12.9606
4233,2259,3726,13.0516
3946,2285,4087,13.052
4504,2525,3130,13.0524
5129,2182,3128,13.2034
5517,2391,2614,13.2039
5532,2017,3077,13.3049
5261,1751,3673,13.3053
5648,1917,3156,13.4063
5658,2195,2812,13.4065
5506,2033,3085,13.5181
3715,3200,2923,13.7387
4725,3484,2020,13.7615
4597,2738,2732,13.762
3475,3378,3127,13.7622
3778,3305,2831,13.7624
3928,3265,2726,13.7628
4431,3157,2415,13.7629
4434,3039,2529,13.7631
3459,3757,2705,13.7633
3925,3383,2612,13.7634
4594,2856,2618,13.7636
3775,3423,2717,13.7638
3647,3690,2618,13.7788
3601,3567,2722,13.7793
3777,3610,2527,13.7797
4167,3564,2319,13.8113
3661,3790,2516,13.8116
3664,3672,2630,13.8123
4522,3839,1979,13.8328
4650,4038,1852,13.833
2851,5142,2485,13.9779
3167,5052,2297,13.9784
3366,3628,3000,14.0693
3510,5474,1932,14.1718
3650,5048,1938,14.1726
4546,4987,1556,14.1728
2425,5036,3128,14.3883
2284,4859,3412,14.3889
5462,1350,4336,14.9605
2894,5037,2499,15.637
3509,5581,1896,15.6463
5004,5019,1320,16.3756
4881,4537,1531,16.3762
4138,4482,1902,16.3763
4650,4738,1557,16.3765
4748,5043,1424,16.3769
5274,5442,1197,16.501
2803,3607,3611,16.6768
2528,3704,4021,16.7015
3097,3948,2925,16.8084
3437,3773,2754,16.8157
3121,3863,2942,16.8162
2929,3349,3727,16.8913
3475,2622,4159,16.9103
2973,3081,4076,16.9107
3180,2787,4244,16.9109
2654,3446,4137,16.9112
2185,4585,3878,17.0746
2345,4122,3928,17.0971
2342,4240,3814,17.0977
3846,2629,3743,17.0979
4496,2251,3562,17.1322
4890,3424,2100,17.4561
4624,4783,1585,17.5238
4626,4286,1724,17.5583
4455,4130,1898,17.5589
3758,2484,3951,17.9027
4430,1940,4073,17.9029
4213,2136,3955,17.9031
3906,5024,1834,18.3831
3605,3194,3180,19.8575
4013,4198,2099,20.0897
2922,4949,2444,20.1133
2781,4772,2728,20.1138
2812,5306,2491,20.1141
2186,5147,3434,20.1683
2327,5324,3150,20.1688
3336,3363,3236,20.495
3202,3453,3334,20.5157
2973,4658,2618,20.5164
2926,3909,3171,20.745
2713,5299,2570,20.8186
2689,5342,2559,20.8554
2817,5508,2476,20.9596
4418,1661,4684,21.168
4791,1603,4321,21.1683
4310,1519,5147,21.2121
4325,2601,3180,21.3924
3434,3402,3148,21.515
2409,5055,3158,22.8304
3649,5155,1902,22.8667
3116,4654,2526,22.8835
3355,5136,2109,22.8842
3131,2889,4311,22.9766
2874,4892,2589,23.3027
3443,3523,3034,23.3034
3870,5201,1829,23.4604
5128,5109,1254,23.5538
4792,4796,1465,23.5543
4438,4515,1702,23.5544
4536,4820,1569,23.5547
2423,4214,3613,23.7789
2815,4362,2945,23.7982
3243,2927,3969,24.1065
3406,2626,4172,24.1067
3802,2989,3143,24.1193
3965,2688,3346,24.1198
3565,3570,2871,24.136
2215,5047,3301,24.1529
3298,3665,3089,24.1542
3334,2985,3774,24.1544
3397,2971,3673,24.1545
3379,3130,3484,24.1549
3376,3248,3370,24.1551
2868,5318,2444,24.2785
3160,5271,2245,24.2789
4779,1458,4680,25.1904
4572,1824,4144,25.21
5631,1118,4828,26.3259
5737,1425,4044,26.3263
5278,2061,3240,26.3492
3643,2637,3803,26.35
5767,1247,4514,26.3502
2266,5472,3063,26.7484
2371,5096,2975,26.7841
2828,5183,2503,26.7847
3576,3603,2810,27.2922
3284,4451,2373,27.3035
2577,4541,3109,27.3533
2823,4942,2523,27.643
3052,3737,3239,27.6436
3308,3399,3264,27.6438
3415,3854,2776,27.644
3471,3098,3467,27.6442
3055,4647,2537,27.6651
3812,2738,3543,27.6656
3499,3062,3439,27.6659
4175,2641,3285,27.6823
3574,3123,3300,27.7008
2863,3148,4344,27.7194
2975,3227,4064,27.7196
2753,3313,4347,27.7479
2697,4596,2898,27.8669
3889,2779,3440,28.0761
5145,1784,3869,28.5155
5578,1107,4865,29.8609
5410,1128,4860,29.8615
5374,1322,4514,29.8912
4279,2239,3751,30.1488
4858,1348,4704,30.162
4771,2281,3190,30.1756
2437,4967,3103,30.4016
2979,3183,3919,30.612
3298,2818,3858,30.6243
4521,1690,4471,30.6248
3537,2752,3749,30.6417
3330,3046,3581,30.6421
4173,1986,4352,30.6696
3488,2777,3738,30.6701
2705,3093,4439,30.6704
3193,2942,3823,30.6706
3665,2205,4643,30.6708
2980,2996,4029,30.671
3960,2040,4558,30.6712
3878,2151,4437,30.6715
2898,2986,4262,30.6921
2774,2711,4826,30.6926
3490,2930,3608,30.6928
3808,2282,4132,30.6932
3136,2807,4098,30.6935
3024,2728,4378,30.6937
4072,2002,4379,30.6939
4378,3688,2161,31.0189
4708,3683,1937,31.0724
5174,4230,1506,31.0729
5272,4535,1373,31.0731
3139,4368,2586,31.2055
2998,4191,2870,31.2061
3096,4509,2616,31.3407
3750,2500,3956,31.4475
4121,2636,3449,31.4627
2026,4861,3781,31.5099
2863,3135,4359,31.5807
2472,3372,4810,31.5811
3072,2961,4271,31.6011
2946,3219,4155,31.6017
4474,1947,4038,32.6475
4257,2143,3920,32.648
4340,2058,4064,32.6804
4718,2872,2426,32.9677
4315,2821,2843,32.9682
4411,4201,1809,32.9684
4969,3664,1842,32.9687
4765,4482,1572,32.9689
5446,4427,1394,32.9691
5393,3642,1720,32.9693
4119,3145,2621,32.9694
4764,2995,2322,32.9697
3725,4115,2191,32.9698
4329,3701,2120,32.97
4714,4627,1546,32.9883
4954,2099,3367,32.9889
4360,4346,1783,32.9892
3992,4418,1952,32.9895
3706,3647,2494,32.9897
3652,3214,3024,33.0306
5202,4384,1439,33.2289
4746,2254,3357,33.5176
2641,3642,4037,33.5322
2927,3248,4106,33.6304
4832,1500,4579,33.6703
3763,2843,3428,34.1287
3556,3137,3260,34.1291
3853,2662,3561,34.1396
3646,2956,3393,34.14
2236,4445,3780,34.1711
3317,3581,3067,34.172
3302,3146,3467,34.1722
3509,2852,3635,34.1726
2635,3451,4225,34.1729
3296,2906,3841,34.1731
2509,3709,4109,34.1734
3089,3200,3673,34.1736
2963,3458,3557,34.1737
3275,2831,3944,34.1909
3629,2954,3454,34.1914
3702,2699,3742,34.1916
4129,2153,4247,34.2467
4481,3411,2326,34.5088
5424,1335,4437,34.5971
5671,1173,4621,34.6128
3578,3595,2865,34.8398
3003,4389,2755,34.9322
2692,4530,3000,35.2349
2843,4282,2939,35.2525
3099,3944,2964,35.253
3135,4235,2740,35.2532
2182,4703,3764,35.4411
3943,2892,3271,35.4977
3222,3730,3035,35.4983
3415,3596,2981,35.4985
3088,3820,3133,35.5592
3266,5217,2175,35.6505
4368,4200,1898,36.5096
4340,4604,1765,36.5477
3529,3090,3379,36.7793
3486,3323,3131,36.7892
5265,2103,2964,37.1446
5389,1536,3952,37.1573
4861,2186,3243,37.1578
5777,1745,3438,37.158
5575,1909,3170,37.2138
4957,2157,3258,37.214
5559,1753,3373,37.2247
5632,1498,3935,37.2251
6145,1791,3311,37.2644
4994,4073,1697,37.3341
4727,3770,1936,37.3595
5092,3367,2023,37.3601
5138,3490,1919,37.3603
3403,3720,2790,37.7935
3768,3317,2877,37.794
5237,3740,1675,37.8177
5282,2477,2623,37.8347
5000,4309,1505,37.8355
4237,3864,1994,37.8358
4191,3741,2098,37.8363
5101,4053,1679,37.8576
3679,3669,2663,37.8581
2985,4742,2449,37.8977
3083,5047,2316,37.8982
3471,3952,2572,37.8984
3321,3992,2677,37.8986
3471,3708,2772,37.8988
3577,3654,2702,37.899
3727,3370,2797,37.8992
3997,3984,2191,37.9233
4068,3254,2673,37.9237
3776,3301,2872,37.9239
3424,3443,3093,37.9241
3939,3000,3075,37.9244
3626,3341,2977,37.9246
3480,3261,3201,37.9324
3224,3818,2983,37.9591
3207,4359,2476,37.9706
3357,4075,2571,37.9712
3327,4830,2228,38.0036
3485,4187,2386,38.0038
3585,3399,3023,38.0479
3712,3437,2818,38.049
3582,3517,2909,38.0493
5447,1183,4749,38.4782
5288,1470,4189,38.4788
5579,1092,4977,38.4791
5239,1020,5251,39.1023
5080,1307,4691,39.1029
5800,788,5355,39.1031
5350,848,5388,39.1142
5191,1135,4828,39.1145
5605,664,5830,39.1148
5205,1043,5281,39.1315
5289,741,6216,39.1321
5387,3923,1581,39.4725
3887,2825,3416,39.5712
4686,1080,5660,39.6196
5859,1081,4707,40.048
4122,2103,4251,40.3173
2810,4296,3047,40.6319
2918,3039,4233,40.6546
3030,3118,3953,40.6552
2817,3172,4159,40.6554
2579,3351,4323,40.6559
3435,3426,3094,41.4693
2458,4062,3807,41.6441
3158,3655,3190,42.069
3224,3184,3642,42.0695
3017,3478,3474,42.0697
3098,2929,4230,42.1491
4052,1975,4466,42.1501
4280,1980,4178,42.1679
2977,2681,4759,42.2627
3101,2956,4195,42.2635
3182,2783,4283,42.2917
3353,2343,4762,42.2926
3640,2317,4401,42.2929
4146,2091,4204,42.2931
3801,2916,3371,42.7138
4256,2568,3375,42.7143
3534,5271,1969,43.0432
4221,5206,1686,43.8503
3507,3046,3434,44.366
3962,2698,3438,44.3665
5755,3334,1743,45.1124
5136,2642,2463,45.113
5121,2800,2366,45.1132
4583,3038,2554,45.1134
5126,2364,2807,45.1138
4750,2750,2711,45.1375
4747,2868,2597,45.138
5812,3071,1906,45.1976
4722,2671,2742,45.2629
5033,2337,2884,45.2633
4645,2128,3398,45.2635
4989,2330,2919,45.2637
5040,2018,3345,45.2808
5037,3311,2068,45.2814
4728,2043,3542,45.325
5072,2245,3063,45.3252
4487,2488,3232,45.4233
4531,2495,3197,45.424
5693,1620,3716,45.6141
5285,3233,1969,45.686
5700,2247,2660,45.7019
5040,3183,2113,45.8447
4681,2384,3213,45.8452
4888,2090,3381,45.8459
5283,1980,3328,45.8655
5100,3694,1827,45.8772
3684,3851,2419,46.1544
4452,4183,1909,46.1551
4283,3578,2224,46.1553
3730,3974,2315,46.1556
4776,3798,1896,46.175
3918,3277,2772,46.1757
3755,3578,2569,46.176
3771,4238,2087,46.1762
4090,3712,2278,46.1764
4436,3348,2395,46.1767
4136,3835,2174,46.1769
3605,3618,2674,46.1771
3625,3338,3022,46.1935
3965,3531,2508,46.1941
3462,3639,2819,46.1944
3645,3503,2808,46.2093
3916,3600,2433,46.21
3648,3385,2922,46.2103
3894,3804,2358,46.2264
3940,3927,2254,46.2271
4605,3037,2562,46.2275
4202,4371,1891,46.2468
3531,3870,2607,46.2474
4127,4221,2041,46.351
4348,2908,2670,46.4492
4304,2901,2705,46.4498
4239,2429,3410,46.45
4012,2948,2904,46.4503
4283,2436,3375,46.4505
3621,3668,2667,46.4715
3586,3207,3131,46.4897
4366,2351,3519,46.4903
2875,5099,2496,46.5223
4140,2868,2924,46.6115
4755,2118,3479,47.2081
4703,1775,4195,47.2558
4617,1807,4197,47.2563
5058,4958,1320,48.0766
2515,3900,3921,48.1377
3428,5354,1997,48.1695
4589,5151,1424,48.333
5574,1930,3279,48.3686
5127,3732,1765,48.404
4874,3983,1798,48.4046
5811,1044,4876,48.7068
5330,1066,5022,48.7266
2961,3709,3425,48.7539
4018,4396,1984,48.8089
3448,4162,2458,49.0074
3529,3703,2798,49.0668
3915,2337,3998,49.4884
4177,2258,3803,49.5182
5388,1342,4454,51.6045
5477,1125,4942,51.6051
4543,2014,3915,52.7613
5506,1479,4034,53.3138
5450,1658,3733,53.3323
5035,2066,3390,53.3421
5357,2424,2641,53.3528
4969,2215,3155,53.3532
4763,2261,3277,53.3534
4899,2181,3370,53.3698
5052,2130,3299,53.3846
5165,3477,1985,53.6152
3630,2932,3442,54.2237
4139,2588,3359,54.2242
3503,2894,3647,54.2245
3500,3012,3533,54.2247
3345,3458,3218,54.2428
3869,3447,2653,54.272
4375,3221,2456,54.2727
4329,3098,2560,54.2729
4332,2980,2674,54.2731
3823,3324,2757,54.2734
3826,3206,2871,54.2736
3693,3404,2848,54.2738
4801,2787,2570,54.2741
3696,3286,2962,54.2744
4602,4667,1587,54.3874
4527,4015,1913,54.3876
3395,2993,3720,54.6537
3265,3073,3811,54.6548
4780,2494,2927,54.6892
3979,2885,3209,54.691
3690,3444,2890,54.6913
3030,5118,2370,54.7581
4190,3268,2504,54.9006
4476,2828,2690,54.9012
4432,2821,2725,54.9014
3898,3315,2703,54.9017
3951,3813,2293,54.9302
3097,4716,2523,55.1314
3217,5187,2275,55.1615
5769,1404,4173,56.0572
5476,805,5578,56.1003
5587,1086,4926,56.1167
5673,1054,4924,56.1173
5482,757,5616,56.9324
5314,778,5611,56.9329
5094,762,5933,56.9331
5446,951,5270,56.9508
5278,972,5265,56.9513
6052,639,5757,56.9621
5884,660,5752,56.9626
5932,552,6341,56.9887
3128,5321,2197,57.1338
4173,5497,1662,57.3264
5524,1639,3819,57.3811
5848,1101,4773,57.3818
5066,1346,4775,57.9416
4942,1071,5339,57.942
3403,3961,2682,58.1834
3792,2519,3892,59.1572
2365,4763,3396,59.1987
4429,1862,4278,60.0874
4473,1869,4243,60.088
4515,1830,4276,60.0882
4439,2505,3289,61.1339
4049,3905,2174,62.0553
4771,4114,1768,62.0559
4534,4683,1598,62.0734
3491,3985,2473,62.0739
3892,2962,3184,62.1219
3701,3938,2412,62.1714
4479,4194,1864,62.4724
4996,4134,1647,62.7296
3980,3729,2375,62.7306
5149,3722,1787,62.7543
4871,2459,2930,62.755
3449,3912,2697,62.7553
4098,4039,2082,62.7556
4579,2506,3129,62.7558
4509,3759,2065,62.7561
5103,3599,1891,62.7563
4938,2303,3153,62.7566
4708,2760,2727,62.7571
3472,3574,2930,62.7716
3959,2896,3194,63.1234
3523,3221,3232,63.1406
3750,2702,3738,63.2168
5680,1356,4248,63.5528
5114,1806,3668,63.7635
4932,1488,4421,63.8026
5018,1456,4419,63.8032
5686,1308,4286,65.2896
3015,5056,2426,65.401
2917,4751,2559,65.4017
4868,1698,4234,65.9798
6241,1055,4762,66.0618
3760,3835,2467,68.6565
4043,3236,2715,68.6568
4359,3562,2272,68.657
4405,3685,2168,68.6573
5120,4300,1564,68.6575
5045,3648,1890,68.6581
5131,3616,1888,68.6584
4435,4187,1899,68.8631
4621,4925,1530,68.9653
4498,4443,1741,68.9659
4185,4398,1895,68.9913
4283,4703,1762,68.992
4441,4060,1920,68.9925
4738,4002,1804,68.9927
3591,2741,3756,70.9733
5359,3769,1648,71.3525
4365,4664,1743,71.5887
4390,4841,1665,71.5992
3410,2954,3781,71.9949
5318,1412,4382,72.3596
5404,1380,4380,72.3604
4697,2377,3118,73.5517
4766,2678,2707,73.5639
4894,2598,2727,73.6642
5168,3349,2030,73.8387
3890,3313,2800,74.1195
3740,3353,2905,74.1201
3756,3286,2879,74.1354
4492,3526,2180,74.1361
4048,3239,2680,74.1364
4295,4798,1700,74.2181
3696,5071,1895,74.2188
4155,5224,1694,74.2191
4871,1903,3766,74.5878
5287,1485,4077,75.4479
5251,1415,4300,75.4485
4863,1420,4617,75.4488
4976,1520,4323,75.4636
4588,1525,4640,75.4639
3695,4864,1988,75.6597
5005,4627,1465,76.4521
5030,4804,1387,76.4652
4541,1847,4237,76.6045
3413,3858,2737,77.3553
3306,3403,3225,77.3724
3245,3259,3539,77.4768
3447,3141,3456,77.5665
3913,2767,3363,77.5927
4130,2571,3481,77.5934
3600,3091,3259,77.5939
4174,2578,3446,77.5941
4280,2531,3376,78.495
4063,2727,3258,78.4956
4107,2734,3223,78.4959
4522,2951,2586,79.3875
5732,1631,3628,80.2677
5905,1404,4049,80.2684
5141,1269,4717,80.4482
5193,1503,4268,80.4622
4954,1698,3953,80.7568
4485,1848,4199,80.7625
3910,1900,4776,81.1168
3634,2127,4731,81.1173
3959,2073,4386,81.1176
3736,2160,4507,81.1249
4581,1561,4699,81.1911
4325,1475,5244,81.1917
3917,1793,4971,81.1919
3312,3237,3379,81.2377
3121,3173,3745,81.2489
2460,3718,4129,81.2495
2334,3976,4013,81.2497
2914,3467,3577,81.25
2788,3725,3461,81.2502
3026,3546,3297,81.2504
3416,3008,3660,81.2507
3392,3642,2980,81.2589
2846,3270,4155,81.2748
2720,3528,4039,81.2757
3041,2630,4658,81.2997
3825,2184,4412,81.3001
3277,2984,3814,81.3005
3366,2655,4172,81.301
3153,2709,4378,81.3013
2915,2888,4542,81.3015
3165,2905,4094,81.3017
2299,4125,4110,83.0555
3184,3601,3202,83.0565
3526,3208,3265,84.2313
3750,3051,3154,84.2404
3967,2855,3272,84.2411
3963,2886,3207,84.2415
3190,3502,3267,84.2461
3284,3425,3247,84.2555
3986,2655,3449,84.3045
4322,2615,3215,84.3052
4278,2608,3250,84.3055
4950,1639,4040,84.6147
5221,1905,3444,84.6265
5609,2114,2930,84.6271
4725,3461,2070,84.9139
6093,1800,3283,85.044
6007,1427,3985,85.0535
5727,3598,1615,85.0977
5005,3389,2021,85.0984
3847,3550,2622,85.9859
4923,3541,1946,85.9866
4165,3268,2517,85.9961
4537,3377,2215,86.0237
4831,3704,1820,86.0245
5255,3682,1698,86.0248
4994,3403,2023,86.0251
5365,3906,1592,86.0344
4602,3461,2081,86.035
5242,3424,1803,86.0353
4003,3734,2276,86.0356
3957,3611,2380,86.0358
4073,3431,2391,86.0361
4384,3164,2485,86.1367
4092,3211,2684,86.1374
3942,3251,2789,86.138
4591,2870,2653,86.1382
4547,2863,2688,86.1385
4040,3029,2895,86.1741
4898,2904,2300,86.1882
4242,4467,1845,86.275
3572,3956,2563,86.276
3597,4617,2144,86.2763
4166,3694,2285,86.2769
3980,2342,3932,87.6125
4328,1941,4159,87.6129
4848,2196,3343,87.6218
4397,2001,3958,87.6223
3938,2472,3718,87.6225
4527,1367,5100,87.7664
4389,1498,4950,87.7728
4764,1366,4895,87.9343
4433,1385,5291,87.9351
3931,1626,5523,87.9354
4226,1461,5438,87.9357
4229,1963,4228,88.0044
4348,1898,4284,88.0108
3811,2903,3386,88.5339
3471,3239,3266,88.5347
3104,3635,3273,88.5439
4237,1751,4773,88.6248
4286,1924,4383,88.6255
3479,1972,5307,88.64
4050,1580,5267,88.6407
3778,1778,5616,88.7033
4017,4917,1774,89.6516
2361,4613,3497,89.66
3041,4432,2652,89.7461
2669,3881,3737,89.8681
3844,1968,4821,90.4725
4397,1732,4705,90.4732
5218,4575,1409,92.5097
4341,2116,4031,92.8683
4842,2244,3305,93.721
4619,1784,4213,93.7216
4454,2035,3819,93.7219
5033,1554,4184,93.7427
5113,2510,2709,93.7646
4725,2301,3223,93.7653
5110,2628,2595,93.7655
5304,1820,3588,93.7867
5764,1465,4002,93.7908
6152,1674,3488,93.7912
4674,3578,2063,93.9717
5628,2091,2970,93.9789
5569,3515,1760,94.0122
4382,1913,4194,94.1852
5001,1513,4330,94.7545
5157,2510,2631,95.7199
4994,2811,2428,95.7206
3553,3680,2685,95.735
4365,4078,1913,95.7463
3537,4108,2369,95.7563
4515,3531,2081,95.7751
4071,3244,2581,95.7758
4221,3204,2476,95.7761
3869,3346,2697,95.7872
4019,3306,2592,95.7882
5089,3947,1706,95.7885
4713,3394,2113,95.8288
4556,3338,2185,95.8434
5196,3301,1907,95.8442
3603,3816,2535,95.8575
3815,3571,2613,95.8674
4232,3141,2645,95.8798
4069,3442,2442,95.8803
4284,3079,2634,95.8896
4281,3197,2520,95.89
3754,3966,2339,95.9117
3868,3599,2540,95.9126
4353,3693,2144,95.9129
3800,4089,2235,95.9132
4399,3816,2040,95.9135
4354,4084,1959,95.9226
4613,3983,1911,95.9384
4534,2880,2580,96.239
4242,2927,2779,96.2398
4405,2626,2982,96.2403
4741,2586,2748,96.2406
4697,2579,2783,96.2408
4764,2423,3006,96.2412
3574,3403,2988,96.2524
3034,4429,2724,96.2634
5070,3077,2182,96.554
3260,3950,2832,96.8879
3390,3870,2741,96.8886
3999,3117,2878,96.9978
4744,1917,3885,97.1293
5245,1463,4262,97.1345
4648,1567,4636,97.2474
5149,1113,5013,97.2529
4677,1431,5010,97.2663
4734,2431,3082,97.5026
5968,767,5360,98.232
5627,1015,4934,98.2327
5795,994,4939,98.233
3767,2460,3980,98.5371
4226,1989,4220,98.5378
4391,1738,4614,98.5381
4657,4880,1496,99.8554
4412,1694,4667,100.562
3669,2867,3482,100.608
3899,2512,3756,100.609
3885,2904,3287,100.62
3203,3241,3575,100.634
3433,2886,3849,100.635
4495,1609,4811,100.758
4562,1654,4562,102.77
5324,1114,4984,103.094
4960,1809,3622,103.316
5348,2018,3108,103.316
4501,2280,3382,103.317
4673,1835,3983,103.317
4610,1849,4084,103.317
4214,2306,3743,103.318
4498,2398,3268,103.318
4371,2360,3473,103.318
5619,2284,2512,103.352
5231,2075,3026,103.352
5160,2755,2272,103.353
4772,2546,2786,103.353
4769,2664,2672,103.353
5187,1493,4306,103.448
4222,2269,3739,103.854
4493,2535,3143,103.878
4584,3284,2354,104.301
4224,2856,2840,104.844
4110,3223,2639,104.944
3241,4287,2505,104.993
3209,4303,2530,105.01
3339,4223,2439,105.011
4213,3687,2215,105.042
3707,3913,2412,105.042
3805,3849,2346,105.058
3675,3929,2437,105.058
4853,3650,1937,105.085
3846,3803,2465,105.113
4445,3530,2270,105.114
4591,3776,2015,106.22
3850,3784,2473,106.277
4316,2661,3045,106.808
4582,2003,3819,106.862
5403,1060,5016,107.353
5235,1081,5011,107.353
5805,963,5152,107.376
5323,1044,5056,108.17
5155,1065,5051,108.171
4767,1070,5368,108.171
4935,1049,5373,108.171
4722,1285,5074,108.178
5920,730,5529,108.207
5587,1002,5130,108.208
5097,1153,5019,108.224
4709,1158,5336,108.225
5130,3959,1694,108.615
5181,3657,1863,108.616
3772,1913,4963,108.974
4103,1894,4567,108.975
4019,1615,5320,108.981
4199,2244,3816,109.13
5948,985,4994,109.269
3203,3155,3758,109.975
2988,3672,3422,109.988
3330,2318,4839,110.03
3442,2397,4559,110.031
3454,2593,4275,110.031
3913,2965,3180,110.751
4438,2065,3865,112.258
4198,2563,3385,113.168
3819,2827,3377,113.174
3604,2639,3987,113.211
3323,3936,2731,114.355
3453,3856,2640,114.355
3919,3482,2547,114.392
4082,3181,2750,114.393
4075,2765,3106,115.105
4072,2883,2992,115.106
4920,3361,2087,115.515
5072,2784,2447,115.54
4336,4720,1746,115.773
4012,2779,3207,116.007
3946,2682,3551,116.073
3797,2591,3817,116.089
5719,995,5154,116.44
6175,546,5971,116.85
3836,1859,5125,116.931
3145,3685,3208,118.347
4625,4561,1635,118.6
5062,3964,1700,118.9
5005,1175,5059,120.572
5687,958,5191,120.613
4223,1877,4475,120.653
5617,3374,1721,121.771
5018,3647,1916,121.772
5558,4199,1436,121.884
5344,4032,1565,121.92
5547,3677,1606,122.321
5081,4051,1699,122.341
5040,3526,1919,122.664
4591,4145,1757,122.678
4661,3842,1872,122.679
4016,3992,2171,122.68
4615,3719,1976,122.68
4062,4115,2067,122.68
3852,2614,3720,122.692
4342,4377,1820,122.833
3966,3239,2818,123.295
3860,2577,3716,123.366
4981,2819,2444,123.435
3660,4939,2003,123.561
4249,2645,3253,123.833
3958,3250,2791,123.877
4853,4779,1529,125.418
3788,2190,4266,126.727
2669,4119,3331,126.764
4954,1810,3854,127.469
5122,1789,3859,127.469
4806,3988,1804,127.531
5149,4053,1584,127.532
3736,4668,2070,127.861
3539,2947,3573,128.627
3542,2829,3687,128.628
2456,3873,4015,128.653
3196,5195,2272,129.235
5091,1143,5057,129.438
3774,5763,1793,130.228
4993,3304,2103,130.76
4125,4519,1850,131.487
4719,4359,1676,131.488
4079,4396,1954,131.488
4702,4078,1789,131.5
5185,3985,1583,131.514
4545,4022,1861,131.515
4010,4042,2174,131.764
3964,3919,2278,131.765
4650,4005,1896,131.785
4225,4234,1960,131.901
4411,4199,1870,131.901
3708,2631,3830,134.492
5034,1397,4445,134.82
4529,1876,4161,134.931
3985,4598,1913,135.326
3232,5172,2177,137.162
4002,2583,3572,137.912
3953,4603,1954,138.763
4593,4566,1676,138.786
4117,3872,2265,138.851
3899,4716,1936,139.073
4155,4378,1961,139.074
5092,4283,1567,139.124
4539,4679,1658,139.125
4795,4341,1683,139.125
3899,5248,1798,139.563
3650,4948,1999,139.578
3591,3202,3176,139.895
4899,1490,4394,140.678
4646,1795,4025,140.679
5124,1436,4389,140.69
4805,1508,4585,140.702
3311,5079,2205,140.751
3965,2108,4335,141.53
4403,1450,4984,141.538
2931,3715,3447,141.595
3972,1988,4522,141.651
2306,4087,3994,141.708
3231,2434,4546,141.727
3526,2269,4461,141.728
3904,1964,4649,141.728
2501,3447,4497,141.736
3463,2727,4047,141.737
3898,1929,4700,141.737
3810,1953,4911,141.742
4105,1788,4826,141.743
3372,2611,4262,141.756
3667,2446,4177,141.757
3522,3158,3331,141.801
2537,3905,3792,141.817
3661,2299,4443,141.889
3956,2134,4358,141.89
4163,2058,4211,141.89
4584,2084,3720,142.433
3868,2621,3633,142.439
4253,2103,4116,142.453
3199,3195,3620,143.897
4030,2418,3614,143.952
3665,2821,3527,143.967
4048,2603,3490,144.01
4501,4002,1921,145.252
5050,1686,3940,145.69
5174,1961,3376,145.691
4807,2197,3363,145.691
4833,1882,3822,145.691
5321,1952,3344,145.735
5445,2227,2780,145.735
5078,2463,2767,145.736
5104,2148,3226,145.736
6056,1600,3595,146.143
5619,2107,2927,146.144
5402,2303,2809,146.144
5169,2454,2735,146.82
4499,2494,3220,147.339
4196,4344,1949,147.954
4882,4430,1567,148.005
3394,4972,2103,148.352
3696,4757,2024,148.353
3604,4925,2042,148.461
5641,1075,4795,149.408
5569,1582,3940,149.536
2891,3102,4417,150.052
4398,1729,4482,150.068
4494,2079,3731,150.205
3682,2586,3928,150.255
2776,4574,2843,150.52
3000,2928,4354,151.052
3318,2638,4224,151.09
3953,2137,4259,151.091
2682,3058,4650,151.091
3105,2692,4430,151.092
3237,2674,4172,151.097
3595,2336,4338,151.098
3177,2281,5056,151.101
3408,2234,4651,151.112
3573,1983,5045,151.112
2987,2657,4620,151.113
3195,2288,4857,151.113
3622,2156,4655,151.113
3756,1800,5421,151.131
3987,1753,5016,151.142
3774,1807,5222,151.143
3128,2834,4336,151.172
4232,2125,4088,151.288
3838,2099,4548,151.305
3625,2153,4754,151.306
3832,2077,4607,151.307
3926,3945,2321,152.121
4342,1524,5146,153.605
4182,2492,3464,153.66
3817,2895,3377,153.685
4044,2871,3038,153.712
3454,2679,4092,153.941
3264,2655,4398,153.942
3853,2104,4547,153.942
4359,1878,4350,153.967
3900,2349,4110,153.968
2932,2766,4731,153.998
2472,4160,3723,154.435
3223,3281,3561,156.177
4419,1739,4479,156.196
3474,2719,4078,156.241
3477,2601,4192,156.241
4482,2429,3260,156.397
3802,2600,3771,157.004
3799,2718,3657,157.004
4391,2049,3920,157.005
3932,2520,3680,157.005
4978,2129,3325,157.01
5146,1760,3833,157.01
4897,1823,3723,157.021
4438,2294,3483,157.021
4662,2315,3324,157.068
5249,2395,2729,157.073
5332,2310,2873,157.08
5168,2089,3127,157.085
4709,2560,2887,157.086
5342,1969,3274,157.209
4353,2175,3597,157.764
4813,1759,3906,157.765
4097,2513,3572,157.765
4741,2384,3083,157.765
4886,1504,4468,157.774
4426,1920,4159,157.775
4862,2934,2392,157.784
4624,2441,3001,157.803
5084,2025,3310,157.803
5012,2650,2487,157.804
3927,2434,3824,157.945
5581,3111,1925,158.121
5238,3046,2145,158.122
5535,2988,2029,158.122
4798,2321,3148,158.153
5388,2762,2240,158.186
4239,2542,3396,158.216
5125,1788,3766,158.444
5570,1934,3317,158.747
4596,2137,3580,159.204
4867,2403,2984,159.256
5327,1987,3293,159.257
4492,3400,2323,159.669
5211,2615,2546,159.692
3335,4210,2485,159.729
3934,3937,2290,159.729
5342,2308,2853,159.771
5048,3508,1938,159.794
4400,3563,2197,159.801
4354,3440,2301,159.802
3801,3836,2392,159.802
5119,2778,2420,159.824
3472,3496,3013,159.845
5636,1281,4379,161.59
5809,1054,4800,161.591
5773,984,5023,161.591
5407,999,5256,161.603
4803,1140,5145,161.61
4962,853,5705,161.617
5630,924,5330,161.644
5055,978,5560,161.675
4463,1367,5370,161.732
3771,2185,4439,162.091
3540,3707,2772,162.199
4852,1438,4664,162.346
4858,1460,4605,162.347
5020,1417,4669,162.348
3175,3580,3288,162.704
3532,2509,4087,163.029
3697,2258,4481,163.029
3111,2932,4056,163.03
3319,2563,4293,163.03
3746,2431,4091,163.03
3252,3109,3772,163.06
3460,2740,4009,163.061
3749,2428,4190,163.108
3450,2633,4137,164.365
3888,1975,4786,164.377
4107,2183,4025,164.39
3829,2683,3648,164.402
2974,2799,4645,164.589
3389,2489,4451,164.637
3219,2740,4370,164.648
3637,2435,4287,164.649
3965,2190,4119,166.442
4425,1774,4428,166.443
4702,2356,3280,167.034
4314,2147,3794,167.035
4759,2293,3345,167.405
4774,1913,3895,167.992
5203,2633,2527,168.478
3457,3825,2705,168.505
3607,3785,2600,168.506
4313,3633,2197,168.611
3923,3451,2612,168.617
5111,2796,2401,168.713
4993,3656,1866,169.185
3997,3522,2485,169.202
4509,3319,2290,169.203
4907,3688,1868,169.213
4056,2955,2869,169.886
3800,3293,2844,169.887
4206,2671,2964,169.962
3950,3009,2939,169.963
4678,2326,3322,169.969
4449,2633,2947,169.974
4808,2430,2971,169.975
2832,4531,2840,169.996
5696,1561,3851,172.939
4992,1615,4249,173.09
2688,4445,3096,173.855
2644,3566,3927,174.374
2532,3487,4207,174.375
2431,3620,4133,174.375
2215,4370,3883,174.375
2572,3797,3849,174.387
3776,2202,4421,175.411
3454,2961,3746,175.478
2589,3675,4038,175.502
2586,3793,3924,175.503
2477,3596,4318,175.503
2728,3034,4835,175.673
3681,2442,4252,175.674
4008,2622,3539,175.941
5529,1116,4970,177.139
4180,2378,3509,177.91
4030,2662,3414,177.916
3815,2781,3422,177.921
3926,2162,4316,177.959
4143,1966,4434,177.959
3754,2637,3736,177.972
4821,1914,3817,178.429
4117,3874,2204,179.21
3812,4474,2004,179.222
4166,4755,1767,179.238
4583,3500,2111,179.298
4278,4100,1911,179.308
4632,4381,1674,179.326
4948,3097,2198,179.334
4643,3697,1998,179.344
3343,2958,3803,179.353
4982,4340,1542,179.638
5085,3493,1992,179.674
5196,4507,1413,179.734
4439,3753,2095,179.98
4456,3235,2404,180.242
3991,2483,3574,180.271
4606,2951,2499,180.356
4751,2684,2698,180.368
3565,2742,3801,180.574
5173,3296,2006,180.933
4952,4127,1682,180.947
5208,4103,1578,180.96
4865,4038,1798,180.961
5162,3980,1682,180.962
5026,3070,2217,181.037
3877,2850,3373,181.043
3567,3228,3197,181.49
3717,2944,3292,181.502
3461,3282,3267,181.502
2895,3004,4444,183.878
2783,2925,4724,183.879
4907,1600,4260,184.447
5103,1464,4322,184.454
4827,1691,4277,184.455
5548,1610,3873,184.522
3188,3570,3267,185.307
4383,4613,1737,188.423
4509,3524,2264,188.438
3533,4357,2275,188.972
3765,4279,2177,188.98
4021,3941,2202,188.981
4500,3242,2369,189.019
4386,3538,2289,189.044
3952,2455,3771,189.053
4171,3657,2297,189.088
4650,2958,2464,189.118
3686,3660,2643,189.726
3942,3322,2668,189.726
4236,3391,2400,189.734
4579,3456,2180,189.735
4533,3333,2284,189.737
4380,2551,3111,189.801
4184,2875,2889,189.802
4478,2944,2621,189.808
4119,3815,2275,189.891
3836,3376,2738,189.922
4092,3038,2763,189.922
4386,3107,2495,189.928
3390,3839,2779,190.006
3516,3581,2895,190.006
3666,3297,2990,190.093
3540,3555,2874,190.094
3410,3635,2965,190.094
3993,4699,1908,190.286
4249,4675,1804,190.299
4633,4662,1630,190.343
4889,4638,1526,190.358
5776,1577,3811,191.017
5753,972,5124,191.059
5680,1227,4562,191.066
2768,3876,3386,192.65
3758,2402,4167,192.665
4276,1653,4799,192.668
4196,1744,4816,192.675
4472,1517,4861,192.675
3099,3291,3585,192.715
3240,3468,3301,192.722
2657,3183,4608,192.768
3478,2935,3725,194.232
3604,2677,3841,194.233
3541,2691,3942,194.234
3836,2526,3857,194.234
3138,3051,3934,194.285
4277,2266,3691,195.6
5759,924,5162,197.732
3350,4938,2224,198.376
3631,2605,3982,198.933
4069,1947,4631,198.944
3281,3071,3570,198.996
2986,3236,3655,198.997
3068,3125,3776,198.997
2854,3254,3913,199.003
3067,3200,3707,199.003
3362,3035,3622,199.004
2581,3990,3584,199.004
3495,2993,3574,199.006
3282,3047,3780,199.007
3422,3248,3286,199.021
3209,3302,3492,199.022
4495,3270,2387,199.418
6170,1222,4530,199.507
3342,3672,3054,199.851
4570,1984,3979,200.37
3504,3472,2980,201.098
3630,3214,3096,201.099
4010,3246,2783,201.104
3780,2930,3191,201.152
3654,3188,3075,201.152
3524,3268,3166,201.153
3915,2574,3668,201.242
4130,2762,3058,201.289
2545,4733,3119,202.289
2875,4331,2898,203.111
3507,2330,4546,203.191
3945,1672,5195,203.199
3384,3035,3588,203.223
3170,3164,3725,203.229
2645,3542,4137,203.262
4438,2522,3238,203.528
4876,1864,3887,203.54
5261,1681,3770,203.559
4873,1686,4087,203.582
4316,1930,4367,203.638
5706,1827,3321,204.088
3852,2623,3677,204.71
3386,2997,3770,204.787
4641,1500,4751,205.218
4181,1916,4442,205.218
4396,2104,3832,205.23
4104,2469,3603,205.52
5187,1700,3684,205.716
5458,1966,3088,205.76
5479,1628,3899,205.783
5694,1596,3926,205.876
5757,1582,3825,205.877
5705,1591,3797,206.099
5632,1846,3235,206.136
5670,4159,1395,206.206
4367,3738,2112,207.256
4363,3769,2047,207.333
4526,3468,2250,207.341
4728,3366,2134,207.349
4439,1871,4172,208.506
3980,1670,5472,208.844
3807,2575,3777,209.296
3683,2300,4341,209.303
4121,1642,4990,209.317
4630,1734,4309,209.399
4297,1947,4185,209.4
4366,2014,4062,209.407
4242,1739,4626,209.421
4331,1497,5185,209.425
3966,1966,4581,209.428
4490,1210,5745,209.494
3740,2191,4465,209.65
3514,2502,4286,209.669
3533,2485,4297,209.677
3685,1983,4906,209.68
3390,2227,4850,209.684
3409,2210,4861,209.692
4264,1502,5271,209.715
3952,2743,3433,210.118
4194,2622,3357,210.442
3048,3644,3283,211.06
2594,3895,3835,211.063
3189,3821,2999,211.067
3967,2304,4074,211.755
5456,1023,5212,214.392
3642,2664,3927,214.45
5030,2835,2363,214.52
5888,2158,2679,214.537
5294,1995,3315,214.538
5500,1949,3193,214.538
5074,2171,3207,215.016
5157,1961,3427,215.026
5030,2164,3242,215.026
5345,2437,2611,215.06
5428,2227,2831,215.071
5301,2430,2646,215.072
4665,2057,3643,215.234
4334,2076,4039,215.242
4621,2050,3678,215.251
4386,2542,3279,215.294
4936,2323,3047,215.303
4892,2316,3082,215.32
5131,2108,3272,215.442
5087,2101,3307,215.457
5110,2203,3194,215.553
5066,2196,3229,215.562
4500,3382,2342,216.901
4960,2671,2544,216.951
3343,4192,2504,217.002
3942,3919,2309,217.003
4387,3417,2320,217.114
3809,3818,2411,217.118
4408,3545,2216,217.118
4656,3955,1893,217.15
5308,4467,1372,217.165
4868,2834,2418,217.18
4269,3107,2613,217.181
5302,2843,2262,217.181
4752,3014,2407,217.186
4811,2660,2736,217.31
4626,2010,3784,219.243
4540,2042,3786,219.247
4501,1563,4793,220.334
4127,1999,4331,220.581
3859,2056,4585,220.776
3350,2729,4102,220.798
3226,2454,4666,220.812
3233,2240,5066,220.815
3812,1759,5431,220.85
3476,2961,3674,222.22
3606,2881,3583,222.221
3443,3182,3380,222.237
4112,2655,3386,222.245
3584,3359,3096,222.269
2177,4637,3866,222.293
2393,3887,4116,222.294
2523,3807,4025,222.294
2847,3636,3564,222.302
2977,3556,3473,222.302
3104,2719,4554,222.45
3796,2131,4666,222.563
4686,1962,3721,224.313
4642,1955,3756,224.324
4759,1707,4283,224.329
4715,1700,4318,224.34
4957,2228,3125,224.356
4913,2221,3160,224.367
4112,2394,3761,224.486
5142,2523,2669,224.684
4729,2287,3350,224.753
4487,4488,1771,226.576
5593,1038,4964,228.461
5725,947,5192,228.461
4256,1443,5517,228.569
4778,1704,4253,228.834
4374,1648,4854,229.632
4380,1670,4795,229.633
3390,5621,1980,232.654
4274,3656,2242,234.069
5215,4765,1356,235.603
4626,2790,2682,235.711
4582,2783,2717,235.717
3510,5374,1993,236.219
6100,531,6346,237.124
4827,1866,3855,237.381
4901,1611,4274,237.801
4777,1336,4838,237.807
5165,1331,4521,237.916
5378,2441,2581,240.381
5172,2487,2703,240.381
5005,2060,3395,240.405
5276,2326,2799,240.424
5664,2535,2285,240.425
5079,3612,1909,240.436
5070,1349,4687,242.62
4682,1354,5004,242.624
5229,1062,5247,242.635
4841,1067,5564,242.64
4262,1548,5199,242.691
4121,1977,4390,243.515
3790,1996,4786,243.531
2860,3494,3539,243.622
2406,3745,4091,243.631
3001,3671,3255,243.645
4183,1722,4962,245.771
5529,2595,2414,246.557
3368,4187,2504,247.081
3518,4147,2399,247.082
4314,4223,1887,247.124
3834,3813,2411,247.127
3984,3773,2306,247.128
4433,3540,2216,247.128
4668,4504,1650,247.139
4349,3370,2393,247.149
4194,3726,2245,247.383
5068,958,5626,249.424
5462,975,5250,249.47
3258,3293,3472,249.823
3465,2999,3640,249.827
3149,3089,3828,249.865
3777,2167,4464,249.924
3570,2461,4296,249.936
3446,2186,4860,249.943
3434,2928,3760,250.728
3479,2843,3788,250.732
3609,2763,3697,250.732
3446,3064,3494,250.746
4115,2537,3500,250.753
3952,2838,3297,250.76
2968,3302,3853,250.783
3013,3217,3881,250.786
2351,3854,4202,250.791
2396,3769,4230,250.794
2180,4519,3980,250.795
2805,3603,3650,250.798
2850,3518,3678,250.801
2991,3695,3394,250.831
5550,2287,2765,252.102
3136,5064,2300,252.757
3613,2473,4139,254.757
3400,2527,4345,254.758
4578,3816,1983,258.557
2925,4494,2662,258.965
3716,3396,2894,258.972
3956,3802,2376,259.252
3773,2596,3848,260.667
4672,2835,2658,265.425
3332,3719,2910,265.473
3329,3837,2796,265.479
3492,3536,2999,265.485
3473,3896,2626,265.488
3798,3345,2817,265.517
3795,3463,2703,265.523
3939,3522,2533,265.532
4861,5169,1408,275.309
4554,5300,1521,275.365
3094,3898,3074,277.043
5219,2557,2607,280.207
5127,2720,2481,280.243
2362,4187,3896,285.927
2500,4026,3532,285.948
2707,3732,3700,285.951
2046,4277,4084,285.961
2187,4454,3800,285.982
2958,3170,4217,290.06
2297,3715,4601,290.081
2751,3464,4049,290.096
2627,3189,4613,290.127
