obj0,obj1,obj2,obj3,cpu
29907,20879,30164,29471,0.807182
26494,30691,30040,29791,1.03063
28003,24724,29055,25514,1.31728
32981,25220,27225,26316,1.33776
28652,22742,29596,28343,1.3673
26547,30913,31258,28083,1.59116
34208,23825,25368,27533,1.88541
36756,19882,25651,31854,1.89701
34857,21843,25909,30362,1.91151
29852,20629,31062,27919,1.98842
28056,24946,30273,23806,2.00281
28597,22492,30494,26791,2.01803
31077,29065,26116,22359,2.04663
34062,24637,25896,28795,2.08351
31726,27083,26657,25188,2.11319
36610,20694,26179,33116,2.1305
26174,31784,28763,32220,2.50899
25499,33244,27976,29761,2.53921
26367,29707,27993,33130,2.61208
26148,31262,28517,32590,2.64499
36701,19632,26549,30302,2.78812
34261,24047,26586,25825,2.79569
34802,21593,26807,28810,2.80756
31726,25247,26864,28740,2.8281
41275,29631,22295,33499,2.83283
37282,28166,22429,24378,2.83746
31051,26707,26077,26281,2.85028
43823,25688,22578,37820,2.85418
39830,24223,22712,28699,2.85777
31919,23170,26094,29650,2.87048
37931,26184,22970,27207,2.88164
31700,24725,26618,29110,2.89593
32850,25160,28161,23054,2.98287
36555,20444,27077,31564,2.993
31054,29477,27372,18941,3.0042
34115,24859,27114,27087,3.01624
31595,27023,27593,21926,3.02874
37136,28978,22957,25640,3.08055
27683,25817,27778,27943,3.09163
27008,27277,26991,25484,3.12106
39684,25035,23240,29961,3.17
37785,26996,23498,28469,3.18145
27876,23740,27008,28853,3.19231
31773,23982,26622,30912,3.20988
27657,25295,27532,28313,3.22372
26312,29457,28891,31578,3.59775
25552,33466,29194,28053,3.63151
26093,31012,29415,31038,3.67137
28573,37585,25037,26606,3.7395
29441,34048,25054,29975,3.88435
29222,35603,25578,29435,3.9008
39699,24163,23648,25437,4.15748
31864,22920,26992,28098,4.16539
37259,28578,23685,20960,4.17135
31104,26929,27295,24573,4.17987
37800,26124,23906,23945,4.18866
31645,24475,27516,27558,4.19916
34800,29588,23925,25585,4.20945
34125,31048,23138,23126,4.24185
35495,27420,24182,23076,4.25155
32338,30302,24891,21824,4.2641
34993,27511,23155,26495,4.27447
38043,23477,24465,27397,4.28226
33206,26765,24908,25193,4.2936
34774,29066,23679,25955,4.30933
36144,25438,24723,25905,4.32048
39553,24975,24176,26699,4.46159
27821,23490,27906,27301,4.4684
37113,29390,24213,22222,4.49355
27061,27499,28209,23776,4.50194
37654,26936,24434,25207,4.53188
27602,25045,28430,26761,4.54163
30757,30158,24839,24788,4.59404
30082,31618,24052,22329,4.6103
33979,31860,23666,24388,4.62064
29290,28319,27869,21057,4.67617
30950,28081,24069,25698,4.76053
34847,28323,23683,27757,4.7697
30731,29636,24593,25158,4.77775
31194,24474,28978,25014,4.79971
37897,24289,24993,28659,4.82166
29939,26337,28410,23886,4.84945
26839,37061,28008,23596,5.23602
26786,36839,26790,25304,5.42244
27654,33302,26807,28673,5.54265
34862,27451,24091,23233,5.68278
37988,23227,25363,25845,5.68753
33151,26515,25806,23641,5.69455
34102,31460,24394,19708,5.70254
35548,27642,25400,21368,5.70922
32391,30524,26109,20116,5.71678
34643,29006,24615,22693,5.72832
36089,25188,25621,24353,5.73558
30819,28021,25005,22436,6.0506
34716,28263,24619,24495,6.05614
31139,24224,29876,23462,6.06094
29108,27085,26720,22844,6.06698
37842,24039,25891,27107,6.07434
30059,32030,25308,18911,6.09245
33956,32272,24922,20970,6.09963
29343,28541,29087,19349,6.10585
28348,31094,27023,19319,6.1129
30600,29576,25529,21896,6.14586
29884,26087,29308,22334,6.16359
28889,28640,27244,22304,6.17232
28970,29412,26592,23486,6.26314
28295,30872,25805,21027,6.30607
29163,27335,25822,24396,6.45384
33060,27577,25436,26455,6.49142
28944,28890,26346,23856,6.53738
26386,29435,28969,31620,9.10169
26645,30896,31405,28226,9.10707
26913,37039,28086,23638,9.11861
26167,30990,29493,31080,9.13065
26248,31762,28841,32262,9.14103
26592,30674,30187,29934,9.14398
26860,36817,26868,25346,9.15198
26441,29685,28071,33172,9.1666
27728,33280,26885,28715,9.16978
26222,31240,28595,32632,9.17273
26460,29413,29047,31662,10.8338
26743,30879,31552,28369,10.8402
25626,33444,29272,28095,10.8464
26987,37017,28164,23680,10.8544
26241,30968,29571,31122,10.8705
26690,30657,30334,30077,10.8853
25573,33222,28054,29803,10.8875
26934,36795,26946,25388,10.8959
26515,29663,28149,33214,10.9156
27802,33258,26963,28757,10.9194
26296,31218,28673,32674,10.9229
27895,23468,27984,27343,11.7088
29182,27063,26798,22886,11.7363
36509,20451,27136,31538,11.7707
37796,24046,25950,27081,11.7986
28154,24929,30420,23949,11.9761
29441,28524,29234,19492,12.004
28422,31072,27101,19361,12.0748
34069,24866,27173,27061,12.117
31693,27006,27740,22069,12.1838
28695,22475,30641,26934,12.2729
29982,26070,29455,22477,12.31
27676,25023,28508,26803,12.3519
28963,28618,27322,22346,12.3934
27757,25795,27856,27985,12.6159
29044,29390,26670,23528,12.6213
28101,24707,29202,25657,12.6532
29388,28302,28016,21200,12.6819
28369,30850,25883,21069,12.7523
34016,24644,25955,28769,12.7956
27950,23718,27086,28895,12.9946
29237,27313,25900,24438,13.0223
36564,20701,26238,33090,13.059
37851,24296,25052,28633,13.0876
31727,23989,26681,30886,13.1188
33014,27584,25495,26429,13.1429
28750,22725,29743,28486,13.183
30037,26320,28557,24029,13.2017
27731,25273,27610,28355,13.2474
29018,28868,26424,23898,13.258
26534,29391,29125,31704,13.4015
26841,30862,31699,28512,13.4057
25700,33422,29350,28137,13.4092
27061,36995,28242,23722,13.4185
26315,30946,29649,31164,13.4389
26788,30640,30481,30220,13.4462
25647,33200,28132,29845,13.4491
27008,36773,27024,25430,13.4581
26589,29641,28227,33256,13.4773
26370,31196,28751,32716,13.4854
31984,22891,27011,28166,13.5893
33271,26486,25825,23709,13.6228
34405,24023,26674,25994,13.6983
35692,27618,25488,21537,13.7214
37944,26100,23994,24114,13.8281
34946,21569,26895,28979,13.8572
36233,25164,25709,24522,13.8991
31765,24446,27535,27626,13.9501
31846,25218,26883,28808,13.9925
34352,23801,25456,27702,14.0305
35639,27396,24270,23245,14.0562
32039,23141,26113,29718,14.2244
33326,26736,24927,25261,14.2557
38075,26160,23058,27376,14.3003
35001,21819,25997,30531,14.3299
36288,25414,24811,26074,14.3726
31820,24696,26637,29178,14.424
27969,23446,28062,27385,14.6623
29256,27041,26876,22928,14.7037
36463,20458,27195,31512,14.7585
37750,24053,26009,27055,14.7983
28252,24912,30567,24092,15.0182
29539,28507,29381,19635,15.0608
27135,27477,28287,23818,15.1157
28496,31050,27179,19403,15.1624
34023,24873,27232,27035,15.2254
31791,26989,27887,22212,15.2961
30674,29554,25607,21938,15.3232
28793,22458,30788,27077,15.3785
30080,26053,29602,22620,15.4341
27750,25001,28586,26845,15.4989
29037,28596,27400,22388,15.5549
28199,24690,29349,25800,15.8782
29486,28285,28163,21343,15.9111
27082,27255,27069,25526,15.9675
28443,30828,25961,21111,16.0217
33970,24651,26014,28743,16.0858
30805,29614,24671,25200,16.2093
28024,23696,27164,28937,16.3323
29311,27291,25978,24480,16.3728
36518,20708,26297,33064,16.4275
37805,24303,25111,28607,16.4686
31681,23996,26740,30860,16.4961
32968,27591,25554,26403,16.516
28848,22708,29890,28629,16.5405
30135,26303,28704,24172,16.5556
27805,25251,27688,28397,16.6231
29092,28846,26502,23940,16.6344
26608,29369,29203,31746,16.7896
26939,30845,31846,28655,16.7989
25774,33400,29428,28179,16.8029
27135,36973,28320,23764,16.8165
26389,30924,29727,31206,16.8489
26886,30623,30628,30363,16.8737
25721,33178,28210,29887,16.8767
27082,36751,27102,25472,16.8911
26663,29619,28305,33298,16.925
26444,31174,28829,32758,16.9417
32104,22862,27030,28234,17.0893
33391,26457,25844,23777,17.1354
34549,23999,26762,26163,17.2365
35836,27594,25576,21706,17.269
31224,26900,27314,24641,17.3284
32511,30495,26128,20184,17.3495
38088,26076,24082,24283,17.4207
34763,28977,24634,22761,17.4481
35090,21545,26983,29148,17.4564
36377,25140,25797,24691,17.5078
31885,24417,27554,27694,17.5846
33172,28012,26368,23237,17.6066
31966,25189,26902,28876,17.6336
34496,23777,25544,27871,17.6739
35783,27372,24358,23414,17.7061
31171,26678,26096,26349,17.7675
32458,30273,24910,21892,17.7891
32159,23112,26132,29786,17.918
33446,26707,24946,25329,17.9539
38219,26136,23146,27545,18.0205
34894,29037,23698,26023,18.0435
35145,21795,26085,30700,18.0517
36432,25390,24899,26243,18.1
31940,24667,26656,29246,18.1647
28043,23424,28140,27427,18.4192
29330,27019,26954,22970,18.479
36417,20465,27254,31486,18.561
37704,24060,26068,27029,18.6218
28350,24895,30714,24235,18.9162
29637,28490,29528,19778,18.9624
27209,27455,28365,23860,19.0416
28570,31028,27257,19445,19.0974
34259,24835,27202,27256,19.1855
34213,24842,27261,27230,19.1879
33977,24880,27291,27009,19.1911
31889,26972,28034,22355,19.2666
30748,29532,25685,21980,19.2929
28891,22441,30935,27220,19.3525
30178,26036,29749,22763,19.4282
27824,24979,28664,26887,19.5226
29111,28574,27478,22430,19.5715
28297,24673,29496,25943,19.9663
29584,28268,28310,21486,19.9891
27156,27233,27147,25568,20.0703
28517,30806,26039,21153,20.1297
34206,24613,25984,28964,20.2192
34160,24620,26043,28938,20.2218
33924,24658,26073,28717,20.225
30879,29592,24749,25242,20.3657
28098,23674,27242,28979,20.5052
29385,27269,26056,24522,20.5643
36472,20715,26356,33038,20.6479
37759,24310,25170,28581,20.7152
31893,23953,26641,30980,20.7474
31847,23960,26700,30954,20.75
31635,24003,26799,30834,20.7532
33180,27548,25455,26523,20.7705
33134,27555,25514,26497,20.7737
32922,27598,25613,26377,20.7817
28946,22691,30037,28772,20.8253
30233,26286,28851,24315,20.833
27879,25229,27766,28439,20.9096
29166,28824,26580,23982,20.9165
26682,29347,29281,31788,21.1116
25848,33378,29506,28221,21.1351
26463,30902,29805,31248,21.2039
26984,30606,30775,30506,21.2273
25795,33156,28288,29929,21.2341
26737,29597,28383,33340,21.2966
32224,22833,27049,28302,21.4613
33511,26428,25863,23845,21.5237
34693,23975,26850,26332,21.6526
35980,27570,25664,21875,21.682
31344,26871,27333,24709,21.7513
32631,30466,26147,20252,21.7782
38232,26052,24170,24452,21.8419
34883,28948,24653,22829,21.8668
35234,21521,27071,29317,21.8753
36521,25116,25885,24860,21.9267
32005,24388,27573,27762,22.0111
33292,27983,26387,23305,22.0651
32086,25160,26921,28944,22.1127
34640,23753,25632,28040,22.145
35927,27348,24446,23583,22.184
31291,26649,26115,26417,22.2564
32578,30244,24929,21960,22.2806
32279,23083,26151,29854,22.4445
33566,26678,24965,25397,22.5067
38363,26112,23234,27714,22.6111
35014,29008,23717,26091,22.6331
35289,21771,26173,30869,22.6415
36576,25366,24987,26412,22.6937
32060,24638,26675,29314,22.7714
28117,23402,28218,27469,23.0637
29404,26997,27032,23012,23.1561
36371,20472,27313,31460,23.2764
37658,24067,26127,27003,23.3578
28448,24878,30861,24378,23.7262
29735,28473,29675,19921,23.7585
27283,27433,28443,23902,23.8642
28644,31006,27335,19487,23.9301
34167,24849,27320,27204,24.0639
33931,24887,27350,26983,24.0671
31987,26955,28181,22498,24.1372
30822,29510,25763,22022,24.1554
28989,22424,31082,27363,24.2141
30276,26019,29896,22906,24.3011
27898,24957,28742,26929,24.4332
29185,28552,27556,22472,24.4981
28395,24656,29643,26086,24.9396
29682,28251,28457,21629,24.9538
27230,27211,27225,25610,25.0574
28591,30784,26117,21195,25.1273
34114,24627,26102,28912,25.2652
33878,24665,26132,28691,25.2682
30953,29570,24827,25284,25.4161
28172,23652,27320,29021,25.546
29459,27247,26134,24564,25.6399
36426,20722,26415,33012,25.764
37713,24317,25229,28555,25.8493
31801,23967,26759,30928,25.8831
31589,24010,26858,30808,25.8861
33088,27562,25573,26471,25.906
32876,27605,25672,26351,25.9111
29044,22674,30184,28915,25.9641
30331,26269,28998,24458,25.9717
27953,25207,27844,28481,26.0514
29240,28802,26658,24024,26.0743
26756,29325,29359,31830,26.2561
25922,33356,29584,28263,26.2717
26120,31130,29495,30999,26.3692
26537,30880,29883,31290,26.3915
25869,33134,28366,29971,26.4325
26811,29575,28461,33382,26.5388
26175,31380,28597,32551,26.5425
32344,22804,27068,28370,26.7272
33631,26399,25882,23913,26.8305
34837,23951,26938,26501,27.0315
36124,27546,25752,22044,27.0758
31464,26842,27352,24777,27.1819
32751,30437,26166,20320,27.2122
38376,26028,24258,24621,27.2992
35003,28919,24672,22897,27.333
34829,21711,26887,28771,27.3439
35378,21497,27159,29486,27.3493
36116,25306,25701,24314,27.4072
36665,25092,25973,25029,27.4144
32125,24359,27592,27830,27.5384
33412,27954,26406,23373,27.6142
34784,23729,25720,28209,27.711
36071,27324,24534,23752,27.764
31411,26620,26134,26485,27.8704
32698,30215,24948,22028,27.9061
32399,23054,26170,29922,28.1409
33686,26649,24984,25465,28.242
38507,26088,23322,27883,28.4068
35134,28979,23736,26159,28.4304
34884,21961,25989,30323,28.4411
35433,21747,26261,31038,28.447
36171,25556,24803,25866,28.492
36720,25342,25075,26581,28.4995
32180,24609,26694,29382,28.5973
28191,23380,28296,27511,28.9548
29478,26975,27110,23054,29.0865
36325,20479,27372,31434,29.2765
37612,24074,26186,26977,29.3759
28546,24861,31008,24521,29.8112
29833,28456,29822,20064,29.8488
27357,27411,28521,23944,30.0133
28718,30984,27413,19529,30.0973
34121,24856,27379,27178,30.3021
33885,24894,27409,26957,30.3053
32085,26938,28328,22641,30.3795
30896,29488,25841,22064,30.4005
28624,22610,30574,26752,30.4643
29087,22407,31229,27506,30.4704
29911,26205,29388,22295,30.5666
30374,26002,30043,23049,30.5744
27972,24935,28820,26971,30.7725
29259,28530,27634,22514,30.8654
28493,24639,29790,26229,31.3378
29780,28234,28604,21772,31.3643
27304,27189,27303,25652,31.4961
28665,30762,26195,21237,31.5843
34068,24634,26161,28886,31.7996
33832,24672,26191,28665,31.803
31027,29548,24905,25326,31.9522
28246,23630,27398,29063,32.0587
29533,27225,26212,24606,32.2016
36380,20729,26474,32986,32.3916
37667,24324,25288,28529,32.4932
31755,23974,26818,30902,32.5238
31543,24017,26917,30782,32.5269
33042,27569,25632,26445,32.5603
32830,27612,25731,26325,32.5653
28679,22860,29676,28304,32.638
29142,22657,30331,29058,32.6445
29966,26455,28490,23847,32.6531
30429,26252,29145,24601,32.6607
26830,29303,29437,31872,32.9733
25996,33334,29662,28305,33.0071
26147,31248,29575,30960,33.165
26611,30858,29961,31332,33.192
25943,33112,28444,30013,33.2431
26885,29553,28539,33424,33.4136
26202,31498,28677,32512,33.424
32464,22775,27087,28438,33.6815
33751,26370,25901,23981,33.8217
34981,23927,27026,26670,34.1114
36268,27522,25840,22213,34.1636
31584,26813,27371,24845,34.3075
32871,30408,26185,20388,34.3364
38520,26004,24346,24790,34.4717
35123,28890,24691,22965,34.5057
34856,21829,26967,28732,34.5093
35522,21473,27247,29655,34.5168
36143,25424,25781,24275,34.5833
36809,25068,26061,25198,34.594
31672,24593,27596,27519,34.7395
32245,24330,27611,27898,34.7628
33532,27925,26425,23441,34.8716
34928,23705,25808,28378,35.0185
36215,27300,24622,23921,35.0921
31531,26591,26153,26553,35.2435
32818,30186,24967,22096,35.2817
32519,23025,26189,29990,35.5774
33806,26620,25003,25533,35.7184
38651,26064,23410,28052,35.9544
35254,28950,23755,26227,35.983
34911,22079,26069,30284,35.99
35577,21723,26349,31207,35.9979
36198,25674,24883,25827,36.0559
36864,25318,25163,26750,36.0665
31727,24843,26698,29071,36.177
32300,24580,26713,29450,36.1904
28265,23358,28374,27553,36.6354
29552,26953,27188,23096,36.8086
36279,20486,27431,31408,37.093
37566,24081,26245,26951,37.2022
28644,24844,31155,24664,37.7328
29931,28439,29969,20207,37.7855
27431,27389,28599,23986,38.0201
28792,30962,27491,19571,38.142
34075,24863,27438,27152,38.4851
33839,24901,27468,26931,38.4885
32183,26921,28475,22784,38.5658
30970,29466,25919,22106,38.5925
28651,22728,30654,26713,38.6673
29185,22390,31376,27649,38.6765
29938,26323,29468,22256,38.7603
30472,25985,30190,23192,38.7714
27629,25163,28510,26722,38.9961
28046,24913,28898,27013,39.0249
28916,28758,27324,22265,39.1627
29333,28508,27712,22556,39.1978
28591,24622,29937,26372,39.7838
29878,28217,28751,21915,39.8179
27378,27167,27381,25694,39.9806
28739,30740,26273,21279,40.111
34022,24641,26220,28860,40.4633
33786,24679,26250,28639,40.4672
31101,29526,24983,25368,40.6077
28320,23608,27476,29105,40.7333
29607,27203,26290,24648,40.9435
36334,20736,26533,32960,41.2271
37621,24331,25347,28503,41.34
31875,23945,26837,30970,41.3584
31709,23981,26877,30876,41.3609
31497,24024,26976,30756,41.3647
33162,27540,25651,26513,41.4076
32996,27576,25691,26419,41.411
28706,22978,29756,28265,41.473
29240,22640,30478,29201,41.4825
29993,26573,28570,23808,41.4961
27684,25413,27612,28274,41.6094
28971,29008,26426,23817,41.6282
26904,29281,29515,31914,41.9656
26070,33312,29740,28347,41.9992
26174,31366,29655,30921,42.2372
26685,30836,30039,31374,42.2766
26017,33090,28522,30055,42.3589
26959,29531,28617,33466,42.5939
26229,31616,28757,32473,42.6097
32584,22746,27106,28506,42.9552
33871,26341,25920,24049,43.1232
35125,23903,27114,26839,43.548
36412,27498,25928,22382,43.5937
31704,26784,27390,24913,43.788
32991,30379,26204,20456,43.8278
38664,25980,24434,24959,44.0614
35243,28861,24710,23033,44.0972
34883,21947,27047,28693,44.1067
35666,21449,27335,29824,44.1213
36170,25542,25861,24236,44.2228
36953,25044,26149,25367,44.2427
31699,24711,27676,27480,44.4653
32365,24301,27630,27966,44.5066
33652,27896,26444,23509,44.6464
35072,23681,25896,28547,44.7808
36359,27276,24710,24090,44.8473
31651,26562,26172,26621,45.0817
32938,30157,24986,22164,45.1366
32639,22996,26208,30058,45.5515
33926,26591,25022,25601,45.7283
38795,26040,23498,28221,46.1007
35374,28921,23774,26295,46.1341
34938,22197,26149,30245,46.1443
35721,21699,26437,31376,46.159
36225,25792,24963,25788,46.2511
37008,25294,25251,26919,46.271
31754,24961,26778,29032,46.4691
32420,24551,26732,29518,46.4849
28339,23336,28452,27595,47.0309
29626,26931,27266,23138,47.2877
36233,20493,27490,31382,47.7392
37520,24088,26304,26925,47.8636
28742,24827,31302,24807,48.4733
30029,28422,30116,20350,48.5201
27505,27367,28677,24028,48.8688
28866,30940,27569,19613,49.0504
34219,24839,27526,27321,49.6057
34029,24870,27497,27126,49.6086
33793,24908,27527,26905,49.6118
32281,26904,28622,22927,49.6902
31044,29444,25997,22148,49.7271
28678,22846,30734,26674,49.8206
29283,22373,31523,27792,49.8359
29965,26441,29548,22217,49.9586
30570,25968,30337,23335,49.9788
27656,25281,28590,26683,50.3051
28120,24891,28976,27055,50.3425
28943,28876,27404,22226,50.4757
29407,28486,27790,22598,50.5245
28689,24605,30084,26515,51.2466
29976,28200,28898,22058,51.2816
27452,27145,27459,25736,51.5007
28813,30718,26351,21321,51.7056
34166,24617,26308,29029,52.2686
33976,24648,26279,28834,52.2714
33740,24686,26309,28613,52.2749
28394,23586,27554,29147,52.5951
29681,27181,26368,24690,52.9116
36288,20743,26592,32934,53.3384
31829,23952,26896,30944,53.5085
31663,23988,26936,30850,53.5109
33116,27547,25710,26487,53.5582
32950,27583,25750,26393,53.5616
28733,23096,29836,28226,53.6099
30020,26691,28650,23769,53.637
27711,25531,27692,28235,53.8291
28998,29126,26506,23778,53.8519
26978,29259,29593,31956,54.2778
26144,33290,29818,28389,54.3089
26201,31484,29735,30882,54.6556
26091,33068,28600,30097,54.763
26906,36954,26760,25410,54.771
27774,33417,26777,28779,55.0753
26256,31734,28837,32434,55.09
32704,22717,27125,28574,55.4915
33991,26312,25939,24117,55.7092
35269,23879,27202,27008,56.3537
36556,27474,26016,22551,56.3945
31824,26755,27409,24981,56.5946
33111,30350,26223,20524,56.6543
38808,25956,24522,25128,57.0526
35363,28832,24729,23101,57.0934
34910,22065,27127,28654,57.1065
35810,21425,27423,29993,57.1311
36197,25660,25941,24197,57.2699
37097,25020,26237,25536,57.3031
31726,24829,27756,27441,57.6571
32485,24272,27649,28034,57.7138
33772,27867,26463,23577,57.9137
35216,23657,25984,28716,58.0303
35615,27535,24152,23182,58.0894
36503,27252,24798,24259,58.1198
31771,26533,26191,26689,58.4077
33058,30128,25005,22232,58.4772
38163,23592,24435,27503,58.7801
32759,22967,26227,30126,59.0038
34046,26562,25041,25669,59.2309
38939,26016,23586,28390,59.8327
35494,28892,23793,26363,59.8685
34965,22315,26229,30206,59.8815
35865,21675,26525,31545,59.9104
36252,25910,25043,25749,60.0321
37152,25270,25339,27088,60.0657
31781,25079,26858,28993,60.3578
32540,24522,26751,29586,60.3838
28413,23314,28530,27637,61.0921
29700,26909,27344,23180,61.3858
36187,20500,27549,31356,62.0717
37474,24095,26363,26899,62.2053
28840,24810,31449,24950,62.9034
30127,28405,30263,20493,62.9508
27579,27345,28755,24070,63.4514
28940,30918,27647,19655,63.7052
34173,24846,27585,27295,64.5809
33983,24877,27556,27100,64.5836
33747,24915,27586,26879,64.587
35034,28510,26400,22422,64.6123
32379,26887,28769,23070,64.6668
31118,29422,26075,22190,64.7142
28705,22964,30814,26635,64.8054
29381,22356,31670,27935,64.8319
29992,26559,29628,22178,64.9911
30668,25951,30484,23478,65.0249
27683,25399,28670,26644,65.4832
28194,24869,29054,27097,65.535
28970,28994,27484,22187,65.7219
29090,29527,26562,23592,66.8128
28787,24588,30231,26658,66.8635
29410,28434,27839,21163,66.8828
30074,28183,29045,22201,66.9124
27526,27123,27537,25778,67.2278
28887,30696,26429,21363,67.5129
34120,24624,26367,29003,68.4108
33930,24655,26338,28808,68.4135
33694,24693,26368,28587,68.4168
31314,24589,28948,25120,68.6392
28468,23564,27632,29189,68.825
29755,27159,26446,24732,69.279
36242,20750,26651,32908,69.9175
31783,23959,26955,30918,70.1089
31617,23995,26995,30824,70.1115
33070,27554,25769,26461,70.1829
28760,23214,29916,28187,70.2448
30047,26809,28730,23730,70.2654
27738,25649,27772,28196,70.5733
29025,29244,26586,23739,70.6003
26218,33268,29896,28431,71.3432
26955,37186,27980,23612,71.3478
26228,31602,29815,30843,71.7917
26165,33046,28678,30139,71.8835
27026,37069,26730,25516,71.8923
27894,33532,26747,28885,72.267
38104,23352,25335,25861,72.366
32824,22688,27144,28642,72.7455
34111,26283,25958,24185,72.9896
35413,23855,27290,27177,73.973
35664,27767,25372,21384,73.9958
36700,27450,26104,22720,74.0204
31944,26726,27428,25049,74.2106
33231,30321,26242,20592,74.2941
38952,25932,24610,25297,74.8798
35483,28803,24748,23169,74.9148
34937,22183,27207,28615,74.9317
35954,21401,27511,30162,74.9667
36224,25778,26021,24158,75.0947
37241,24996,26325,25705,75.1459
31753,24947,27836,27402,75.7036
35360,23633,26072,28885,76.118
36647,27228,24886,24428,76.2112
31891,26504,26210,26757,76.5508
33178,30099,25024,22300,76.623
38283,23707,24405,27609,76.9531
32879,22938,26246,30194,77.3264
33326,26880,24878,25299,77.5458
33446,26851,24897,25367,77.572
34166,26533,25060,25737,77.6349
39083,25992,23674,28559,78.6125
35614,28863,23812,26431,78.6479
34992,22433,26309,30167,78.6686
36009,21651,26613,31714,78.7029
36264,25553,24693,26011,78.8154
36279,26028,25123,25710,78.8385
37296,25246,25427,27257,78.898
31808,25197,26938,28954,79.3419
31255,24349,29848,23478,79.6268
28487,23292,28608,27679,80.2295
29774,26887,27422,23222,80.5845
36141,20507,27608,31330,81.6006
37428,24102,26422,26873,81.7372
28938,24793,31596,25093,82.5547
29459,28666,29059,19365,82.5797
30225,28388,30410,20636,82.6143
27653,27323,28833,24112,83.2801
29014,30896,27725,19697,83.5508
34127,24853,27644,27269,84.9373
33937,24884,27615,27074,84.9399
33701,24922,27645,26853,84.9439
34988,28517,26459,22396,84.9709
32477,26870,28916,23213,85.024
31192,29400,26153,22232,85.0699
28732,23082,30894,26596,85.1678
29479,22339,31817,28078,85.1897
30019,26677,29708,22139,85.3447
30766,25934,30631,23621,85.3941
27710,25517,28750,26605,86.1092
28997,29112,27564,22148,86.441
29210,29642,26532,23698,87.962
28885,24571,30378,26801,88.0265
29530,28549,27809,21269,88.0469
30172,28166,29192,22344,88.0952
27600,27101,27615,25820,88.4628
28415,30987,25775,21133,88.6873
28961,30674,26507,21405,88.8003
34074,24631,26426,28977,90.1984
33884,24662,26397,28782,90.201
33648,24700,26427,28561,90.2047
31434,24704,28918,25226,90.414
28542,23542,27710,29231,90.6867
29283,27450,25792,24502,91.1953
29829,27137,26524,24774,91.2807
36196,20757,26710,32882,92.2923
38017,24404,24963,28765,92.4331
31903,23930,26974,30986,92.4926
33190,27525,25788,26529,92.5769
30059,26452,28380,23992,92.6459
27765,25767,27852,28157,93.1582
29052,29362,26666,23700,93.1841
26292,33246,29974,28473,94.2041
27071,37311,27952,23628,94.2134
26255,31720,29895,30804,94.7603
26239,33024,28756,30181,94.8637
27146,37184,26700,25622,94.875
28014,33647,26717,28991,95.3436
38220,23477,25307,25877,95.4551
32944,22659,27163,28710,95.9802
33267,26640,25778,23657,96.1568
33387,26611,25797,23725,96.1867
34231,26254,25977,24253,96.2692
35557,23831,27378,27346,97.7592
35780,27892,25344,21400,97.7906
36844,27426,26192,22889,97.825
32064,26697,27447,25117,98.0412
33351,30292,26261,20660,98.1415
39096,25908,24698,25466,98.837
34964,22301,27287,28576,98.8977
36098,21377,27599,30331,98.9246
36205,25313,25593,24369,99.0108
36232,25431,25673,24330,99.0196
36251,25896,26101,24119,99.0403
37385,24972,26413,25874,99.1284
35504,23609,26160,29054,100.287
36791,27204,24974,24597,100.402
32011,26475,26229,26825,100.845
32458,30417,24861,21930,100.867
32578,30388,24880,21998,100.885
33298,30070,25043,22368,100.94
38403,23822,24375,27715,101.333
32999,22909,26265,30262,101.913
33446,26995,24848,25405,102.184
33566,26966,24867,25473,102.225
34286,26504,25079,25805,102.328
39227,25968,23762,28728,103.752
35019,22551,26389,30128,103.809
36153,21627,26701,31883,103.838
36384,25668,24663,26117,103.949
36306,26146,25203,25671,103.987
37440,25222,25515,27426,104.086
31371,24474,29820,23494,104.906
28561,23270,28686,27721,105.722
29224,27210,26692,22860,106.027
29848,26865,27500,23264,106.146
36095,20514,27667,31304,107.694
37958,24164,25863,27123,107.786
37912,24171,25922,27097,107.796
37382,24109,26481,26847,107.84
29036,24776,31743,25236,108.703
29575,28791,29031,19381,108.737
30323,28371,30557,20779,108.787
27727,27301,28911,24154,109.679
28464,31219,26995,19335,109.819
29088,30874,27803,19739,109.968
34081,24860,27703,27243,112.063
33891,24891,27674,27048,112.066
33655,24929,27704,26827,112.069
34942,28524,26518,22370,112.102
31266,29378,26231,22274,112.207
28759,23200,30974,26557,112.307
29577,22322,31964,28221,112.332
30000,26212,29280,22350,112.455
30027,26330,29360,22311,112.463
30046,26795,29788,22100,112.483
30864,25917,30778,23764,112.564
27737,25635,28830,26566,113.71
29024,29230,27644,22109,114.018
29330,29757,26502,23804,116.069
29650,28664,27779,21375,116.148
27674,27079,27693,25862,116.602
28535,31102,25745,21239,116.815
29035,30652,26585,21447,116.993
34028,24638,26485,28951,119.183
33838,24669,26456,28756,119.186
33602,24707,26486,28535,119.189
31554,24819,28888,25332,119.404
28616,23520,27788,29273,119.74
29403,27565,25762,24608,120.417
29903,27115,26602,24816,120.554
36150,20764,26769,32856,122.227
33180,27692,25406,26561,122.427
30179,26567,28350,24098,122.574
29064,29005,26316,23962,123.296
26366,33224,30052,28515,124.723
27187,37436,27924,23644,124.735
26282,31838,29975,30765,125.435
26313,33002,28834,30223,125.537
27266,37299,26670,25728,125.551
28134,33762,26687,29097,126.089
38336,23602,25279,25893,126.207
33064,22630,27182,28778,126.964
33383,26765,25750,23673,127.15
33503,26736,25769,23741,127.196
34351,26225,25996,24321,127.324
35701,23807,27466,27515,129.422
35896,28017,25316,21416,129.459
36988,27402,26280,23058,129.51
32184,26668,27466,25185,129.792
32507,30649,26081,20132,129.802
32627,30620,26100,20200,129.829
33471,30263,26280,20728,129.925
39240,25884,24786,25635,130.811
34991,22419,27367,28537,130.874
36242,21353,27687,30500,130.903
36321,25438,25565,24385,131.002
36348,25556,25645,24346,131.014
36259,25549,25753,24291,131.026
36278,26014,26181,24080,131.046
37529,24948,26501,26043,131.184
35648,23585,26248,29223,132.287
35975,27880,24062,23500,132.346
36935,27180,25062,24766,132.417
32131,26446,26248,26893,132.946
32578,30532,24831,22036,132.97
32698,30503,24850,22104,132.987
38523,23937,24345,27821,133.442
33119,22880,26284,30330,134.232
33566,27110,24818,25511,134.54
33686,27081,24837,25579,134.595
34406,26475,25098,25873,134.758
39371,25944,23850,28897,136.917
35046,22669,26469,30089,136.977
36297,21603,26789,32052,137.006
36504,25783,24633,26223,137.112
36333,26264,25283,25632,137.169
31487,24599,29792,23510,138.144
28635,23248,28764,27763,139.196
29340,27335,26664,22876,139.494
29922,26843,27578,23306,139.671
36049,20521,27726,31278,142.1
37866,24178,25981,27071,142.22
37336,24116,26540,26821,142.263
29134,24759,31890,25379,143.248
29691,28916,29003,19397,143.287
30421,28354,30704,20922,143.356
27801,27279,28989,24196,144.443
28580,31344,26967,19351,144.573
29162,30852,27881,19781,144.782
34225,24836,27791,27412,147.977
34035,24867,27762,27217,147.981
33845,24898,27733,27022,147.984
33609,24936,27763,26801,147.987
34896,28531,26577,22344,148.015
31340,29356,26309,22316,148.125
28786,23318,31054,26518,148.225
29675,22305,32111,28364,148.253
30116,26337,29252,22366,148.374
30143,26455,29332,22327,148.386
30054,26448,29440,22272,148.397
30073,26913,29868,22061,148.417
27764,25753,28910,26527,150.136
29005,28765,27216,22320,150.335
29032,28883,27296,22281,150.345
29051,29348,27724,22070,150.362
29770,28779,27749,21481,152.921
27748,27057,27771,25904,153.434
28655,31217,25715,21345,153.657
29109,30630,26663,21489,153.915
34172,24614,26573,29120,157.344
33982,24645,26544,28925,157.347
33792,24676,26515,28730,157.35
33556,24714,26545,28509,157.354
31674,24934,28858,25438,157.571
28690,23498,27866,29315,157.935
29523,27680,25732,24714,158.719
29977,27093,26680,24858,158.936
36104,20771,26828,32830,161.397
30299,26682,28320,24204,161.711
29184,29120,26286,24068,162.493
26440,33202,30130,28557,164.295
27303,37561,27896,23660,164.308
26309,31956,30055,30726,165.261
26387,32980,28912,30265,165.366
27386,37414,26640,25834,165.381
28254,33877,26657,29203,165.992
38452,23727,25251,25909,166.116
33184,22601,27201,28846,167.048
33499,26890,25722,23689,167.267
33619,26861,25741,23757,167.334
34471,26196,26015,24389,167.529
35845,23783,27554,27684,170.668
36012,28142,25288,21432,170.708
37132,27378,26368,23227,170.775
32304,26639,27485,25253,171.169
32623,30774,26053,20148,171.177
32743,30745,26072,20216,171.21
33591,30234,26299,20796,171.343
39384,25860,24874,25804,172.417
35018,22537,27447,28498,172.48
36386,21329,27775,30669,172.511
36437,25563,25537,24401,172.613
36464,25681,25617,24362,172.628
36375,25674,25725,24307,172.643
36286,25667,25833,24252,172.651
36305,26132,26261,24041,172.673
31834,25301,28076,27285,173.789
35792,23561,26336,29392,174.113
36095,27995,24032,23606,174.175
37079,27156,25150,24935,174.264
32251,26417,26267,26961,174.908
32698,30647,24801,22142,174.933
32818,30618,24820,22210,174.954
38643,24052,24315,27927,175.449
33239,22851,26303,30398,176.326
33686,27225,24788,25617,176.63
33806,27196,24807,25685,176.721
34526,26446,25117,25941,176.967
39515,25920,23938,29066,180.023
35073,22787,26549,30050,180.085
36441,21579,26877,32221,180.117
36624,25898,24603,26329,180.224
36360,26382,25363,25593,180.306
31603,24724,29764,23526,181.218
28709,23226,28842,27805,182.726
29456,27460,26636,22892,183.038
29996,26821,27656,23348,183.305
36003,20528,27785,31252,186.85
37820,24185,26040,27045,187.005
29807,29041,28975,19413,188.263
27875,27257,29067,24238,189.658
28696,31469,26939,19367,189.809
29236,30830,27959,19823,190.12
34179,24843,27850,27386,194.926
33989,24874,27821,27191,194.929
33799,24905,27792,26996,194.932
33563,24943,27822,26775,194.936
34850,28538,26636,22318,194.961
31414,29334,26387,22358,195.072
28813,23436,31134,26479,195.173
29773,22288,32258,28507,195.205
30232,26462,29224,22382,195.333
30259,26580,29304,22343,195.352
30170,26573,29412,22288,195.369
30081,26566,29520,22233,195.381
30100,27031,29948,22022,195.401
27791,25871,28990,26488,197.648
29121,28890,27188,22336,197.88
29148,29008,27268,22297,197.889
29059,29001,27376,22242,197.897
29078,29466,27804,22031,197.915
29890,28894,27719,21587,201.053
27822,27035,27849,25946,201.589
28775,31332,25685,21451,201.808
29183,30608,26741,21531,202.202
34126,24621,26632,29094,207.141
33936,24652,26603,28899,207.144
33746,24683,26574,28704,207.147
33510,24721,26604,28483,207.151
31794,25049,28828,25544,207.366
28764,23476,27944,29357,207.748
29643,27795,25702,24820,208.615
30051,27071,26758,24900,208.942
36058,20778,26887,32804,212.738
29304,29235,26256,24174,213.742
26514,33180,30208,28599,215.522
27419,37686,27868,23676,215.538
26336,32074,30135,30687,216.789
26461,32958,28990,30307,216.893
27506,37529,26610,25940,216.91
38568,23852,25223,25925,217.743
33304,22572,27220,28914,219.187
33615,27015,25694,23705,219.394
33735,26986,25713,23773,219.498
34591,26167,26034,24457,219.814
35989,23759,27642,27853,224.295
36128,28267,25260,21448,224.339
37276,27354,26456,23396,224.426
32424,26610,27504,25321,224.887
32739,30899,26025,20164,224.899
32859,30870,26044,20232,224.953
33711,30205,26318,20864,225.144
35045,22655,27527,28459,226.602
36530,21305,27863,30838,226.638
36553,25688,25509,24417,226.75
36580,25806,25589,24378,226.776
36491,25799,25697,24323,226.801
36402,25792,25805,24268,226.815
36313,25785,25913,24213,226.823
36332,26250,26341,24002,226.842
31861,25419,28156,27246,228.235
35936,23537,26424,29561,228.608
36215,28110,24002,23712,228.674
37223,27132,25238,25104,228.783
32371,26388,26286,27029,229.467
32818,30762,24771,22248,229.497
32938,30733,24790,22316,229.528
38763,24167,24285,28033,230.015
33359,22822,26322,30466,230.851
33806,27340,24758,25723,231.178
33926,27311,24777,25791,231.302
34646,26417,25136,26009,231.691
38228,27482,23850,26778,236.015
39659,25896,24026,29235,236.033
35100,22905,26629,30011,236.106
36585,21555,26965,32390,236.142
36744,26013,24573,26435,236.255
36387,26500,25443,25554,236.335
31719,24849,29736,23542,237.208
28783,23204,28920,27847,239.638
29572,27585,26608,22908,239.987
30070,26799,27734,23390,240.417
35957,20535,27844,31226,245.86
37774,24192,26099,27019,246.034
29923,29166,28947,19429,247.373
27949,27235,29145,24280,249.262
28812,31594,26911,19383,249.431
29310,30808,28037,19865,249.906
33943,24881,27880,27165,257.208
33753,24912,27851,26970,257.211
33517,24950,27881,26749,257.216
34804,28545,26695,22292,257.241
28840,23554,31214,26440,257.47
30348,26587,29196,22398,257.63
30375,26705,29276,22359,257.654
30286,26698,29384,22304,257.676
30197,26691,29492,22249,257.691
30108,26684,29600,22194,257.705
30127,27149,30028,21983,257.727
27818,25989,29070,26449,260.599
29237,29015,27160,22352,260.905
29264,29133,27240,22313,260.922
29175,29126,27348,22258,260.934
29086,29119,27456,22203,260.942
29105,29584,27884,21992,260.96
30010,29009,27689,21693,264.696
27896,27013,27927,25988,265.298
28895,31447,25655,21557,265.551
29257,30586,26819,21573,266.129
34080,24628,26691,29068,273.166
33890,24659,26662,28873,273.17
33700,24690,26633,28678,273.173
33464,24728,26663,28457,273.177
31914,25164,28798,25650,273.386
28838,23454,28022,29399,273.84
29763,27910,25672,24926,274.793
30125,27049,26836,24942,275.317
36012,20785,26946,32778,281.005
29424,29350,26226,24280,282
26902,30387,31067,31508,283.647
26976,30365,31145,31550,283.651
26588,33158,30286,28641,283.701
26142,34396,31370,27983,283.711
27535,37811,27840,23692,283.72
26216,34374,31448,28025,283.924
26363,32192,30215,30648,285.568
26535,32936,29068,30349,285.694
27626,37644,26580,26046,285.713
37291,20562,28725,30232,286.638
38684,23977,25195,25941,286.648
33424,22543,27239,28982,288.471
33731,27140,25666,23721,288.674
33851,27111,25685,23789,288.83
34711,26138,26053,24525,289.286
36133,23735,27730,28022,295.223
34851,24977,28762,25755,295.262
36244,28392,25232,21464,295.271
37420,27330,26544,23565,295.369
32544,26581,27523,25389,295.871
32855,31024,25997,20180,295.884
32975,30995,26016,20248,295.964
33831,30176,26337,20932,296.229
35072,22773,27607,28420,298.07
36674,21281,27951,31007,298.106
36669,25813,25481,24433,298.217
36696,25931,25561,24394,298.247
36607,25924,25669,24339,298.272
36518,25917,25777,24284,298.291
36429,25910,25885,24229,298.307
36340,25903,25993,24174,298.315
36359,26368,26421,23963,298.331
31888,25537,28236,27207,299.817
36335,28225,23972,23818,300.26
32491,26359,26305,27097,301.104
32938,30877,24741,22354,301.137
33058,30848,24760,22422,301.168
38883,24282,24255,28139,301.648
33479,22793,26341,30534,302.521
33926,27455,24728,25829,302.84
34046,27426,24747,25897,302.997
34766,26388,25155,26077,303.549
38201,27364,23770,26817,309.02
35127,23023,26709,29972,309.113
36864,26128,24543,26541,309.262
36414,26618,25523,25515,309.338
30442,21559,33238,27849,310.237
31835,24974,29708,23558,310.245
28857,23182,28998,27889,313.507
29688,27710,26580,22924,313.884
30144,26777,27812,23432,314.527
35911,20542,27903,31200,321.77
37728,24199,26158,26993,321.962
28646,25876,32449,23736,323.365
30039,29291,28919,19445,323.374
28023,27213,29223,24322,325.719
28928,31719,26883,19399,325.903
29384,30786,28115,19907,326.589
33897,24888,27939,27139,337.368
33707,24919,27910,26944,337.371
33471,24957,27940,26723,337.375
34758,28552,26754,22266,337.4
28867,23672,31294,26401,337.65
30464,26712,29168,22414,337.8
30491,26830,29248,22375,337.834
30402,26823,29356,22320,337.867
30313,26816,29464,22265,337.889
30224,26809,29572,22210,337.905
30135,26802,29680,22155,337.914
30154,27267,30108,21944,337.938
27845,26107,29150,26410,341.214
29353,29140,27132,22368,341.519
29380,29258,27212,22329,341.542
29291,29251,27320,22274,341.559
29202,29244,27428,22219,341.573
29113,29237,27536,22164,341.583
29132,29702,27964,21953,341.607
30130,29124,27659,21799,346.051
27970,26991,28005,26030,346.689
29015,31562,25625,21663,346.951
29331,30564,26897,21615,347.791
34034,24635,26750,29042,357.171
33844,24666,26721,28847,357.176
33654,24697,26692,28652,357.18
33418,24735,26722,28431,357.184
32034,25279,28768,25756,357.398
28912,23432,28100,29441,357.898
29883,28025,25642,25032,358.849
30199,27027,26914,24984,359.595
35966,20792,27005,32752,367.014
29544,29465,26196,24386,367.989
26919,30452,30985,31401,369.503
26993,30430,31063,31443,369.507
26662,33136,30364,28683,369.56
26159,34461,31288,27876,369.569
27651,37936,27812,23708,369.581
26233,34439,31366,27918,369.82
26390,32310,30295,30609,371.674
26609,32914,29146,30391,371.8
27746,37759,26550,26152,371.821
37308,20627,28643,30125,372.79
38800,24102,25167,25957,372.802
33544,22514,27258,29050,374.904
33847,27265,25638,23737,375.12
33967,27236,25657,23805,375.299
34831,26109,26072,24593,375.941
34868,25042,28680,25648,384.225
36360,28517,25204,21480,384.236
32664,26552,27542,25457,384.872
32971,31149,25969,20196,384.887
33091,31120,25988,20264,384.978
33951,30147,26356,21000,385.344
36785,25938,25453,24449,387.714
36812,26056,25533,24410,387.748
36634,26042,25749,24300,387.796
36545,26035,25857,24245,387.808
36456,26028,25965,24190,387.818
36367,26021,26073,24135,387.828
31915,25655,28316,27168,389.418
36455,28340,23942,23924,389.849
32611,26330,26324,27165,390.754
33058,30992,24711,22460,390.788
33178,30963,24730,22528,390.817
39003,24397,24225,28245,391.299
33599,22764,26360,30602,392.283
34046,27570,24698,25935,392.625
34166,27541,24717,26003,392.824
34886,26359,25174,26145,393.584
38174,27246,23690,26856,399.974
36984,26243,24513,26647,400.216
30459,21624,33156,27742,401.294
31951,25099,29680,23574,401.307
28931,23160,29076,27931,405.642
28411,24420,30082,27231,406.018
29804,27835,26552,22940,406.029
28485,24398,30160,27273,406.221
30218,26755,27890,23474,406.934
35865,20549,27962,31174,416.967
37682,24206,26217,26967,417.177
28663,25941,32367,23629,418.694
30155,29416,28891,19461,418.705
28097,27191,29301,24364,421.597
27651,28429,30385,23706,421.785
29044,31844,26855,19415,421.797
27725,28407,30463,23748,422.023
29458,30764,28193,19949,422.798
33851,24895,27998,27113,438.902
33661,24926,27969,26918,438.905
33425,24964,27999,26697,438.91
34712,28559,26813,22240,438.934
28894,23790,31374,26362,439.193
30580,26837,29140,22430,439.356
30607,26955,29220,22391,439.399
30429,26941,29436,22281,439.466
30340,26934,29544,22226,439.492
30251,26927,29652,22171,439.508
30162,26920,29760,22116,439.517
30181,27385,30188,21905,439.535
27872,26225,29230,26371,442.98
29469,29265,27104,22384,443.293
29496,29383,27184,22345,443.32
29407,29376,27292,22290,443.339
29318,29369,27400,22235,443.354
29229,29362,27508,22180,443.366
29140,29355,27616,22125,443.378
29159,29820,28044,21914,443.399
30250,29239,27629,21905,448.038
28044,26969,28083,26072,448.713
29135,31677,25595,21769,448.979
29405,30542,26975,21657,450.083
34178,24611,26838,29211,461.734
33988,24642,26809,29016,461.739
33798,24673,26780,28821,461.744
33608,24704,26751,28626,461.748
33372,24742,26781,28405,461.752
32154,25394,28738,25862,461.972
28986,23410,28178,29483,462.484
30003,28140,25612,25138,463.458
30273,27005,26992,25026,464.509
35920,20799,27064,32726,472.813
26936,30517,30903,31294,475.304
26736,33114,30442,28725,475.367
26176,34526,31206,27769,475.377
27767,38061,27784,23724,475.391
26250,34504,31284,27811,475.654
26307,34417,31444,27960,475.913
26417,32428,30375,30570,477.583
26683,32892,29224,30433,477.707
27866,37874,26520,26258,477.732
37325,20692,28561,30018,478.753
38916,24227,25139,25973,478.766
33664,22485,27277,29118,480.912
33963,27390,25610,23753,481.135
34083,27361,25629,23821,481.384
34951,26080,26091,24661,482.311
34885,25107,28598,25541,492.988
36476,28642,25176,21496,493
32784,26523,27561,25525,493.648
33087,31274,25941,20212,493.658
33207,31245,25960,20280,493.768
34071,30118,26375,21068,494.255
36901,26063,25425,24465,497.005
36928,26181,25505,24426,497.041
36661,26160,25829,24261,497.109
36572,26153,25937,24206,497.121
36483,26146,26045,24151,497.13
36394,26139,26153,24096,497.133
31942,25773,28396,27129,498.698
36575,28455,23912,24030,499.118
32731,26301,26343,27233,499.987
33178,31107,24681,22566,500.03
33298,31078,24700,22634,500.062
39123,24512,24195,28351,500.523
33719,22735,26379,30670,501.539
34166,27685,24668,26041,501.883
34286,27656,24687,26109,502.088
35006,26330,25193,26213,503.071
38147,27128,23610,26895,511.101
37104,26358,24483,26753,511.354
30476,21689,33074,27635,512.389
32067,25224,29652,23590,512.404
29005,23138,29154,27973,518.047
28428,24485,30000,27124,518.432
29920,27960,26524,22956,518.445
28502,24463,30078,27166,518.7
30292,26733,27968,23516,519.694
35819,20556,28021,31148,532.822
37636,24213,26276,26941,533.052
28680,26006,32285,23522,534.614
30271,29541,28863,19477,534.627
28171,27169,29379,24406,537.992
27668,28494,30303,23599,538.182
29160,31969,26827,19431,538.195
27742,28472,30381,23641,538.504
29532,30742,28271,19991,539.577
33995,24871,28086,27282,561.588
33805,24902,28057,27087,561.592
33615,24933,28028,26892,561.595
33379,24971,28058,26671,561.6
34902,28528,26842,22435,561.621
34666,28566,26872,22214,561.627
28921,23908,31454,26323,561.896
30696,26962,29112,22446,562.051
30723,27080,29192,22407,562.094
30456,27059,29516,22242,562.182
30367,27052,29624,22187,562.2
30278,27045,29732,22132,562.215
30189,27038,29840,22077,562.226
30208,27503,30268,21866,562.24
27899,26343,29310,26332,565.812
29585,29390,27076,22400,566.139
29612,29508,27156,22361,566.168
29434,29494,27372,22251,566.206
29345,29487,27480,22196,566.221
29256,29480,27588,22141,566.23
29167,29473,27696,22086,566.242
29186,29938,28124,21875,566.258
30370,29354,27599,22011,570.857
28118,26947,28161,26114,571.57
29255,31792,25565,21875,571.854
29479,30520,27053,21699,573.206
34132,24618,26897,29185,587.008
33942,24649,26868,28990,587.013
33752,24680,26839,28795,587.018
33562,24711,26810,28600,587.021
33326,24749,26840,28379,587.025
32274,25509,28708,25968,587.242
29060,23388,28256,29525,587.776
30123,28255,25582,25244,588.885
30347,26983,27070,25068,590.107
35874,20806,27123,32700,599.5
26953,30582,30821,31187,602.025
26810,33092,30520,28767,602.086
26193,34591,31124,27662,602.096
27883,38186,27756,23740,602.113
26267,34569,31202,27704,602.421
26324,34482,31362,27853,602.676
26381,34395,31522,28002,602.871
26444,32546,30455,30531,604.384
26757,32870,29302,30475,604.502
27986,37989,26490,26364,604.528
37342,20757,28479,29911,605.584
39032,24352,25111,25989,605.602
33784,22456,27296,29186,607.783
34079,27515,25582,23769,608.001
34199,27486,25601,23837,608.301
35071,26051,26110,24729,609.505
36592,28767,25148,21512,621.948
32904,26494,27580,25593,622.613
33203,31399,25913,20228,622.626
33323,31370,25932,20296,622.752
34191,30089,26394,21136,623.346
37017,26188,25397,24481,626.412
37044,26306,25477,24442,626.449
36688,26278,25909,24222,626.527
36599,26271,26017,24167,626.537
36510,26264,26125,24112,626.544
36421,26257,26233,24057,626.549
36695,28570,23882,24136,628.541
32851,26272,26362,27301,629.429
33298,31222,24651,22672,629.47
33418,31193,24670,22740,629.502
39243,24627,24165,28457,629.95
33839,22706,26398,30738,631
34286,27800,24638,26147,631.342
34406,27771,24657,26215,631.556
35126,26301,25212,26281,632.819
38120,27010,23530,26934,641.515
37224,26473,24453,26859,641.771
30493,21754,32992,27528,642.879
32183,25349,29624,23606,642.894
29079,23116,29232,28015,649.331
28445,24550,29918,27017,649.709
30036,28085,26496,22972,649.721
28519,24528,29996,27059,650.062
28576,24441,30156,27208,650.402
30366,26711,28046,23558,651.418
35773,20563,28080,31122,667.358
37590,24220,26335,26915,667.607
28697,26071,32203,23415,669.293
30387,29666,28835,19493,669.307
28245,27147,29457,24448,673
27685,28559,30221,23492,673.197
29276,32094,26799,19447,673.21
27759,28537,30299,23534,673.601
27816,28450,30459,23683,673.984
29606,30720,28349,20033,675.01
33949,24878,28145,27256,703.284
33759,24909,28116,27061,703.288
33569,24940,28087,26866,703.292
33333,24978,28117,26645,703.297
34856,28535,26901,22409,703.322
34620,28573,26931,22188,703.327
28948,24026,31534,26284,703.593
30812,27087,29084,22462,703.736
30839,27205,29164,22423,703.783
30483,27177,29596,22203,703.889
30394,27170,29704,22148,703.903
30305,27163,29812,22093,703.91
30216,27156,29920,22038,703.915
30235,27621,30348,21827,703.929
27926,26461,29390,26293,707.138
29701,29515,27048,22416,707.467
29728,29633,27128,22377,707.496
29461,29612,27452,22212,707.557
29372,29605,27560,22157,707.571
29283,29598,27668,22102,707.583
29194,29591,27776,22047,707.588
29213,30056,28204,21836,707.604
30490,29469,27569,22117,712.132
28192,26925,28239,26156,712.855
29375,31907,25535,21981,713.137
29553,30498,27131,21741,714.74
34086,24625,26956,29159,732.114
33896,24656,26927,28964,732.119
33706,24687,26898,28769,732.125
33516,24718,26869,28574,732.129
33280,24756,26899,28353,732.133
32394,25624,28678,26074,732.353
29134,23366,28334,29567,732.876
30243,28370,25552,25350,733.983
30421,26961,27148,25110,735.498
35828,20813,27182,32674,746.083
26884,33070,30598,28809,748.747
26210,34656,31042,27555,748.758
27999,38311,27728,23756,748.78
26284,34634,31120,27597,749.086
26341,34547,31280,27746,749.369
26398,34460,31440,27895,749.602
26455,34373,31600,28044,749.775
26471,32664,30535,30492,751.089
26831,32848,29380,30517,751.212
28106,38104,26460,26470,751.241
37359,20822,28397,29804,752.336
39148,24477,25083,26005,752.353
33904,22427,27315,29254,754.577
34195,27640,25554,23785,754.794
34315,27611,25573,23853,755.094
35191,26022,26129,24797,756.599
36708,28892,25120,21528,770.566
33024,26465,27599,25661,771.246
33319,31524,25885,20244,771.261
33439,31495,25904,20312,771.405
34311,30060,26413,21204,772.147
38070,27304,24706,23555,775.217
35443,22718,28737,28419,775.465
37133,26313,25369,24497,775.481
37160,26431,25449,24458,775.522
36815,28685,23852,24242,777.637
32971,26243,26381,27369,778.535
33418,31337,24621,22778,778.579
33538,31308,24640,22846,778.614
39363,24742,24135,28563,779.061
33959,22677,26417,30806,780.112
34406,27915,24608,26253,780.456
34526,27886,24627,26321,780.687
35246,26272,25231,26349,782.094
38093,26892,23450,26973,790.811
37344,26588,24423,26965,791.073
30510,21819,32910,27421,792.132
32299,25474,29596,23622,792.149
29153,23094,29310,28057,798.462
28462,24615,29836,26910,798.855
30152,28210,26468,22988,798.869
28536,24593,29914,26952,799.243
28593,24506,30074,27101,799.615
28650,24419,30234,27250,799.944
30440,26689,28124,23600,800.932
35727,20570,28139,31096,818.945
37544,24227,26394,26889,819.217
28714,26136,32121,23308,821.001
30503,29791,28807,19509,821.016
28319,27125,29535,24490,824.746
27702,28624,30139,23385,824.948
29392,32219,26771,19463,824.963
27776,28602,30217,23427,825.447
27833,28515,30377,23576,825.877
27890,28428,30537,23725,826.233
29680,30698,28427,20075,827.218
33523,24947,28146,26840,861.235
33287,24985,28176,26619,861.24
35104,28642,26431,22412,861.255
34810,28542,26960,22383,861.272
34574,28580,26990,22162,861.277
31865,28203,28393,21536,861.327
28975,24144,31614,26245,861.558
29238,23617,32424,26400,861.679
30928,27212,29056,22478,861.694
30955,27330,29136,22439,861.746
30510,27295,29676,22164,861.855
30421,27288,29784,22109,861.866
30332,27281,29892,22054,861.872
30243,27274,30000,21999,861.877
30262,27739,30428,21788,861.888
27953,26579,29470,26254,864.694
29817,29640,27020,22432,864.996
29844,29758,27100,22393,865.025
29488,29730,27532,22173,865.097
29399,29723,27640,22118,865.112
29310,29716,27748,22063,865.119
29221,29709,27856,22008,865.124
29240,30174,28284,21797,865.135
28266,26903,28317,26198,870.325
29495,32022,25505,22087,870.611
29627,30476,27209,21783,872.479
33850,24663,26986,28938,890.288
33660,24694,26957,28743,890.294
33470,24725,26928,28548,890.299
33234,24763,26958,28327,890.304
32514,25739,28648,26180,890.518
29208,23344,28412,29609,891.033
30363,28485,25522,25456,892.133
30495,26939,27226,25152,893.797
35782,20820,27241,32648,905.186
26958,33048,30676,28851,907.861
26227,34721,30960,27448,907.871
28115,38436,27700,23772,907.893
26301,34699,31038,27490,908.222
26358,34612,31198,27639,908.485
26415,34525,31358,27788,908.686
26472,34438,31518,27937,908.832
26905,32826,29458,30559,910.173
28226,38219,26430,26576,910.204
37376,20887,28315,29697,911.306
39264,24602,25055,26021,911.324
34024,22398,27334,29322,913.554
34311,27765,25526,23801,913.771
34431,27736,25545,23869,914.091
35311,25993,26148,24865,915.847
36824,29017,25092,21544,930.643
33144,26436,27618,25729,931.322
33435,31649,25857,20260,931.339
33555,31620,25876,20328,931.493
34431,30031,26432,21272,932.377
38043,27186,24626,23594,935.667
35460,22783,28655,28312,935.923
37249,26438,25341,24513,935.94
37276,26556,25421,24474,935.982
36935,28800,23822,24348,938.084
33091,26214,26400,27437,938.981
33538,31452,24591,22884,939.029
33658,31423,24610,22952,939.066
39483,24857,24105,28669,939.492
34079,22648,26436,30874,940.553
34526,28030,24578,26359,940.904
34646,28001,24597,26427,941.14
35366,26243,25250,26417,942.512
38066,26774,23370,27012,950.814
37464,26703,24393,27071,951.078
30527,21884,32828,27314,952.143
32415,25599,29568,23638,952.162
29227,23072,29388,28099,958.257
30268,28335,26440,23004,958.649
28610,24571,29992,26994,959.417
28667,24484,30152,27143,959.768
28724,24397,30312,27292,960.075
30514,26667,28202,23642,961.032
35681,20577,28198,31070,980.135
37498,24234,26453,26863,980.426
28731,26201,32039,23201,982.276
30619,29916,28779,19525,982.296
28393,27103,29613,24532,986.143
27719,28689,30057,23278,986.347
29508,32344,26743,19479,986.365
27793,28667,30135,23320,986.902
27850,28580,30295,23469,987.396
27907,28493,30455,23618,987.791
27964,28406,30615,23767,988.087
29754,30676,28505,20117,988.992
33241,24992,28235,26593,1027.57
35058,28649,26490,22386,1027.59
34764,28549,27019,22357,1027.61
34528,28587,27049,22136,1027.61
31838,28085,28313,21575,1027.66
29002,24262,31694,26206,1027.89
29255,23682,32342,26293,1028.01
31044,27337,29028,22494,1028.02
31071,27455,29108,22455,1028.08
30537,27413,29756,22125,1028.22
30448,27406,29864,22070,1028.23
30359,27399,29972,22015,1028.23
30270,27392,30080,21960,1028.24
30289,27857,30508,21749,1028.25
27980,26697,29550,26215,1031.15
29933,29765,26992,22448,1031.46
29960,29883,27072,22409,1031.49
29515,29848,27612,22134,1031.58
29426,29841,27720,22079,1031.59
29337,29834,27828,22024,1031.6
29248,29827,27936,21969,1031.6
29267,30292,28364,21758,1031.61
28340,26881,28395,26240,1036.65
29615,32137,25475,22193,1036.94
29701,30454,27287,21825,1039.01
33424,24732,26987,28522,1058.39
32634,25854,28618,26286,1058.61
29282,23322,28490,29651,1059.12
30483,28600,25492,25562,1060.25
30569,26917,27304,25194,1062.12
35736,20827,27300,32622,1074.59
26244,34786,30878,27341,1077.34
28231,38561,27672,23788,1077.37
26318,34764,30956,27383,1077.69
26375,34677,31116,27532,1077.97
26432,34590,31276,27681,1078.17
26489,34503,31436,27830,1078.32
26546,34416,31596,27979,1078.42
26979,32804,29536,30601,1079.57
37393,20952,28233,29590,1080.73
39380,24727,25027,26037,1080.75
34144,22369,27353,29390,1083
34427,27890,25498,23817,1083.22
34547,27861,25517,23885,1083.52
35431,25964,26167,24933,1085.4
36940,29142,25064,21560,1100.94
33264,26407,27637,25797,1101.63
33551,31774,25829,20276,1101.65
33671,31745,25848,20344,1101.81
34551,30002,26451,21340,1102.83
38016,27068,24546,23633,1106.4
35477,22848,28573,28205,1106.65
37365,26563,25313,24529,1106.67
37392,26681,25393,24490,1106.71
37055,28915,23792,24454,1108.85
33211,26185,26419,27505,1109.77
33658,31567,24561,22990,1109.82
33778,31538,24580,23058,1109.85
39603,24972,24075,28775,1110.29
34199,22619,26455,30942,1111.35
35486,26214,25269,26485,1113.39
38039,26656,23290,27051,1121.4
37584,26818,24363,27177,1121.65
30544,21949,32746,27207,1122.73
32531,25724,29540,23654,1122.75
29301,23050,29466,28141,1128.45
30384,28460,26412,23020,1128.86
28627,24636,29910,26887,1129.62
28684,24549,30070,27036,1129.95
28741,24462,30230,27185,1130.26
30588,26645,28280,23684,1131.36
35635,20584,28257,31044,1151.22
37452,24241,26512,26837,1151.54
28748,26266,31957,23094,1153.49
30735,30041,28751,19541,1153.52
28467,27081,29691,24574,1157.37
27736,28754,29975,23171,1157.58
29624,32469,26715,19495,1157.6
27810,28732,30053,23213,1158.18
27867,28645,30213,23362,1158.71
27924,28558,30373,23511,1159.13
27981,28471,30533,23660,1159.46
29828,30654,28583,20159,1160.56
33195,24999,28294,26567,1203.11
35012,28656,26549,22360,1203.14
34718,28556,27078,22331,1203.16
34482,28594,27108,22110,1203.17
31811,27967,28233,21614,1203.21
29029,24380,31774,26167,1203.44
29272,23747,32260,26186,1203.55
31160,27462,29000,22510,1203.58
31187,27580,29080,22471,1203.63
30564,27531,29836,22086,1203.77
30475,27524,29944,22031,1203.78
30386,27517,30052,21976,1203.78
30297,27510,30160,21921,1203.79
30316,27975,30588,21710,1203.8
30049,29890,26964,22464,1206.84
30076,30008,27044,22425,1206.87
29542,29966,27692,22095,1206.97
29453,29959,27800,22040,1206.99
29275,29945,28016,21930,1206.99
28414,26859,28473,26282,1212.06
29735,32252,25445,22299,1212.35
29775,30432,27365,21867,1214.66
32754,25969,28588,26392,1235.76
29356,23300,28568,29693,1236.29
30603,28715,25462,25668,1237.42
30643,26895,27382,25236,1239.44
35690,20834,27359,32596,1252.35
26261,34851,30796,27234,1255.16
26335,34829,30874,27276,1255.51
26392,34742,31034,27425,1255.77
26449,34655,31194,27574,1255.96
26506,34568,31354,27723,1256.1
26563,34481,31514,27872,1256.21
26620,34394,31674,28021,1256.28
37410,21017,28151,29483,1258.46
39496,24852,24999,26053,1258.48
34264,22340,27372,29458,1260.77
34543,28015,25470,23833,1261
34663,27986,25489,23901,1261.33
35551,25935,26186,25001,1263.42
37056,29267,25036,21576,1279.58
33384,26378,27656,25865,1280.26
33667,31899,25801,20292,1280.28
33787,31870,25820,20360,1280.44
34671,29973,26470,21408,1281.56
37989,26950,24466,23672,1285.23
34886,30068,25335,22342,1285.29
35494,22913,28491,28098,1285.52
37481,26688,25285,24545,1285.54
37508,26806,25365,24506,1285.59
37175,29030,23762,24560,1287.77
33331,26156,26438,27573,1288.7
34319,22590,26474,31010,1290.31
35606,26185,25288,26553,1292.37
38012,26538,23210,27090,1300.14
37704,26933,24333,27283,1300.4
30561,22014,32664,27100,1301.51
32647,25849,29512,23670,1301.53
29375,23028,29544,28183,1307.58
30500,28585,26384,23036,1308
28701,24614,29988,26929,1309.09
28758,24527,30148,27078,1309.39
28815,24440,30308,27227,1309.67
30662,26623,28358,23726,1310.67
35589,20591,28316,31018,1331.36
37406,24248,26571,26811,1331.7
28765,26331,31875,22987,1333.66
30851,30166,28723,19557,1333.69
28541,27059,29769,24616,1337.53
27753,28819,29893,23064,1337.75
29740,32594,26687,19511,1337.77
27827,28797,29971,23106,1338.41
27884,28710,30131,23255,1338.99
27941,28623,30291,23404,1339.44
27998,28536,30451,23553,1339.8
28055,28449,30611,23702,1340.09
29902,30632,28661,20201,1341.16
33149,25006,28353,26541,1385.2
34966,28663,26608,22334,1385.24
34672,28563,27137,22305,1385.26
34436,28601,27167,22084,1385.27
31784,27849,28153,21653,1385.31
30843,30638,26249,21545,1385.35
29056,24498,31854,26128,1385.56
29289,23812,32178,26079,1385.67
31276,27587,28972,22526,1385.69
31303,27705,29052,22487,1385.75
30591,27649,29916,22047,1385.91
30502,27642,30024,21992,1385.92
30413,27635,30132,21937,1385.92
30324,27628,30240,21882,1385.93
30343,28093,30668,21671,1385.94
30165,30015,26936,22480,1388.72
30192,30133,27016,22441,1388.76
29569,30084,27772,22056,1388.87
28488,26837,28551,26324,1393.82
29855,32367,25415,22405,1394.12
29849,30410,27443,21909,1396.58
29430,23278,28646,29735,1419.24
30723,28830,25432,25774,1420.38
30717,26873,27460,25278,1422.57
35644,20841,27418,32570,1435.98
26278,34916,30714,27127,1438.76
26352,34894,30792,27169,1439.12
26409,34807,30952,27318,1439.38
26466,34720,31112,27467,1439.56
26523,34633,31272,27616,1439.7
26580,34546,31432,27765,1439.78
26637,34459,31592,27914,1439.84
37427,21082,28069,29376,1442.01
39612,24977,24971,26069,1442.03
34384,22311,27391,29526,1444.48
32573,24305,28594,27279,1444.68
35671,25906,26205,25069,1447.17
34987,25497,28106,24899,1463.52
37172,29392,25008,21592,1463.54
33504,26349,27675,25933,1464.23
33783,32024,25773,20308,1464.26
33903,31995,25792,20376,1464.42
34791,29944,26489,21476,1465.95
37962,26832,24386,23711,1469.84
34859,29950,25255,22381,1469.88
35511,22978,28409,27991,1470.09
37597,26813,25257,24561,1470.12
37624,26931,25337,24522,1470.16
33451,26127,26457,27641,1473.26
34439,22561,26493,31078,1474.85
35726,26156,25307,26621,1476.9
37985,26420,23130,27129,1484.37
34882,29538,23999,25799,1484.4
30578,22079,32582,26993,1485.72
32763,25974,29484,23686,1485.75
29449,23006,29622,28225,1491.41
30616,28710,26356,23052,1491.84
28775,24592,30066,26971,1493.27
28832,24505,30226,27120,1493.55
28889,24418,30386,27269,1493.79
30736,26601,28436,23768,1494.59
35543,20598,28375,30992,1515.8
28782,26396,31793,22880,1518.22
30967,30291,28695,19573,1518.25
28615,27037,29847,24658,1522.09
27770,28884,29811,22957,1522.3
29856,32719,26659,19527,1522.32
27844,28862,29889,22999,1523
27901,28775,30049,23148,1523.57
27958,28688,30209,23297,1524.03
28015,28601,30369,23446,1524.39
28072,28514,30529,23595,1524.7
28129,28427,30689,23744,1524.97
29976,30610,28739,20243,1525.94
33339,24975,28382,26736,1570.06
33103,25013,28412,26515,1570.07
34920,28670,26667,22308,1570.11
34626,28570,27196,22279,1570.14
34390,28608,27226,22058,1570.14
31757,27731,28073,21692,1570.19
30816,30520,26169,21584,1570.23
29083,24616,31934,26089,1570.46
29306,23877,32096,25972,1570.57
31392,27712,28944,22542,1570.6
31419,27830,29024,22503,1570.66
30618,27767,29996,22008,1570.83
30529,27760,30104,21953,1570.84
30440,27753,30212,21898,1570.84
30351,27746,30320,21843,1570.85
30370,28211,30748,21632,1570.86
30281,30140,26908,22496,1573.3
30308,30258,26988,22457,1573.34
28562,26815,28629,26366,1578.66
29975,32482,25385,22511,1578.97
29923,30388,27521,21951,1581.74
30839,30108,24913,25002,1605.97
29504,23256,28724,29777,1606.7
30791,26851,27538,25320,1610.38
35598,20848,27477,32544,1624.84
26295,34981,30632,27020,1627.78
26369,34959,30710,27062,1628.14
26426,34872,30870,27211,1628.39
26483,34785,31030,27360,1628.57
26540,34698,31190,27509,1628.71
26597,34611,31350,27658,1628.8
26654,34524,31510,27807,1628.87
26711,34437,31670,27956,1628.9
37444,21147,27987,29269,1631.08
34504,22282,27410,29594,1633.74
32590,24370,28512,27172,1633.96
32710,24341,28531,27240,1634.3
35791,25877,26224,25137,1636.74
37222,30706,24888,21476,1654.23
35004,25562,28024,24792,1654.35
33624,26320,27694,26001,1655.12
34911,29915,26508,21544,1656.7
37935,26714,24306,23750,1660.73
34832,29832,25175,22420,1660.78
35528,23043,28327,27884,1661
37713,26938,25229,24577,1661.03
37740,27056,25309,24538,1661.08
39010,27878,23485,26406,1663.22
37245,30294,23632,24894,1663.23
33571,26098,26476,27709,1664.38
34559,22532,26512,31146,1666.1
35846,26127,25326,26689,1668.36
37958,26302,23050,27168,1675.91
34855,29420,23919,25838,1675.94
30595,22144,32500,26886,1677.35
29523,22984,29700,28267,1682.83
30732,28835,26328,23068,1683.27
28849,24570,30144,27013,1685.1
28906,24483,30304,27162,1685.35
30810,26579,28514,23810,1686.28
35497,20605,28434,30966,1709.27
28799,26461,31711,22773,1711.92
28689,27015,29925,24700,1717.01
27787,28949,29729,22850,1717.23
29972,32844,26631,19543,1717.26
27861,28927,29807,22892,1718.03
27918,28840,29967,23041,1718.69
27975,28753,30127,23190,1719.2
28032,28666,30287,23339,1719.61
28089,28579,30447,23488,1719.94
28146,28492,30607,23637,1720.22
30050,30588,28817,20285,1721.43
33293,24982,28441,26710,1767.5
33057,25020,28471,26489,1767.51
34874,28677,26726,22282,1767.56
34580,28577,27255,22253,1767.59
34344,28615,27285,22032,1767.59
31730,27613,27993,21731,1767.65
30789,30402,26089,21623,1767.69
29323,23942,32014,25865,1768.04
31508,27837,28916,22558,1768.08
31535,27955,28996,22519,1768.14
30645,27885,30076,21969,1768.34
30556,27878,30184,21914,1768.35
30467,27871,30292,21859,1768.35
30378,27864,30400,21804,1768.36
30397,30265,26880,22512,1770.85
30424,30383,26960,22473,1770.89
28636,26793,28707,26408,1777.11
29997,30366,27599,21993,1780.74
30812,29990,24833,25041,1809.69
29578,23234,28802,29819,1810.56
30865,26829,27616,25362,1814.89
35552,20855,27536,32518,1832.02
26312,35046,30550,26913,1835.42
26386,35024,30628,26955,1835.82
26443,34937,30788,27104,1836.09
26500,34850,30948,27253,1836.29
26557,34763,31108,27402,1836.43
26614,34676,31268,27551,1836.52
26671,34589,31428,27700,1836.58
26728,34502,31588,27849,1836.61
37461,21212,27905,29162,1839.14
34624,22253,27429,29662,1842.33
32607,24435,28430,27065,1842.58
32727,24406,28449,27133,1842.98
35911,25848,26243,25205,1846
37102,30735,24869,21408,1867.25
35021,25627,27942,24685,1867.39
33744,26291,27713,26069,1868.29
35031,29886,26527,21612,1870.22
37908,26596,24226,23789,1875.24
35545,23108,28245,27777,1875.52
38866,27902,23397,26237,1878.11
37125,30323,23613,24826,1878.12
33691,26069,26495,27777,1879.47
34679,22503,26531,31214,1881.5
35966,26098,25345,26757,1884.09
34828,29302,23839,25877,1892.6
30612,22209,32418,26779,1894.3
28923,24548,30222,27055,1903.22
28980,24461,30382,27204,1903.47
35451,20612,28493,30940,1933.05
28816,26526,31629,22666,1936.33
28763,26993,30003,24742,1942.15
27804,29014,29647,22743,1942.44
27878,28992,29725,22785,1943.43
27935,28905,29885,22934,1944.22
27992,28818,30045,23083,1944.84
28049,28731,30205,23232,1945.36
28106,28644,30365,23381,1945.79
28163,28557,30525,23530,1946.19
28220,28470,30685,23679,1946.54
30124,30566,28895,20327,1947.89
33247,24989,28500,26684,2003.69
33011,25027,28530,26463,2003.7
34828,28684,26785,22256,2003.77
34724,28553,27343,22422,2003.8
34534,28584,27314,22227,2003.81
34298,28622,27344,22006,2003.82
31703,27495,27913,21770,2003.88
30762,30284,26009,21662,2003.92
29340,24007,31932,25758,2004.35
30672,28003,30156,21930,2004.75
30583,27996,30264,21875,2004.77
30494,27989,30372,21820,2004.78
30405,27982,30480,21765,2004.78
30513,30390,26852,22528,2008.1
30540,30508,26932,22489,2008.16
28710,26771,28785,26450,2016.42
30071,30344,27677,22035,2021.47
30785,29872,24753,25080,2063.97
29652,23212,28880,29861,2065.25
30939,26807,27694,25404,2071.66
35506,20862,27595,32492,2096.75
26329,35111,30468,26806,2101.77
26403,35089,30546,26848,2102.28
26460,35002,30706,26997,2102.64
26517,34915,30866,27146,2102.89
26574,34828,31026,27295,2103.09
26631,34741,31186,27444,2103.22
26688,34654,31346,27593,2103.3
26745,34567,31506,27742,2103.34
37478,21277,27823,29055,2107.79
34744,22224,27448,29730,2114.04
32624,24500,28348,26958,2114.5
32744,24471,28367,27026,2115.22
32847,24377,28468,27201,2115.92
36031,25819,26262,25273,2120.67
36982,30764,24850,21340,2151.03
35038,25692,27860,24578,2151.24
33864,26262,27732,26137,2152.55
35151,29857,26546,21680,2155.6
37881,26478,24146,23828,2163.4
35562,23173,28163,27670,2163.84
38722,27926,23309,26068,2167.81
37005,30352,23594,24758,2167.83
33811,26040,26514,27845,2169.95
34799,22474,26550,31282,2173.21
36086,26069,25364,26825,2177.02
34801,29184,23759,25916,2188.92
30629,22274,32336,26672,2191.59
28997,24526,30300,27097,2205.03
35405,20619,28552,30914,2250.49
28833,26591,31547,22559,2255.48
28837,26971,30081,24784,2263.92
27821,29079,29565,22636,2264.37
27895,29057,29643,22678,2265.8
27952,28970,29803,22827,2266.99
28009,28883,29963,22976,2267.98
28066,28796,30123,23125,2268.76
28123,28709,30283,23274,2269.46
28180,28622,30443,23423,2270.07
28237,28535,30603,23572,2270.61
33201,24996,28559,26658,2350.07
32965,25034,28589,26437,2350.08
34782,28691,26844,22230,2350.18
34678,28560,27402,22396,2350.24
34488,28591,27373,22201,2350.25
34252,28629,27403,21980,2350.27
31676,27377,27833,21809,2350.36
30735,30166,25929,21701,2350.42
29357,24072,31850,25651,2351
30699,28121,30236,21891,2351.64
30610,28114,30344,21836,2351.66
30521,28107,30452,21781,2351.67
30432,28100,30560,21726,2351.68
28784,26749,28863,26492,2368.94
30758,29754,24673,25119,2441.46
29726,23190,28958,29903,2443.4
31013,26785,27772,25446,2453.23
35460,20869,27654,32466,2490.77
26346,35176,30386,26699,2498.38
26420,35154,30464,26741,2499.05
26477,35067,30624,26890,2499.52
26534,34980,30784,27039,2499.84
26591,34893,30944,27188,2500.07
26648,34806,31104,27337,2500.21
26705,34719,31264,27486,2500.29
26762,34632,31424,27635,2500.34
26293,34954,29168,28407,2502
37495,21342,27741,28948,2506.17
32641,24565,28266,26851,2513.62
32761,24536,28285,26919,2514.47
32864,24442,28386,27094,2515.29
32967,24348,28487,27269,2516.05
36862,30793,24831,21272,2565.92
35055,25757,27778,24471,2566.23
33984,26233,27751,26205,2568.27
35271,29828,26565,21748,2572.74
37854,26360,24066,23867,2583.7
34751,29478,24935,22537,2583.78
35579,23238,28081,27563,2584.36
38578,27950,23221,25899,2590.33
36885,30381,23575,24690,2590.36
35002,25535,26560,26179,2590.75
33931,26011,26533,27913,2593.52
30646,22339,32254,26565,2625.62
29014,24591,30218,26990,2644.27
35359,20626,28611,30888,2711.73
28850,26656,31465,22452,2719.12
28911,26949,30159,24826,2730.76
27838,29144,29483,22529,2731.44
27912,29122,29561,22571,2733.48
27969,29035,29721,22720,2735.24
28026,28948,29881,22869,2736.67
28083,28861,30041,23018,2737.86
28140,28774,30201,23167,2738.89
28197,28687,30361,23316,2739.82
28254,28600,30521,23465,2740.64
33155,25003,28618,26632,2844.48
32919,25041,28648,26411,2844.5
34736,28698,26903,22204,2844.65
34632,28567,27461,22370,2844.73
34442,28598,27432,22175,2844.74
34206,28636,27462,21954,2844.76
31649,27259,27753,21848,2844.89
30708,30048,25849,21740,2844.97
29374,24137,31768,25544,2845.7
30637,28232,30424,21797,2846.62
30548,28225,30532,21742,2846.63
30459,28218,30640,21687,2846.64
28797,26434,30247,24160,2866.54
29800,23168,29036,29945,2970.66
31087,26763,27850,25488,2983.88
35414,20876,27713,32440,3034.7
26363,35241,30304,26592,3045.15
26479,35366,30276,26608,3045.16
26437,35219,30382,26634,3045.99
26494,35132,30542,26783,3046.58
26551,35045,30702,26932,3046.97
26608,34958,30862,27081,3047.24
26665,34871,31022,27230,3047.43
26722,34784,31182,27379,3047.54
26779,34697,31342,27528,3047.6
26887,32722,30607,29684,3049.17
27003,32847,30579,29700,3049.18
26914,32840,30687,29645,3049.19
26961,32700,30685,29726,3049.26
26310,35019,29086,28300,3049.58
26430,35134,29056,28406,3049.59
26384,34997,29164,28342,3050.54
37512,21407,27659,28841,3054.82
37628,21532,27631,28857,3054.83
32658,24630,28184,26744,3064.65
32774,24755,28156,26760,3064.66
32778,24601,28203,26812,3065.88
32894,24726,28175,26828,3065.89
32881,24507,28304,26987,3067.08
32984,24413,28405,27162,3068.13
38987,28290,24741,22988,3135.94
36742,30822,24812,21204,3135.98
35072,25822,27696,24364,3136.35
35188,25947,27668,24380,3136.36
34104,26204,27770,26273,3139.07
35391,29799,26584,21816,3144.51
37827,26242,23986,23906,3156.89
34724,29360,24855,22576,3156.98
34844,29331,24874,22644,3156.99
35596,23303,27999,27456,3157.76
35712,23428,27971,27472,3157.77
35623,23421,28079,27417,3157.95
38434,27974,23133,25730,3165.49
36765,30410,23556,24622,3165.51
35019,25600,26478,26072,3166
35139,25715,26448,26178,3166
34051,25982,26552,27981,3169.6
30663,22404,32172,26458,3209.54
30779,22529,32144,26474,3209.55
35313,20633,28670,30862,3317.18
28867,26721,31383,22345,3326.58
28983,26846,31355,22361,3326.59
27855,29209,29401,22422,3340.91
27971,29334,29373,22438,3340.91
27929,29187,29479,22464,3343.31
27986,29100,29639,22613,3345.33
28043,29013,29799,22762,3347.06
28100,28926,29959,22911,3348.54
28157,28839,30119,23060,3349.84
28214,28752,30279,23209,3351
28271,28665,30439,23358,3352.02
33109,25010,28677,26606,3470.24
32873,25048,28707,26385,3470.26
34690,28705,26962,22178,3470.45
34586,28574,27520,22344,3470.55
34396,28605,27491,22149,3470.57
34160,28643,27521,21928,3470.59
31622,27141,27673,21887,3470.7
30681,29930,25769,21779,3470.77
30755,29908,25847,21821,3470.79
29391,24202,31686,25437,3471.64
29507,24327,31658,25453,3471.65
29418,24320,31766,25398,3471.84
29534,24445,31738,25414,3471.84
28406,26808,29784,25475,3480.97
28522,26933,29756,25491,3480.97
28814,26499,30165,24053,3496.96
28934,26614,30135,24159,3496.97
27802,28987,28183,24130,3501.84
27922,29102,28153,24236,3501.85
