obj0,obj1,obj2,obj3,cpu
17612,14111,12634,14196,0.269452
24611,13871,16326,22006,0.337369
16878,15473,12723,16446,0.349696
19121,15085,12228,13330,0.3709
16418,22362,9684,27420,0.449829
14024,20518,9790,25061,0.521439
14826,18924,10164,14825,0.555982
13317,17950,10570,15691,0.615891
13309,18988,11175,17761,0.759072
18608,22278,9724,28385,0.882889
26801,13787,16366,22971,0.893496
16214,20434,9830,26026,0.89827
21311,15001,12268,14295,0.910719
17016,18840,10204,15790,0.915438
19802,14027,12674,15161,0.949187
15507,17866,10610,16656,0.953366
15431,18654,10594,14675,0.977712
15552,18600,10680,14645,0.97837
18589,18138,11322,15400,0.979265
18710,18084,11408,15370,0.980546
14043,17626,11086,15511,0.987356
14164,17572,11172,15481,0.988015
14947,18870,10250,14795,1.00533
15068,18816,10336,14765,1.00602
16520,18168,11368,14405,1.00667
16641,18114,11454,14375,1.00734
18347,18246,11150,15460,1.00825
18468,18192,11236,15430,1.00952
13438,17896,10656,15661,1.01748
15011,17194,11774,15271,1.01813
15132,17140,11860,15241,1.01884
15991,17650,10954,16536,1.01977
16112,17596,11040,16506,1.02101
16335,20380,9916,25996,1.03262
16456,20326,10002,25966,1.03394
15189,18762,10422,14735,1.03883
16278,18276,11196,14465,1.0395
16399,18222,11282,14435,1.04016
16883,18006,11626,14315,1.04078
17004,17952,11712,14285,1.04144
17137,18786,10290,15760,1.04341
19799,17598,12182,15100,1.04623
13922,17680,11000,15541,1.05093
14527,17410,11430,15391,1.05209
14648,17356,11516,15361,1.05279
15749,17758,10782,16596,1.05489
15870,17704,10868,16566,1.05617
17564,16948,12072,16146,1.05712
17685,16894,12158,16116,1.05837
14266,20410,9962,25001,1.06734
14387,20356,10048,24971,1.06813
15310,18708,10508,14705,1.07529
15915,18438,10938,14555,1.07642
16036,18384,11024,14525,1.07709
16762,18060,11540,14345,1.07867
17246,17844,11884,14225,1.07975
17367,17790,11970,14195,1.08047
18226,18300,11064,15490,1.08177
19194,17868,11752,15250,1.08744
19315,17814,11838,15220,1.08873
13559,17842,10742,15631,1.0924
14406,17464,11344,15421,1.09306
14890,17248,11688,15301,1.09424
15616,16924,12204,15121,1.09534
15737,16870,12290,15091,1.09603
15628,17812,10696,16626,1.09699
16838,17272,11556,16326,1.1006
16959,17218,11642,16296,1.10187
14145,20464,9876,25031,1.1115
14629,20248,10220,24911,1.11259
14750,20194,10306,24881,1.11322
17039,15461,12812,16556,1.11822
17200,15449,12901,16666,1.11901
15794,18492,10852,14585,1.1234
16157,18330,11110,14495,1.1245
17125,17898,11798,14255,1.12649
19061,17034,13174,13775,1.12758
18105,18354,10978,15520,1.13102
18831,18030,11494,15340,1.13537
18952,17976,11580,15310,1.13665
19678,17652,12096,15130,1.13762
13801,17734,10914,15571,1.14258
14285,17518,11258,15451,1.14416
14769,17302,11602,15331,1.14526
15495,16978,12118,15151,1.14597
15858,16816,12376,15061,1.14707
15979,16762,12462,15031,1.14775
16596,17380,11384,16386,1.15621
16717,17326,11470,16356,1.15747
17443,17002,11986,16176,1.15848
18169,16678,12502,15996,1.16052
18290,16624,12588,15966,1.16175
16539,22308,9770,27390,1.16507
14508,20302,10134,24941,1.16958
17522,15425,13079,16886,1.17703
15673,18546,10766,14615,1.1788
17609,17682,12142,14135,1.18179
17730,17628,12228,14105,1.18251
17742,18516,10720,15610,1.18379
17863,18462,10806,15580,1.18504
19073,17922,11666,15280,1.19148
19436,17760,11924,15190,1.19246
19557,17706,12010,15160,1.19378
13680,17788,10828,15601,1.19867
15374,17032,12032,15181,1.20117
16584,16492,12892,14881,1.20315
16705,16438,12978,14851,1.20384
16233,17542,11126,16476,1.209
17080,17164,11728,16266,1.21281
17806,16840,12244,16086,1.21677
16577,20272,10088,25936,1.22859
17361,15437,12990,16776,1.22915
17488,17736,12056,14165,1.2317
17972,17520,12400,14045,1.23287
18093,17466,12486,14015,1.23354
17500,18624,10548,15670,1.2348
17621,18570,10634,15640,1.23605
17984,18408,10892,15550,1.23702
15253,17086,11946,15211,1.25677
16221,16654,12634,14971,1.25792
16342,16600,12720,14941,1.25864
16354,17488,11212,16446,1.26684
17201,17110,11814,16236,1.27369
17322,17056,11900,16206,1.27501
17927,16786,12330,16056,1.27835
18048,16732,12416,16026,1.27967
17851,17574,12314,14075,1.28992
18456,17304,12744,13925,1.2911
18577,17250,12830,13895,1.29178
17379,18678,10462,15700,1.29466
16100,16708,12548,15001,1.32031
16463,16546,12806,14911,1.32193
16475,17434,11298,16416,1.3337
18335,17358,12658,13955,1.35018
18819,17142,13002,13835,1.35138
18940,17088,13088,13805,1.35207
17258,18732,10376,15730,1.35447
17068,16276,13236,14761,1.3754
17189,16222,13322,14731,1.37609
18214,17412,12572,13985,1.41103
18698,17196,12916,13865,1.41222
16826,16384,13064,14821,1.43082
17552,16060,13580,14641,1.43157
21249,15037,12262,14302,1.46006
19678,14099,12662,15175,1.48469
16947,16330,13150,14791,1.48643
17431,16114,13494,14671,1.48717
21187,15073,12256,14309,1.50548
18465,18210,11310,15414,1.51978
19740,14063,12668,15168,1.52455
17310,16168,13408,14701,1.5266
26739,13823,16360,22978,1.55325
26677,13859,16354,22985,1.55387
16954,18876,10198,15797,1.55925
16892,18912,10192,15804,1.55985
18406,18228,11230,15437,1.56634
18344,18264,11224,15444,1.56698
18527,18174,11316,15407,1.56802
18546,22314,9718,28392,1.59542
18484,22350,9712,28399,1.59604
18102,18372,11052,15504,1.61089
15687,17794,10776,16603,1.62025
15625,17830,10770,16610,1.6209
15808,17740,10862,16573,1.62203
16211,20452,9904,26010,1.63444
18164,18336,11058,15497,1.64213
15566,17848,10690,16633,1.65096
15746,17776,10856,16580,1.65339
16152,20470,9824,26033,1.67722
16273,20416,9910,26003,1.67826
16394,20362,9996,25973,1.67895
16332,20398,9990,25980,1.67965
18285,18282,11144,15467,1.68701
18648,18120,11402,15377,1.68804
18769,18066,11488,15347,1.68868
18707,18102,11482,15354,1.68929
19011,17958,11660,15287,1.69148
19312,17832,11912,15204,1.69431
19433,17778,11998,15174,1.6955
19737,17634,12176,15107,1.69818
19675,17670,12170,15114,1.69889
15867,17722,10942,16550,1.70338
16593,17398,11458,16370,1.70988
16776,17308,11550,16333,1.71149
16835,17290,11630,16310,1.7121
17502,16984,12066,16153,1.71474
17440,17020,12060,16160,1.71538
17623,16930,12152,16123,1.71645
18228,16660,12582,15973,1.71885
16090,20506,9818,26040,1.7195
17801,18498,10800,15587,1.72887
17739,18534,10794,15594,1.72963
17922,18444,10886,15557,1.73029
17860,18480,10880,15564,1.73092
18043,18390,10972,15527,1.73158
17981,18426,10966,15534,1.73223
18223,18318,11138,15474,1.73289
18586,18156,11396,15384,1.73434
18890,18012,11574,15317,1.73675
18828,18048,11568,15324,1.73736
19132,17904,11746,15257,1.73938
19253,17850,11832,15227,1.7404
19374,17796,11918,15197,1.74101
19495,17742,12004,15167,1.74246
15445,17902,10604,16663,1.74573
15383,17938,10598,16670,1.74634
15504,17884,10684,16640,1.747
15929,17686,10948,16543,1.74921
16109,17614,11114,16490,1.7512
16655,17362,11464,16363,1.75347
16714,17344,11544,16340,1.75494
16897,17254,11636,16303,1.7556
17561,16966,12146,16130,1.75965
18166,16696,12576,15980,1.76219
16515,20308,10082,25943,1.76588
17075,18822,10284,15767,1.76804
17376,18696,10536,15684,1.76935
17559,18606,10628,15647,1.77079
19070,17940,11740,15264,1.78251
19191,17886,11826,15234,1.78355
19554,17724,12084,15144,1.78616
16171,17578,11120,16483,1.793
17319,17074,11974,16190,1.8015
17924,16804,12404,16040,1.80556
16453,20344,10076,25950,1.80957
16574,20290,10162,25920,1.81135
17013,18858,10278,15774,1.812
17317,18714,10456,15707,1.81465
17438,18660,10542,15677,1.81569
17497,18642,10622,15654,1.81675
17618,18588,10708,15624,1.81743
18949,17994,11654,15294,1.82048
19616,17688,12090,15137,1.82327
15988,17668,11028,16520,1.82432
16413,17470,11292,16423,1.82708
16351,17506,11286,16430,1.82772
16534,17416,11378,16393,1.8284
16472,17452,11372,16400,1.82916
17077,17182,11802,16250,1.83182
17198,17128,11888,16220,1.83286
17381,17038,11980,16183,1.8343
17744,16876,12238,16093,1.83535
17865,16822,12324,16063,1.83637
17986,16768,12410,16033,1.83854
17255,18750,10450,15714,1.8451
17680,18552,10714,15617,1.8475
16050,17632,11034,16513,1.85165
16956,17236,11716,16280,1.85855
17139,17146,11808,16243,1.85972
17260,17092,11894,16213,1.86129
17803,16858,12318,16070,1.86472
18045,16750,12490,16010,1.86624
17134,18804,10364,15744,1.8673
16230,17560,11200,16460,1.87136
17018,17200,11722,16273,1.87509
17682,16912,12232,16100,1.8782
18107,16714,12496,16003,1.88022
17196,18768,10370,15737,1.88099
16292,17524,11206,16453,1.88332
