obj0,obj1,obj2,obj3,cpu
21739,20838,25547,18120,0.282683
23252,21113,22811,17381,0.288182
29673,14261,29180,38560,0.333268
30996,14266,28446,38939,0.340557
31186,14536,26444,37821,0.346097
32509,14541,25710,38200,0.353205
22236,16148,24791,27656,0.359389
23559,16153,24057,28035,0.366887
23749,16423,22055,26917,0.372846
25072,16428,21321,27296,0.379946
21830,22224,24927,19640,0.42194
23343,22499,22191,18901,0.42539
28096,18206,25329,21888,0.450685
29609,18481,22593,21149,0.460379
25876,21758,23293,17319,0.467754
23403,19603,22116,18530,0.485219
24916,19878,19380,17791,0.49459
26373,17068,22537,26855,0.51732
27696,17073,21803,27234,0.526498
25239,17654,26805,23361,0.571346
26562,17659,26071,23740,0.584078
26752,17929,24069,22622,0.592828
28075,17934,23335,23001,0.605026
20546,19051,23592,20003,0.614116
21869,19056,22858,20382,0.626179
22059,19326,20856,19264,0.635066
23382,19331,20122,19643,0.646649
25117,20864,17890,19321,0.701578
27540,20523,19862,17729,0.761903
21870,23367,23868,19577,0.778964
23383,23642,21132,18838,0.792073
25047,22407,17701,19248,0.800423
24683,19971,21338,19202,0.820379
25625,18017,26065,25201,0.894539
19567,19177,21912,21413,0.950235
20890,19182,21178,21792,0.964093
21080,19452,19176,20674,0.980579
22403,19457,18442,21053,0.995227
27741,21509,18372,19259,1.01355
27671,23052,18183,19186,1.06614
23704,20097,19658,20612,1.12259
25027,20102,18924,20991,1.13085
30059,14624,28440,40400,1.17965
22622,16511,24051,29496,1.27014
19953,19540,21172,23253,1.27512
27660,23092,18270,19185,1.37431
25036,22447,17788,19247,1.3904
25016,20142,19011,20990,1.40443
26551,17699,26158,23739,1.45771
28064,17974,23422,23000,1.48402
20879,19222,21265,21791,1.51358
21858,19096,22945,20381,1.52541
22392,19497,18529,21052,1.55525
23371,19371,20209,19642,1.56842
27649,23132,18357,19184,1.58892
25025,22487,17875,19246,1.60842
25005,20182,19098,20989,1.62588
26540,17739,26245,23738,1.70431
28053,18014,23509,22999,1.73626
20868,19262,21352,21790,1.7792
21847,19136,23032,20380,1.79667
22381,19537,18616,21051,1.84244
23360,19411,20296,19641,1.8619
27638,23172,18444,19183,1.88781
25014,22527,17962,19245,1.91447
26529,17779,26332,23737,2.03434
28042,18054,23596,22998,2.08567
20857,19302,21439,21789,2.14008
21836,19176,23119,20379,2.17322
22370,19577,18703,21050,2.24176
23349,19451,20383,19640,2.27867
27627,23212,18531,19182,2.30351
25003,22567,18049,19244,2.33025
26518,17819,26419,23736,2.50121
28031,18094,23683,22997,2.56506
20846,19342,21526,21788,2.63948
21825,19216,23206,20378,2.69084
22359,19617,18790,21049,2.77275
23338,19491,20470,19639,2.82882
27616,23252,18618,19181,2.85528
24992,22607,18136,19243,2.88473
26507,17859,26506,23735,3.11123
28020,18134,23770,22996,3.20653
20835,19382,21613,21787,3.30168
21814,19256,23293,20377,3.386
22348,19657,18877,21048,3.4876
23327,19531,20557,19638,3.58362
27605,23292,18705,19180,3.61322
24981,22647,18223,19242,3.64694
26496,17899,26593,23734,3.92315
28009,18174,23857,22995,4.03344
20824,19422,21700,21786,4.15339
21803,19296,23380,20376,4.28023
22337,19697,18964,21047,4.40833
23316,19571,20644,19637,4.54938
27594,23332,18792,19179,4.5812
22974,21163,25509,18491,4.58572
24487,21438,22773,17752,4.59586
24970,22687,18310,19241,4.61833
30908,14586,29142,38931,4.86067
26485,17939,26680,23733,4.96159
32421,14861,26406,38192,4.99108
27998,18214,23944,22994,5.09509
23471,16473,24753,28027,5.17458
20813,19462,21787,21785,5.24092
21792,19336,23467,20375,5.41284
24984,16748,22017,27288,5.50209
22326,19737,19051,21046,5.56527
23305,19611,20731,19636,5.75907
27583,23372,18879,19178,5.79334
22985,21123,25422,18492,5.7976
24498,21398,22686,17753,5.80843
24959,22727,18397,19240,5.83268
30919,14546,29055,38932,6.12766
26474,17979,26767,23732,6.23879
32432,14821,26319,38193,6.26682
34587,15314,25651,39383,6.2703
27987,18254,24031,22993,6.39293
23482,16433,24666,28028,6.48236
20802,19502,21874,21784,6.56911
21781,19376,23554,20374,6.7847
24995,16708,21930,27289,6.87659
27150,17201,21262,28479,6.87947
22315,19777,19138,21045,6.96217
23294,19651,20818,19635,7.20992
27572,23412,18966,19177,7.24726
22996,21083,25335,18493,7.25189
24509,21358,22599,17754,7.26217
24948,22767,18484,19239,7.28997
30930,14506,28968,38933,7.63686
32443,14781,26232,38194,7.78657
34486,15362,25591,39225,7.78946
34475,15402,25678,39224,7.80985
23493,16393,24579,28029,8.02622
25006,16668,21843,27290,8.49073
27049,17249,21202,28321,8.49349
27038,17289,21289,28320,8.51364
27561,23452,19053,19176,8.93916
23007,21043,25248,18494,8.94352
24520,21318,22512,17755,8.95387
27117,20659,19357,19432,8.95661
24937,22807,18571,19238,8.98429
30941,14466,28881,38934,9.36565
32454,14741,26145,38195,9.51512
34385,15410,25531,39067,9.51796
34374,15450,25618,39066,9.54256
23504,16353,24492,28030,9.7848
25017,16628,21756,27291,10.3243
26948,17297,21142,28163,10.327
26937,17337,21229,28162,10.3498
27550,23492,19140,19175,10.8533
23018,21003,25161,18495,10.8576
24531,21278,22425,17756,10.8679
27072,20697,19321,19428,10.8705
24926,22847,18658,19237,10.9002
30952,14426,28794,38935,11.3226
32465,14701,26058,38196,11.4776
34284,15458,25471,38909,11.4808
34273,15498,25558,38908,11.5068
23515,16313,24405,28031,11.776
25028,16588,21669,27292,12.398
26847,17345,21082,28005,12.4008
26836,17385,21169,28004,12.4257
27539,23532,19227,19174,13.0239
23029,20963,25074,18496,13.0284
24542,21238,22338,17757,13.0384
27027,20735,19285,19424,13.0413
24915,22887,18745,19236,13.0731
30963,14386,28707,38936,13.5458
32476,14661,25971,38197,13.7007
34183,15506,25411,38751,13.7036
34172,15546,25498,38750,13.7259
23526,16273,24318,28032,13.9831
25039,16548,21582,27293,14.6727
26746,17393,21022,27847,14.6754
26735,17433,21109,27846,14.7033
27177,21843,22733,17696,15.3736
27528,23572,19314,19173,15.4079
23040,20923,24987,18497,15.4128
24553,21198,22251,17758,15.4228
26982,20773,19249,19420,15.4256
24904,22927,18832,19235,15.4603
27674,17153,21977,27232,15.4857
31145,15322,28761,38795,15.9397
30974,14346,28620,38937,15.9789
32658,15597,26025,38056,16.1083
32487,14621,25884,38198,16.1301
34082,15554,25351,38593,16.133
34071,15594,25438,38592,16.1553
23708,17209,24372,27891,16.3183
23537,16233,24231,28033,16.406
25221,17484,21636,27152,17.0475
25050,16508,21495,27294,17.1466
26645,17441,20962,27689,17.1495
26634,17481,21049,27688,17.18
27188,21803,22646,17697,17.9437
23051,20883,24900,18498,17.9851
24564,21158,22164,17759,17.9964
26937,20811,19213,19416,17.9991
24893,22967,18919,19234,18.0365
27685,17113,21890,27233,18.0627
31044,15370,28701,38637,18.5737
30985,14306,28533,38938,18.6124
32557,15645,25965,37898,18.7437
32498,14581,25797,38199,18.7652
33981,15602,25291,38435,18.768
33970,15642,25378,38434,18.7873
23607,17257,24312,27733,18.9422
23548,16193,24144,28034,19.0305
25120,17532,21576,26994,19.7263
25061,16468,21408,27295,19.8274
26544,17489,20902,27531,19.8302
26533,17529,20989,27530,19.8634
27199,21763,22559,17698,20.6934
23062,20843,24813,18499,20.7331
24575,21118,22077,17760,20.7435
26892,20849,19177,19412,20.7464
24882,23007,19006,19233,20.7865
30943,15418,28641,38479,21.3657
32456,15693,25905,37740,21.5379
33880,15650,25231,38277,21.5598
33869,15690,25318,38276,21.579
23506,17305,24252,27575,21.7266
25019,17580,21516,26836,22.5776
26443,17537,20842,27373,22.6892
26432,17577,20929,27372,22.7253
27210,21723,22472,17699,23.6016
23073,20803,24726,18500,23.6405
24586,21078,21990,17761,23.6511
24871,23047,19093,19232,23.6963
30842,15466,28581,38321,24.2404
32355,15741,25845,37582,24.4125
33779,15698,25171,38119,24.4326
33768,15738,25258,38118,24.4492
23405,17353,24192,27417,24.5933
24918,17628,21456,26678,25.5124
26342,17585,20782,27215,25.612
26331,17625,20869,27214,25.6515
27221,21683,22385,17700,26.4825
23084,20763,24639,18501,26.5223
24597,21038,21903,17762,26.5331
24860,23087,19180,19231,26.5842
30741,15514,28521,38163,27.0466
31127,15877,27781,40003,27.0625
32254,15789,25785,37424,27.2204
33678,15746,25111,37961,27.2407
33667,15786,25198,37960,27.258
23304,17401,24132,27259,27.3895
23690,17764,23392,29099,27.4237
24817,17676,21396,26520,28.3501
26241,17633,20722,27057,28.448
26230,17673,20809,27056,28.49
27232,21643,22298,17701,29.2794
23095,20723,24552,18502,29.3194
24608,20998,21816,17763,29.3306
24849,23127,19267,19230,29.3804
30640,15562,28461,38005,29.7693
31026,15925,27721,39845,29.7851
32153,15837,25725,37266,29.9412
33577,15794,25051,37803,29.9592
33566,15834,25138,37802,29.9738
23203,17449,24072,27101,30.0948
23589,17812,23332,28941,30.1291
24716,17724,21336,26362,31.0396
26140,17681,20662,26899,31.1398
26129,17721,20749,26898,31.1854
27243,21603,22211,17702,31.9643
23106,20683,24465,18503,32.0049
24619,20958,21729,17764,32.0161
24838,23167,19354,19229,32.0699
30539,15610,28401,37847,32.3881
30925,15973,27661,39687,32.4044
32052,15885,25665,37108,32.5614
33476,15842,24991,37645,32.5751
33465,15882,25078,37644,32.5865
23102,17497,24012,26943,32.6953
23488,17860,23272,28783,32.7304
24615,17772,21276,26204,33.6183
26039,17729,20602,26741,33.703
26028,17769,20689,26740,33.7482
27254,21563,22124,17703,34.4909
23117,20643,24378,18504,34.5323
24630,20918,21642,17765,34.5431
24827,23207,19441,19228,34.6001
30438,15658,28341,37689,34.8409
30824,16021,27601,39529,34.8571
31951,15933,25605,36950,35.0195
33375,15890,24931,37487,35.0348
33364,15930,25018,37486,35.0464
23001,17545,23952,26785,35.1397
23387,17908,23212,28625,35.1744
24514,17820,21216,26046,36.012
25938,17777,20542,26583,36.0917
25927,17817,20629,26582,36.1336
27265,21523,22037,17704,36.8214
23128,20603,24291,18505,36.8622
24641,20878,21555,17766,36.8732
24816,23247,19528,19227,36.9315
30337,15706,28281,37531,37.1089
30723,16069,27541,39371,37.1216
31850,15981,25545,36792,37.2761
33274,15938,24871,37329,37.2873
33263,15978,24958,37328,37.2958
22900,17593,23892,26627,37.3743
23286,17956,23152,28467,37.4062
24413,17868,21156,25888,38.2112
25837,17825,20482,26425,38.2963
25826,17865,20569,26424,38.3357
27276,21483,21950,17705,38.9598
23139,20563,24204,18506,39.0007
24652,20838,21468,17767,39.0114
24805,23287,19615,19226,39.0729
30236,15754,28221,37373,39.2036
30622,16117,27481,39213,39.2167
31749,16029,25485,36634,39.3655
33173,15986,24811,37171,39.3777
33162,16026,24898,37170,39.3862
22799,17641,23832,26469,39.4513
23185,18004,23092,28309,39.4804
24312,17916,21096,25730,40.1917
25736,17873,20422,26267,40.2706
25725,17913,20509,26266,40.3065
27287,21443,21863,17706,40.8623
23150,20523,24117,18507,40.9042
24663,20798,21381,17768,40.9145
24794,23327,19702,19225,40.9794
30135,15802,28161,37215,41.0659
31559,15759,27487,37752,41.1054
31548,15799,27574,37751,41.1169
31648,16077,25425,36476,41.2212
33072,16034,24751,37013,41.2296
33061,16074,24838,37012,41.236
22698,17689,23772,26311,41.3025
23084,18052,23032,28151,41.3321
24122,17646,23098,26848,41.3936
24111,17686,23185,26847,41.4222
24211,17964,21036,25572,42.0078
25635,17921,20362,26109,42.086
25624,17961,20449,26108,42.1192
27298,21403,21776,17707,42.6014
23161,20483,24030,18508,42.6425
24674,20758,21294,17769,42.6532
24783,23367,19789,19224,42.7204
30034,15850,28101,37057,42.7778
31458,15807,27427,37594,42.8186
31447,15847,27514,37593,42.831
31547,16125,25365,36318,42.9366
32971,16082,24691,36855,42.9454
32960,16122,24778,36854,42.9513
22597,17737,23712,26153,43.004
22983,18100,22972,27993,43.0325
24021,17694,23038,26690,43.0951
24010,17734,23125,26689,43.1199
24110,18012,20976,25414,43.658
25534,17969,20302,25951,43.727
25523,18009,20389,25950,43.7603
27309,21363,21689,17708,44.2061
23172,20443,23943,18509,44.2468
24685,20718,21207,17770,44.258
24772,23407,19876,19223,44.3286
29933,15898,28041,36899,44.3841
31357,15855,27367,37436,44.422
31346,15895,27454,37435,44.4343
32870,16130,24631,36697,44.5358
22496,17785,23652,25995,44.5867
22882,18148,22912,27835,44.6165
23920,17742,22978,26532,44.6815
23909,17782,23065,26531,44.7071
24009,18060,20916,25256,45.2314
25433,18017,20242,25793,45.2988
25422,18057,20329,25792,45.3316
27320,21323,21602,17709,45.7616
23183,20403,23856,18510,45.8026
24696,20678,21120,17771,45.8135
24761,23447,19963,19222,45.8865
29832,15946,27981,36741,45.9436
31256,15903,27307,37278,45.9769
31245,15943,27394,37277,45.9858
22395,17833,23592,25837,46.1182
22781,18196,22852,27677,46.1476
23819,17790,22918,26374,46.2154
23808,17830,23005,26373,46.2403
23908,18108,20856,25098,46.7516
25332,18065,20182,25635,46.8183
25321,18105,20269,25634,46.8517
27331,21283,21515,17710,47.2773
23194,20363,23769,18511,47.3191
24707,20638,21033,17772,47.3299
24750,23487,20050,19221,47.4052
29731,15994,27921,36583,47.4615
31155,15951,27247,37120,47.4957
31144,15991,27334,37119,47.5056
22294,17881,23532,25679,47.6237
22680,18244,22792,27519,47.6541
23718,17838,22858,26216,47.7228
23707,17878,22945,26215,47.7478
23807,18156,20796,24940,48.2629
25231,18113,20122,25477,48.3237
25220,18153,20209,25476,48.3566
27898,18926,26895,21870,48.75
27342,21243,21428,17711,48.7565
23205,20323,23682,18512,48.7982
24718,20598,20946,17773,48.8092
24739,23527,20137,19220,48.8867
29630,16042,27861,36425,48.9394
31054,15999,27187,36962,48.98
31043,16039,27274,36961,48.9901
22193,17929,23472,25521,49.1029
22579,18292,22732,27361,49.1331
23617,17886,22798,26058,49.2037
23606,17926,22885,26057,49.2288
23706,18204,20736,24782,49.7419
25130,18161,20062,25319,49.7982
25119,18201,20149,25318,49.8317
27909,18886,26808,21871,50.2168
27353,21203,21341,17712,50.2223
23216,20283,23595,18513,50.2629
24553,22654,22068,18942,50.2658
24729,20558,20859,17774,50.2735
24728,23567,20224,19219,50.358
30262,14582,29105,40400,50.4018
29529,16090,27801,36267,50.4049
30953,16047,27127,36804,50.4383
30942,16087,27214,36803,50.4451
22092,17977,23412,25363,50.556
22478,18340,22672,27203,50.5846
23516,17934,22738,25900,50.6545
23505,17974,22825,25899,50.6804
23605,18252,20676,24624,51.1916
25029,18209,20002,25161,51.2342
25018,18249,20089,25160,51.2681
27920,18846,26721,21872,51.6022
27364,21163,21254,17713,51.6077
23227,20243,23508,18514,51.6487
24508,22692,22032,18938,51.6516
24740,20518,20772,17775,51.6594
24717,23607,20311,19218,51.7428
30233,14588,29010,40400,51.7853
29428,16138,27741,36109,51.7883
30852,16095,27067,36646,51.8196
30841,16135,27154,36645,51.8256
22825,16469,24716,29496,51.9103
21991,18025,23352,25205,51.9184
22377,18388,22612,27045,51.9459
23415,17982,22678,25742,52.0175
23404,18022,22765,25741,52.0494
23504,18300,20616,24466,52.5679
24928,18257,19942,25003,52.5977
24917,18297,20029,25002,52.6315
27931,18806,26634,21873,52.9445
27375,21123,21167,17714,52.9507
23238,20203,23421,18515,52.9911
24463,22730,21996,18934,52.9947
24751,20478,20685,17776,53.0028
24706,23647,20398,19217,53.0893
30204,14594,28915,40400,53.1317
30751,16143,27007,36488,53.166
22796,16475,24621,29496,53.2508
21890,18073,23292,25047,53.2585
22276,18436,22552,26887,53.2832
23314,18030,22618,25584,53.3577
23303,18070,22705,25583,53.3849
23403,18348,20556,24308,53.903
24827,18305,19882,24845,53.9287
24816,18345,19969,24844,53.9619
27942,18766,26547,21874,54.275
27386,21083,21080,17715,54.2813
23249,20163,23334,18516,54.3218
24418,22768,21960,18930,54.325
24762,20438,20598,17777,54.3331
24695,23687,20485,19216,54.4218
30175,14600,28820,40400,54.4631
22767,16481,24526,29496,54.5747
21789,18121,23232,24889,54.5833
22175,18484,22492,26729,54.6069
23213,18078,22558,25426,54.6783
23202,18118,22645,25425,54.7039
23302,18396,20496,24150,55.2175
24726,18353,19822,24687,55.2425
24715,18393,19909,24686,55.2762
27953,18726,26460,21875,55.5928
27397,21043,20993,17716,55.5981
23260,20123,23247,18517,55.6351
24373,22806,21924,18926,55.638
24773,20398,20511,17778,55.6456
24684,23727,20572,19215,55.7289
30146,14606,28725,40400,55.767
22738,16487,24431,29496,55.8664
21688,18169,23172,24731,55.8712
22074,18532,22432,26571,55.8942
23112,18126,22498,25268,55.9589
23101,18166,22585,25267,55.9824
23201,18444,20436,23992,56.4281
24625,18401,19762,24529,56.4512
24614,18441,19849,24528,56.4811
27964,18686,26373,21876,56.7722
29477,18961,23637,21137,56.7751
27408,21003,20906,17717,56.7777
23271,20083,23160,18518,56.8139
24328,22844,21888,18922,56.8173
24784,20358,20424,17779,56.8252
24673,23767,20659,19214,56.9107
30117,14612,28630,40400,56.9497
22709,16493,24336,29496,57.0476
21587,18217,23112,24573,57.0533
21973,18580,22372,26413,57.0729
23011,18174,22438,25110,57.1384
23000,18214,22525,25109,57.1598
23100,18492,20376,23834,57.5889
24524,18449,19702,24371,57.6118
24513,18489,19789,24370,57.6436
27975,18646,26286,21877,57.9284
29488,18921,23550,21138,57.9334
27419,20963,20819,17718,57.9365
23282,20043,23073,18519,57.9754
24283,22882,21852,18918,57.9782
24795,20318,20337,17780,57.9856
24662,23807,20746,19213,58.0729
30088,14618,28535,40400,58.1087
22680,16499,24241,29496,58.2071
21486,18265,23052,24415,58.2121
21872,18628,22312,26255,58.2316
22910,18222,22378,24952,58.301
22899,18262,22465,24951,58.3228
22999,18540,20316,23676,58.727
24423,18497,19642,24213,58.75
24412,18537,19729,24212,58.7812
27986,18606,26199,21878,59.0625
29499,18881,23463,21139,59.0652
27430,20923,20732,17719,59.0678
23293,20003,22986,18520,59.1048
24238,22920,21816,18914,59.1079
24806,20278,20250,17781,59.115
24651,23847,20833,19212,59.2058
22651,16505,24146,29496,59.3432
21385,18313,22992,24257,59.3458
21771,18676,22252,26097,59.3658
22809,18270,22318,24794,59.4385
22798,18310,22405,24793,59.4607
22898,18588,20256,23518,59.8426
24322,18545,19582,24055,59.8661
24311,18585,19669,24054,59.895
27997,18566,26112,21879,60.1643
29510,18841,23376,21140,60.1669
27441,20883,20645,17720,60.17
23304,19963,22899,18521,60.2072
24193,22958,21780,18910,60.2103
24817,20238,20163,17782,60.2174
24640,23887,20920,19211,60.3101
21284,18361,22932,24099,60.4373
21670,18724,22192,25939,60.4581
22708,18318,22258,24636,60.5266
22697,18358,22345,24635,60.5476
22797,18636,20196,23360,60.8872
24221,18593,19522,23897,60.9101
24210,18633,19609,23896,60.9386
28008,18526,26025,21880,61.1814
29521,18801,23289,21141,61.1843
27452,20843,20558,17721,61.188
23315,19923,22812,18522,61.225
24148,22996,21744,18906,61.2278
24828,20198,20076,17783,61.2353
24629,23927,21007,19210,61.3312
21183,18409,22872,23941,61.4541
21569,18772,22132,25781,61.4745
22607,18366,22198,24478,61.5477
22596,18406,22285,24477,61.5672
22696,18684,20136,23202,61.8813
24120,18641,19462,23739,61.9052
24109,18681,19549,23738,61.9315
24930,21544,19369,19304,62.1794
28019,18486,25938,21881,62.1822
29532,18761,23202,21142,62.1857
27463,20803,20471,17722,62.1887
23326,19883,22725,18523,62.2262
24103,23034,21708,18902,62.229
24839,20158,19989,17784,62.2369
25812,21761,18313,19316,62.2399
24618,23967,21094,19209,62.3337
21082,18457,22812,23783,62.4533
21468,18820,22072,25623,62.4715
22506,18414,22138,24320,62.5456
22495,18454,22225,24319,62.5651
22595,18732,20076,23044,62.854
24019,18689,19402,23581,62.8755
24008,18729,19489,23580,62.9018
24941,21504,19282,19305,63.1331
28030,18446,25851,21882,63.1362
29543,18721,23115,21143,63.1392
27474,20763,20384,17723,63.1419
23337,19843,22638,18524,63.1786
24058,23072,21672,18898,63.1815
24850,20118,19902,17785,63.1895
25767,21799,18277,19312,63.1925
20981,18505,22752,23625,63.4025
21367,18868,22012,25465,63.4199
22405,18462,22078,24162,63.4939
22394,18502,22165,24161,63.511
22494,18780,20016,22886,63.7765
23918,18737,19342,23423,63.7982
23907,18777,19429,23422,63.8224
24952,21464,19195,19306,64.0489
28041,18406,25764,21883,64.0519
29554,18681,23028,21144,64.0547
27485,20723,20297,17724,64.0579
28346,22482,18723,19246,64.0606
23348,19803,22551,18525,64.0953
24013,23110,21636,18894,64.0983
24861,20078,19815,17786,64.1062
25722,21837,18241,19308,64.109
20880,18553,22692,23467,64.3141
21266,18916,21952,25307,64.3322
22304,18510,22018,24004,64.4028
22293,18550,22105,24003,64.4196
22393,18828,19956,22728,64.6513
23817,18785,19282,23265,64.6736
23806,18825,19369,23264,64.6942
24963,21424,19108,19307,64.8992
28052,18366,25677,21884,64.9021
29565,18641,22941,21145,64.9049
27496,20683,20210,17725,64.9076
28301,22520,18687,19242,64.9104
23359,19763,22464,18526,64.945
23968,23148,21600,18890,64.9486
24872,20038,19728,17787,64.957
25677,21875,18205,19304,64.96
20779,18601,22632,23309,65.1663
21165,18964,21892,25149,65.1809
22203,18558,21958,23846,65.2552
22192,18598,22045,23845,65.2725
22292,18876,19896,22570,65.4888
23716,18833,19222,23107,65.5079
23705,18873,19309,23106,65.5295
24974,21384,19021,19308,65.7144
28063,18326,25590,21885,65.7174
29576,18601,22854,21146,65.7204
27507,20643,20123,17726,65.7232
28256,22558,18651,19238,65.7264
23370,19723,22377,18527,65.7613
23923,23186,21564,18886,65.7644
24883,19998,19641,17788,65.7696
25632,21913,18169,19300,65.7724
20678,18649,22572,23151,65.9787
21064,19012,21832,24991,65.9943
22102,18606,21898,23688,66.071
22091,18646,21985,23687,66.0881
22191,18924,19836,22412,66.28
23615,18881,19162,22949,66.299
23604,18921,19249,22948,66.3186
24985,21344,18934,19309,66.485
28074,18286,25503,21886,66.488
29587,18561,22767,21147,66.4908
27518,20603,20036,17727,66.4942
28211,22596,18615,19234,66.4975
23381,19683,22290,18528,66.5317
23878,23224,21528,18882,66.5348
24894,19958,19554,17789,66.5398
25587,21951,18133,19296,66.5426
20577,18697,22512,22993,66.7477
20963,19060,21772,24833,66.7628
22001,18654,21838,23530,66.8417
21990,18694,21925,23529,66.8559
22090,18972,19776,22254,67.0321
23514,18929,19102,22791,67.0508
23503,18969,19189,22790,67.0708
27620,21949,19329,19248,67.2204
24996,21304,18847,19310,67.2234
28085,18246,25416,21887,67.2265
29598,18521,22680,21148,67.2301
27529,20563,19949,17728,67.2332
28166,22634,18579,19230,67.2359
23392,19643,22203,18529,67.2702
23833,23262,21492,18878,67.2734
24905,19918,19467,17790,67.2792
25542,21989,18097,19292,67.2822
20476,18745,22452,22835,67.486
20862,19108,21712,24675,67.4995
21900,18702,21778,23372,67.5862
21889,18742,21865,23371,67.6025
21989,19020,19716,22096,67.7639
23413,18977,19042,22633,67.7796
23402,19017,19129,22632,67.7976
27631,21909,19242,19249,67.9268
25007,21264,18760,19311,67.9303
28121,22672,18543,19226,67.9383
23788,23300,21456,18874,67.9748
25497,22027,18061,19288,67.9823
20375,18793,22392,22677,68.1883
20761,19156,21652,24517,68.2028
21799,18750,21718,23214,68.2872
21788,18790,21805,23213,68.3031
21888,19068,19656,21938,68.4576
23312,19025,18982,22475,68.4736
23301,19065,19069,22474,68.4903
27642,21869,19155,19250,68.6064
25018,21224,18673,19312,68.6094
28076,22710,18507,19222,68.6124
23743,23338,21420,18870,68.6478
25452,22065,18025,19284,68.6529
20274,18841,22332,22519,68.8634
20660,19204,21592,24359,68.8733
21698,18798,21658,23056,68.9725
21687,18838,21745,23055,68.9851
21787,19116,19596,21780,69.1206
23211,19073,18922,22317,69.135
23200,19113,19009,22316,69.1492
27653,21829,19068,19251,69.2477
25029,21184,18586,19313,69.2507
28031,22748,18471,19218,69.2533
23698,23376,21384,18866,69.2909
25407,22103,17989,19280,69.2974
31113,15907,28006,39845,69.4213
31185,15865,27971,40003,69.4238
20173,18889,22272,22361,69.507
20559,19252,21532,24201,69.5175
21597,18846,21598,22898,69.6093
21586,18886,21685,22897,69.6225
21686,19164,19536,21622,69.7513
23110,19121,18862,22159,69.7653
23099,19161,18949,22158,69.7802
27664,21789,18981,19252,69.8679
25040,21144,18499,19314,69.8708
27986,22786,18435,19214,69.8734
23653,23414,21348,18862,69.9085
25362,22141,17953,19276,69.9148
31012,15955,27946,39687,70.0383
31084,15913,27911,39845,70.0408
31156,15871,27876,40003,70.0432
20072,18937,22212,22203,70.1272
20458,19300,21472,24043,70.1378
23676,17794,23617,28941,70.2098
23748,17752,23582,29099,70.2127
21386,18901,23952,22313,70.2248
21496,18894,21538,22740,70.2319
21485,18934,21625,22739,70.2406
21585,19212,19476,21464,70.3517
22899,19176,21216,21574,70.3602
23009,19169,18802,22001,70.3674
22998,19209,18889,22000,70.3813
27675,21749,18894,19253,70.4603
25051,21104,18412,19315,70.4645
27941,22824,18399,19210,70.4673
23608,23452,21312,18858,70.5022
25317,22179,17917,19272,70.5049
30911,16003,27886,39529,70.6217
30983,15961,27851,39687,70.6242
31055,15919,27816,39845,70.6268
19971,18985,22152,22045,70.7128
20357,19348,21412,23885,70.72
23575,17842,23557,28783,70.7921
23647,17800,23522,28941,70.7949
23719,17758,23487,29099,70.7979
21330,18911,23928,22159,70.8055
21395,18942,21478,22582,70.8115
21384,18982,21565,22581,70.8204
21484,19260,19416,21306,70.903
22843,19186,21192,21420,70.9091
22908,19217,18742,21843,70.9153
22897,19257,18829,21842,70.9269
27686,21709,18807,19254,70.9917
25062,21064,18325,19316,70.9955
27896,22862,18363,19206,70.9994
22050,23215,24012,19593,71.0318
23563,23490,21276,18854,71.035
25272,22217,17881,19268,71.0376
30810,16051,27826,39371,71.1529
30882,16009,27791,39529,71.1554
30954,15967,27756,39687,71.1579
19870,19033,22092,21887,71.2431
20256,19396,21352,23727,71.2504
23474,17890,23497,28625,71.3235
23546,17848,23462,28783,71.3263
23618,17806,23427,28941,71.3293
21274,18921,23904,22005,71.3385
21294,18990,21418,22424,71.3448
21283,19030,21505,22423,71.3538
21383,19308,19356,21148,71.4276
22787,19196,21168,21266,71.4339
22807,19265,18682,21685,71.4394
22796,19305,18769,21684,71.4484
27697,21669,18720,19255,71.5079
25073,21024,18238,19317,71.512
27851,22900,18327,19202,71.5152
22005,23253,23976,19589,71.5519
23518,23528,21240,18850,71.5553
25227,22255,17845,19264,71.5584
30709,16099,27766,39213,71.687
30781,16057,27731,39371,71.6898
30853,16015,27696,39529,71.6932
19769,19081,22032,21729,71.7885
20155,19444,21292,23569,71.7976
23373,17938,23437,28467,71.8772
23445,17896,23402,28625,71.88
23517,17854,23367,28783,71.8824
21218,18931,23880,21851,71.8914
21193,19038,21358,22266,71.8954
21182,19078,21445,22265,71.9046
21282,19356,19296,20990,71.9684
22731,19206,21144,21112,71.9742
22706,19313,18622,21527,71.978
22695,19353,18709,21526,71.9869
27708,21629,18633,19256,72.0403
25084,20984,18151,19318,72.0443
27806,22938,18291,19198,72.0475
21960,23291,23940,19585,72.0803
23473,23566,21204,18846,72.0834
25182,22293,17809,19260,72.086
30608,16147,27706,39055,72.1975
30680,16105,27671,39213,72.2004
30752,16063,27636,39371,72.2027
19668,19129,21972,21571,72.2889
20054,19492,21232,23411,72.2933
23272,17986,23377,28309,72.3661
23344,17944,23342,28467,72.3688
23416,17902,23307,28625,72.3712
21162,18941,23856,21697,72.3757
21092,19086,21298,22108,72.379
21081,19126,21385,22107,72.3848
22541,18936,23146,22230,72.4108
21181,19404,19236,20832,72.4386
22675,19216,21120,20958,72.4417
22605,19361,18562,21369,72.4448
22594,19401,18649,21368,72.4504
24054,19211,20410,21491,72.4734
27719,21589,18546,19257,72.501
25095,20944,18064,19319,72.5042
27761,22976,18255,19194,72.507
21915,23329,23904,19581,72.5409
23428,23604,21168,18842,72.5447
25137,22331,17773,19256,72.5474
30651,16111,27576,39213,72.6562
23171,18034,23317,28151,72.8254
23243,17992,23282,28309,72.8284
23315,17950,23247,28467,72.831
21106,18951,23832,21543,72.8361
20991,19134,21238,21950,72.8394
20980,19174,21325,21949,72.8462
22485,18946,23122,22076,72.8721
22619,19226,21096,20804,72.9052
22504,19409,18502,21211,72.9085
22493,19449,18589,21210,72.9151
23998,19221,20386,21337,72.9369
27730,21549,18459,19258,72.966
25106,20904,17977,19320,72.9695
27716,23014,18219,19190,72.9726
25092,22369,17737,19252,73.0119
23070,18082,23257,27993,73.306
23142,18040,23222,28151,73.3091
23214,17998,23187,28309,73.312
21050,18961,23808,21389,73.3167
22429,18956,23098,21922,73.3476
22563,19236,21072,20650,73.3797
23942,19231,20362,21183,73.4058
22969,18130,23197,27835,73.7487
23041,18088,23162,27993,73.7517
23113,18046,23127,28151,73.7544
20994,18971,23784,21235,73.7597
22373,18966,23074,21768,73.7838
22507,19246,21048,20496,73.8156
23886,19241,20338,21029,73.8367
22868,18178,23137,27677,74.1617
22940,18136,23102,27835,74.1647
23012,18094,23067,27993,74.168
20938,18981,23760,21081,74.1728
22317,18976,23050,21614,74.1937
22451,19256,21024,20342,74.2256
23830,19251,20314,20875,74.2439
22767,18226,23077,27519,74.5664
22839,18184,23042,27677,74.5701
22911,18142,23007,27835,74.5733
20882,18991,23736,20927,74.5785
22261,18986,23026,21460,74.5959
22395,19266,21000,20188,74.6244
23774,19261,20290,20721,74.6403
22666,18274,23017,27361,74.9479
22738,18232,22982,27519,74.9508
22810,18190,22947,27677,74.9534
20826,19001,23712,20773,74.9588
22205,18996,23002,21306,74.9741
22339,19276,20976,20034,75.0018
23718,19271,20266,20567,75.0157
22565,18322,22957,27203,75.3182
22637,18280,22922,27361,75.3212
22709,18238,22887,27519,75.3246
20770,19011,23688,20619,75.3294
22149,19006,22978,21152,75.3412
22283,19286,20952,19880,75.3693
23662,19281,20242,20413,75.3802
22464,18370,22897,27045,75.6731
22536,18328,22862,27203,75.6764
22608,18286,22827,27361,75.6792
20714,19021,23664,20465,75.6838
22093,19016,22954,20998,75.6923
22227,19296,20928,19726,75.7203
23606,19291,20218,20259,75.7284
22363,18418,22837,26887,76.0201
22435,18376,22802,27045,76.0237
22507,18334,22767,27203,76.0272
20658,19031,23640,20311,76.0318
22037,19026,22930,20844,76.0371
22171,19306,20904,19572,76.0646
23550,19301,20194,20105,76.0703
22262,18466,22777,26729,76.3482
22334,18424,22742,26887,76.3512
22406,18382,22707,27045,76.3541
20602,19041,23616,20157,76.3602
21981,19036,22906,20690,76.3634
22115,19316,20880,19418,76.3922
23494,19311,20170,19951,76.3956
22161,18514,22717,26571,76.6632
22233,18472,22682,26729,76.6662
22305,18430,22647,26887,76.6698
21925,19046,22882,20536,76.6773
23438,19321,20146,19797,76.7071
22060,18562,22657,26413,76.9638
22132,18520,22622,26571,76.9668
22204,18478,22587,26729,76.9706
21959,18610,22597,26255,77.2542
22031,18568,22562,26413,77.2594
22103,18526,22527,26571,77.2623
21858,18658,22537,26097,77.5233
21930,18616,22502,26255,77.5262
22002,18574,22467,26413,77.5291
21757,18706,22477,25939,77.7793
21829,18664,22442,26097,77.7822
21901,18622,22407,26255,77.7852
21656,18754,22417,25781,78.0262
21728,18712,22382,25939,78.0292
21800,18670,22347,26097,78.032
21555,18802,22357,25623,78.257
21627,18760,22322,25781,78.2601
21699,18718,22287,25939,78.2629
21454,18850,22297,25465,78.4783
21526,18808,22262,25623,78.4812
21598,18766,22227,25781,78.4843
21353,18898,22237,25307,78.6933
21425,18856,22202,25465,78.6962
21497,18814,22167,25623,78.6992
21252,18946,22177,25149,78.8919
21324,18904,22142,25307,78.8948
21396,18862,22107,25465,78.8979
21151,18994,22117,24991,79.0808
21223,18952,22082,25149,79.0838
21295,18910,22047,25307,79.0874
21050,19042,22057,24833,79.264
21122,19000,22022,24991,79.267
21194,18958,21987,25149,79.2709
20949,19090,21997,24675,79.4438
21021,19048,21962,24833,79.4467
21093,19006,21927,24991,79.4496
20848,19138,21937,24517,79.6161
20920,19096,21902,24675,79.6194
20992,19054,21867,24833,79.6226
20747,19186,21877,24359,79.7804
20819,19144,21842,24517,79.7833
20891,19102,21807,24675,79.7868
20502,19318,21887,23885,79.9346
20574,19276,21852,24043,79.9389
20646,19234,21817,24201,79.9419
20718,19192,21782,24359,79.9447
20790,19150,21747,24517,79.9475
20257,19450,21897,23411,80.0901
20329,19408,21862,23569,80.093
20401,19366,21827,23727,80.0966
20473,19324,21792,23885,80.1003
20545,19282,21757,24043,80.1048
20617,19240,21722,24201,80.1089
20689,19198,21687,24359,80.1117
20156,19498,21837,23253,80.2508
20228,19456,21802,23411,80.2548
20300,19414,21767,23569,80.2583
20372,19372,21732,23727,80.2612
20444,19330,21697,23885,80.264
20516,19288,21662,24043,80.2672
20588,19246,21627,24201,80.2717
20127,19504,21742,23253,80.4086
20199,19462,21707,23411,80.4117
20271,19420,21672,23569,80.4147
20343,19378,21637,23727,80.4183
20415,19336,21602,23885,80.4217
20487,19294,21567,24043,80.4247
20098,19510,21647,23253,80.5542
20170,19468,21612,23411,80.5576
20242,19426,21577,23569,80.5606
20314,19384,21542,23727,80.5634
20386,19342,21507,23885,80.5664
20069,19516,21552,23253,80.6937
20141,19474,21517,23411,80.6971
20213,19432,21482,23569,80.7003
20285,19390,21447,23727,80.7037
20040,19522,21457,23253,80.8301
20112,19480,21422,23411,80.8337
20184,19438,21387,23569,80.8376
20011,19528,21362,23253,80.961
20083,19486,21327,23411,80.9643
19982,19534,21267,23253,81.083
28040,17699,24621,26164,81.3733
26471,17434,27333,26749,81.4257
27984,17709,24597,26010,81.4759
26415,17444,27309,26595,81.5252
27928,17719,24573,25856,81.5759
26359,17454,27285,26441,81.6262
27872,17729,24549,25702,81.6772
29251,17724,23839,26235,81.6833
26303,17464,27261,26287,81.7209
27682,17459,26551,26820,81.7327
27816,17739,24525,25548,81.771
29195,17734,23815,26081,81.7784
26247,17474,27237,26133,81.8139
27626,17469,26527,26666,81.8262
27760,17749,24501,25394,81.8647
29139,17744,23791,25927,81.8722
26191,17484,27213,25979,81.9083
27570,17479,26503,26512,81.9206
27704,17759,24477,25240,81.9595
29083,17754,23767,25773,81.966
26135,17494,27189,25825,82.0028
27514,17489,26479,26358,82.0151
27648,17769,24453,25086,82.0561
29027,17764,23743,25619,82.0625
26079,17504,27165,25671,82.0988
27458,17499,26455,26204,82.1117
27592,17779,24429,24932,82.151
28971,17774,23719,25465,82.1577
26023,17514,27141,25517,82.1916
27402,17509,26431,26050,82.2042
27536,17789,24405,24778,82.239
28915,17784,23695,25311,82.2459
25967,17524,27117,25363,82.2793
27346,17519,26407,25896,82.2919
27480,17799,24381,24624,82.3258
28859,17794,23671,25157,82.3323
25911,17534,27093,25209,82.3669
27290,17529,26383,25742,82.3793
27424,17809,24357,24470,82.4138
28803,17804,23647,25003,82.4212
25855,17544,27069,25055,82.4545
27234,17539,26359,25588,82.4629
27368,17819,24333,24316,82.4963
28747,17814,23623,24849,82.5002
25799,17554,27045,24901,82.5333
27178,17549,26335,25434,82.5427
27312,17829,24309,24162,82.573
28691,17824,23599,24695,82.577
25743,17564,27021,24747,82.6073
27122,17559,26311,25280,82.6164
27256,17839,24285,24008,82.6471
28635,17834,23575,24541,82.6514
25687,17574,26997,24593,82.6819
27066,17569,26287,25126,82.6908
27200,17849,24261,23854,82.7215
28579,17844,23551,24387,82.7248
25631,17584,26973,24439,82.7549
27010,17579,26263,24972,82.7632
27144,17859,24237,23700,82.7936
28523,17854,23527,24233,82.7973
25575,17594,26949,24285,82.8284
26954,17589,26239,24818,82.8386
27088,17869,24213,23546,82.8662
28467,17864,23503,24079,82.8697
25519,17604,26925,24131,82.8962
26898,17599,26215,24664,82.9058
27032,17879,24189,23392,82.9334
28411,17874,23479,23925,82.9372
25463,17614,26901,23977,82.9641
26842,17609,26191,24510,82.9736
26976,17889,24165,23238,83.0009
28355,17884,23455,23771,83.0046
25407,17624,26877,23823,83.0313
26786,17619,26167,24356,83.0409
26920,17899,24141,23084,83.0676
28299,17894,23431,23617,83.0713
25351,17634,26853,23669,83.0978
26730,17629,26143,24202,83.1073
26864,17909,24117,22930,83.1342
28243,17904,23407,23463,83.1381
25295,17644,26829,23515,83.1647
25681,18007,26089,25355,83.1704
26674,17639,26119,24048,83.1744
26808,17919,24093,22776,83.2053
28187,17914,23383,23309,83.2091
26618,17649,26095,23894,83.2464
28131,17924,23359,23155,83.2753
25940,17955,26778,25509,83.6686
25884,17965,26754,25355,83.6738
25911,17961,26683,25509,83.6771
25828,17975,26730,25201,83.68
25855,17971,26659,25355,83.6831
25882,17967,26588,25509,83.6861
25799,17981,26635,25201,83.6888
25826,17977,26564,25355,83.6916
25853,17973,26493,25509,83.6945
25770,17987,26540,25201,83.6978
25797,17983,26469,25355,83.7014
25741,17993,26445,25201,83.7071
25768,17989,26374,25355,83.7111
25712,17999,26350,25201,83.7142
25739,17995,26279,25355,83.7178
25683,18005,26255,25201,83.7208
25710,18001,26184,25355,83.7236
25654,18011,26160,25201,83.7267
