obj0,obj1,obj2,cpu
4729,5153,1135,0.131213
1362,5085,4995,0.131237
2480,2627,5825,0.131256
5428,1363,4360,0.131274
5067,1179,5096,0.131306
5481,4215,1433,0.131341
4900,2365,2928,0.131364
3239,1967,5796,0.131437
5083,1167,5482,0.131449
4937,1604,3980,0.131456
4464,2161,3496,0.131476
1786,5362,3900,0.131489
2299,4489,3346,0.131495
1387,4991,4910,0.131509
1416,4629,5150,0.131521
2684,4923,2752,0.131528
4368,5285,1244,0.131538
4018,4854,1513,0.131546
5812,2583,2667,0.131568
5941,2172,3114,0.13158
5429,1599,3918,0.131595
4938,1840,3538,0.131604
5493,1324,4496,0.131614
4913,4553,1353,0.131622
4470,3273,2278,0.131637
5029,1954,3375,0.131651
4783,1550,4268,0.13166
2202,5188,3327,0.131677
1462,5482,4612,0.131686
2060,3292,5684,0.131693
2252,4245,3682,0.131702
1644,4567,4618,0.131713
1835,3664,5676,0.131724
2995,4565,2576,0.131732
4347,4212,1685,0.131743
3848,5006,1602,0.131763
4513,5243,1198,0.13177
3175,2242,5218,0.131779
2565,2759,5372,0.131792
3758,1729,5620,0.131802
4420,3776,1919,0.131817
4207,3243,2405,0.131857
5466,2706,2596,0.131873
4915,3874,1765,0.131882
4141,1549,6132,0.131891
4125,1561,5746,0.1319
4698,1411,4915,0.131907
3771,3039,2973,0.131921
3606,3197,2931,0.131931
4042,3401,2363,0.131941
3953,4319,1827,0.131954
1437,5576,4697,0.131969
1533,5751,4426,0.131976
2596,3780,3698,0.131983
1457,4463,5618,0.131995
3155,4788,2327,0.132006
3640,4989,1803,0.132015
3090,4253,2641,0.132024
4584,5195,1181,0.132036
2288,3230,5152,0.132045
2373,3362,4699,0.132058
4287,1672,4748,0.132068
4463,1925,3938,0.132087
4264,1788,4444,0.132103
4157,3746,2046,0.132116
4986,4117,1587,0.132131
3774,1717,6006,0.132141
2030,4557,3839,0.13215
1913,4499,4125,0.132175
3223,5096,2208,0.132201
3101,3146,3767,0.132218
1979,3500,5527,0.132235
2529,3585,4089,0.13225
4265,2024,4002,0.132259
5479,3046,2332,0.132269
5223,4235,1470,0.13228
5036,3614,1946,0.132288
2643,4024,3362,0.132299
3530,4034,2385,0.13231
3912,4491,1779,0.132324
3049,4425,2593,0.13234
1754,3872,5519,0.132354
2880,4220,2893,0.132373
1983,4313,4175,0.13239
2185,4050,4073,0.132407
3108,3364,3458,0.13243
1846,4304,4516,0.132443
2005,4172,4317,0.132457
3502,3108,3221,0.202906
4778,3634,1983,0.20294
3172,4197,2609,0.202955
5003,1454,4518,0.20297
2439,5064,3057,0.202982
2130,5334,3432,0.202993
3865,4415,1884,0.203013
4755,2056,3536,0.203024
3311,2370,4707,0.203036
5295,3292,2183,0.203048
3306,3699,2877,0.203058
2962,4164,2861,0.203072
4794,5112,1202,0.203093
4464,2302,3431,0.203104
3945,2540,3607,0.203114
1904,3586,5841,0.203133
2489,4874,3054,0.203143
3894,1857,5109,0.203155
2299,3545,4599,0.203177
2616,2755,5314,0.203191
4236,2294,3712,0.203204
3830,2132,4531,0.203219
5221,3066,2369,0.203241
4217,3527,2293,0.203253
3951,3171,2772,0.203264
4021,2870,3045,0.203286
4711,5055,1239,0.203298
5566,2565,2753,0.203332
1526,4385,5783,0.203346
3657,4398,2085,0.203356
3375,2095,5285,0.203373
2640,3000,4853,0.203387
5485,3677,1891,0.203402
4895,4455,1457,0.203414
4426,4522,1574,0.203429
4225,3210,2546,0.20344
4134,3096,2709,0.203452
4649,5154,1248,0.203469
4516,2964,2651,0.20348
2627,3070,4761,0.20351
4904,1634,4235,0.203525
4729,4301,1595,0.203536
4566,5097,1285,0.203549
3972,3804,2243,0.203566
3706,3448,2722,0.203582
3615,3334,2885,0.203597
4577,2528,3095,0.203609
4595,5182,1268,0.203622
4425,2850,2814,0.203635
3358,5413,2128,0.203665
2312,3475,4691,0.203676
4400,4943,1423,0.203692
2978,5237,2513,0.203723
2457,2736,5715,0.265743
2096,4825,3593,0.26579
1403,4919,5463,0.26581
1499,5242,4587,0.265822
1892,5428,3772,0.265841
3324,2099,5343,0.265856
1441,4903,4865,0.265872
1652,5035,4353,0.265925
2306,4111,3837,0.265951
2578,4560,3018,0.265964
3750,1976,4859,0.265982
5274,1309,4648,0.266006
2619,4388,3066,0.266024
2288,2953,6017,0.266047
2064,3632,5074,0.266061
2265,3339,5042,0.266078
2382,4387,3420,0.266101
3216,2076,5686,0.26612
2650,3646,3853,0.266146
1921,4967,3860,0.26616
5339,1270,4784,0.266176
5044,1288,4986,0.266191
4763,1372,5051,0.266211
4779,1360,5437,0.266224
2128,3628,4920,0.266241
1956,3609,5417,0.266258
2037,3401,5574,0.26628
1827,4893,4086,0.26631
4179,1649,5091,0.26633
2548,2963,5061,0.266353
2572,4144,3402,0.266377
2335,4143,3756,0.266401
2061,4377,4058,0.266417
1751,4663,4420,0.266433
2809,2795,4888,0.266461
4244,1610,5227,0.266479
4397,3369,2362,0.30188
2525,4620,3142,0.301941
2491,2942,5272,0.301967
2665,5195,2853,0.301999
3599,4059,2363,0.302024
4668,2642,2932,0.302095
4705,4070,1749,0.302149
2960,3916,3183,0.302176
1656,4923,4417,0.302208
2071,3607,5131,0.302234
1990,3815,4974,0.302263
3298,2440,4615,0.3023
2913,3672,3519,0.302339
2513,3575,4235,0.302371
3508,3945,2526,0.3024
3395,3719,2862,0.302446
3787,3493,2701,0.302472
3312,4772,2320,0.302551
1777,4234,4849,0.302593
3184,2945,4089,0.302626
1957,4112,4605,0.302664
4394,2603,3158,0.302698
1618,4366,5048,0.30279
2024,4307,4214,0.302826
1755,4375,4707,0.302856
1685,4561,4657,0.302886
2071,4551,3878,0.302915
2410,3150,5115,0.302943
2546,3278,4604,0.302975
2055,4843,3730,0.303016
2560,3819,3899,0.303072
2095,5092,3525,0.344305
3709,4354,2116,0.344378
4312,2624,3150,0.344397
1702,4906,4340,0.344427
2124,4631,3613,0.344449
4557,4142,1779,0.344471
4460,4846,1514,0.344489
4968,4019,1691,0.344532
4010,2555,3598,0.344552
4301,2309,3703,0.344574
2860,2791,4830,0.344619
2724,2663,5341,0.344643
2132,3524,5309,0.344663
1855,4699,4106,0.344702
3899,4739,1824,0.344727
5123,3133,2367,0.344791
4723,4296,1641,0.344817
4294,4692,1652,0.344864
5206,2980,2565,0.344905
4015,2388,3720,0.364504
1923,3634,5793,0.364563
3751,2212,4417,0.364585
3325,2335,4901,0.364613
3572,2902,3479,0.364635
2654,2965,5047,0.36467
1773,4476,4645,0.364699
4299,2319,3454,0.36472
2376,2923,6134,0.364748
2462,3568,4374,0.364771
2653,2729,5489,0.36481
1842,3842,5636,0.36485
2461,3332,4816,0.364891
4516,2315,3413,0.418651
3203,2146,5594,0.418742
3311,2169,5251,0.418776
2624,4749,2996,0.418807
2142,5014,3571,0.418834
3152,4827,2394,0.418861
3569,4720,1989,0.418885
3738,2282,4325,0.418916
3737,2046,4767,0.41897
3823,3193,2890,0.419016
3773,3696,2531,0.41904
3658,3351,2848,0.419075
3582,3075,3265,0.419107
3235,2672,4404,0.419133
2799,3239,4215,0.419166
1568,5548,4484,0.419195
1493,5057,4782,0.419218
2387,4297,3673,0.419262
4086,3223,2763,0.419306
2624,4298,3319,0.419382
3036,3240,3861,0.419405
3297,3072,3688,0.419428
2610,3363,4345,0.419453
3112,3516,3444,0.419479
1832,5254,4016,0.419505
2311,4021,4090,0.419557
1818,3868,5365,0.419582
3095,4614,2571,0.419659
2885,4581,2823,0.419685
3658,3802,2525,0.419709
2686,3639,3928,0.419736
3965,2524,3651,0.419758
1762,4989,4289,0.419783
3629,2023,5110,0.41988
2885,4130,3146,0.419995
2449,3638,4282,0.420023
3520,2675,3981,0.420047
1803,4817,4337,0.420083
4180,1814,4872,0.420108
3800,2682,3609,0.420134
1602,4376,5116,0.432202
1802,4619,4371,0.432268
1580,4517,4974,0.432297
1529,4782,4989,0.432329
1627,4761,4638,0.432351
1526,4973,4819,0.432376
1788,4078,5076,0.432397
1686,5544,4192,0.432424
1586,5147,4575,0.43245
1823,3794,5684,0.432476
1551,4879,4734,0.4325
1611,5053,4490,0.432529
1661,5638,4277,0.432554
1554,4688,4904,0.432577
1726,5188,4144,0.432604
1731,5414,4119,0.4772
1977,5541,3666,0.477268
3008,2545,5224,0.477334
3072,2270,5802,0.477366
2337,3175,5370,0.477392
1715,4103,5331,0.477465
1917,3840,5229,0.477499
3609,1966,5691,0.477529
1902,5050,3964,0.477596
1682,4091,5626,0.477627
4128,1728,5515,0.477658
2204,3954,4406,0.477783
3380,2690,4329,0.477813
3144,2673,4713,0.47784
2473,3303,4859,0.477878
2860,3470,4051,0.477965
3131,2743,4621,0.478034
2365,3697,4265,0.493951
2286,5271,3291,0.494026
2146,4696,3580,0.494054
2432,3892,3874,0.494084
2757,4577,2913,0.494125
3329,4138,2591,0.494155
2780,4323,3080,0.494188
2871,3106,4277,0.494216
2937,3258,3943,0.494251
3420,4252,2428,0.49428
1971,4838,3847,0.494312
3043,3773,3207,0.494355
2884,3036,4369,0.494387
3028,5047,2510,0.494417
2838,4662,2802,0.494452
2897,5152,2624,0.494485
3352,3884,2758,0.494514
3501,4337,2317,0.494546
2930,3547,3543,0.494587
1808,4455,4442,0.522358
1830,4314,4584,0.522467
2285,3421,4982,0.522499
2721,2854,5171,0.52254
3609,2593,4144,0.522651
3259,3455,3213,0.522714
3152,4549,2569,0.522762
3723,2508,4242,0.522844
1942,5238,3769,0.550182
3571,2666,3921,0.550264
2750,4831,2797,0.550307
2252,4998,3324,0.550341
3993,4964,1556,0.550386
4084,4762,1558,0.550418
1659,4200,5516,0.550454
3107,3128,3900,0.550518
1768,5174,4094,0.550589
2514,3554,4390,0.550698
2678,3442,4214,0.55087
3742,4643,1868,0.550905
3742,4755,1831,0.551017
3534,4738,2032,0.55105
2945,4755,2579,0.608842
1675,4145,5642,0.609034
4712,1506,4788,0.609091
4301,1767,4621,0.609152
4302,2003,4179,0.609203
3595,4569,2071,0.609241
3386,3278,3363,0.609279
3813,2612,3701,0.609315
4107,3936,2049,0.609474
4161,1715,5026,0.609553
3642,1953,5202,0.60961
3735,1838,5510,0.609649
4102,1670,5636,0.609717
4351,1590,5408,0.609789
3387,2735,4185,0.609823
2888,3445,3890,0.609857
3978,2454,3743,0.609896
2050,4137,4601,0.609939
1740,4377,5046,0.609999
2217,3834,4595,0.610058
2699,3569,4020,0.610141
2295,3871,4380,0.610227
1907,4074,5040,0.610273
2447,4922,3106,0.610313
1639,5817,4298,0.610421
2376,2944,5558,0.620691
2484,2967,5215,0.620784
4529,2655,3149,0.620823
2207,3161,5860,0.620861
2627,3159,4656,0.662854
2145,3424,5231,0.662947
3053,3036,4172,0.663014
2991,2636,4888,0.663107
3226,2584,4660,0.663156
4018,2056,4565,0.663196
2778,2506,5815,0.663282
3129,3312,3755,0.663399
3996,1855,5236,0.66344
1773,4323,5067,0.663569
2703,3435,4239,0.663736
4334,4348,1767,0.671037
5475,2451,2916,0.711059
1823,4118,4980,0.730115
2243,3453,5121,0.730191
1904,3910,5137,0.730232
2174,3829,4678,0.730432
1935,4022,4899,0.755934
2709,3320,4475,0.756109
2040,5144,3744,0.764029
3443,3998,2595,0.764169
2907,4968,2699,0.764222
1677,4521,4818,0.80812
4997,4104,1674,0.808226
1830,4520,4409,0.808315
1877,4764,4073,0.808354
2099,4452,3916,0.808397
4009,3510,2494,0.808441
3764,3787,2444,0.808486
3673,3673,2607,0.808531
3560,3447,2943,0.80861
2032,4257,4307,0.808675
2644,4351,3249,0.808745
3216,3912,2927,0.809039
2490,4231,3596,0.809109
2988,3886,3265,0.809155
3245,4579,2519,0.818814
3399,3729,2827,0.818862
3325,4750,2273,0.870751
2515,3790,3948,0.87086
5204,4307,1458,0.870908
5669,3431,2040,0.87095
1710,4835,4372,0.870998
2192,4570,3797,0.871039
3059,4394,2752,0.87108
3100,4222,2800,0.871125
3517,4115,2395,0.87122
5226,3999,1654,0.87128
5444,4189,1525,0.871414
3476,4287,2347,0.871502
3783,4471,1916,0.871557
5618,1444,4314,0.937478
1490,4417,5818,0.937583
1643,4210,5584,0.937625
3706,4897,1848,0.937692
3534,4626,2069,0.937738
5052,5092,1165,0.937786
1751,4617,4503,0.937827
5223,4343,1441,0.937874
4657,4002,1773,0.937919
5127,1685,3934,0.937966
5699,3407,2085,0.938015
4787,3189,2346,0.938058
2046,4006,4785,0.938171
3142,2980,4235,0.938264
3289,5004,2253,0.938376
4394,3972,1900,0.938436
3664,3536,2653,0.938491
1605,4791,4689,0.938544
1627,4650,4831,0.938589
4694,3159,2396,0.938636
3177,3511,3245,0.938692
2679,3678,3772,0.938742
3453,4541,2180,0.938917
3494,4369,2228,0.938983
4652,3844,1892,0.939048
4522,2500,3218,0.93915
3829,3378,2695,0.9392
3224,3755,2909,0.939258
3919,3994,2153,0.93931
1474,4857,5065,0.93938
5311,1829,3721,0.939447
3148,3479,3326,0.939492
3588,3260,3070,0.939544
3575,4454,2117,0.939656
3554,2965,3618,0.939715
4707,3499,2132,0.939781
3629,4426,2097,0.939833
2233,3394,5348,0.966672
3047,2293,5988,0.966796
4370,3966,1922,0.966894
3875,1890,5105,0.966979
2234,3630,4906,0.967046
4936,4307,1590,0.967167
3559,4904,1914,1.02151
3933,2371,3961,1.0217
2811,5039,2696,1.02177
3778,2081,4691,1.02202
3779,2317,4249,1.02207
3932,2135,4403,1.02213
3352,2204,5175,1.02218
2094,5165,3670,1.02231
3147,4847,2402,1.02238
3142,5011,2319,1.02244
3352,2983,3911,1.02271
2665,3274,4568,1.02295
3091,3151,4084,1.02301
2329,5304,3271,1.02308
2734,3641,3859,1.0381
2282,3941,4288,1.03816
2370,3553,4529,1.08988
1773,3922,5491,1.09005
2373,3135,5388,1.09011
2193,3257,5632,1.09016
2548,4022,3736,1.09034
3229,3665,3162,1.0904
1832,4803,4339,1.09047
2806,2986,4718,1.09053
3308,2360,5081,1.09059
2061,3823,4904,1.09065
1787,3826,5719,1.09071
3535,3944,2638,1.09081
2868,3386,4002,1.09094
1751,4063,5349,1.09102
2545,3154,4891,1.09114
2481,3158,5045,1.0912
3091,2989,4295,1.09126
2262,3530,4872,1.09132
2607,3554,4175,1.09149
2054,4003,4820,1.10791
2221,3700,4814,1.108
2562,2950,5202,1.16465
2624,3350,4486,1.16479
1854,3714,5648,1.16485
2142,3615,5061,1.16496
1868,3618,5876,1.16502
2274,3049,5789,1.16508
1832,3855,5506,1.16529
2454,2927,5545,1.16538
1917,4964,4054,1.18793
2371,5033,3318,1.18807
3408,5223,2125,1.18814
4548,1417,5272,1.1882
3544,2578,4153,1.18827
2893,2877,4774,1.18833
3056,2422,5635,1.18839
2957,2602,5352,1.18845
4385,1872,4411,1.18859
3610,2309,4654,1.18864
1896,4693,4145,1.18872
4449,1597,4989,1.18877
4484,1692,4694,1.18883
3425,3320,3329,1.22831
1726,4737,4467,1.22844
3696,2593,3899,1.22857
2057,4010,4583,1.22866
1995,4669,3974,1.22873
1567,4618,4996,1.22879
3027,3167,4045,1.22886
4897,1315,5333,1.22893
3709,2523,3991,1.22898
3538,3546,2993,1.22905
3177,4107,2862,1.2291
3839,3647,2618,1.22924
3651,4213,2280,1.2293
1801,4008,5168,1.22937
4913,1303,5719,1.22959
1542,4712,5081,1.2297
1559,4339,5983,1.28519
1458,5260,4724,1.28534
1508,5845,4511,1.28542
1449,4583,5350,1.28547
1649,4826,4605,1.28554
1433,5354,4809,1.2856
1633,5118,4457,1.28573
1804,4319,4839,1.28586
1602,4582,4941,1.28592
2168,3392,5672,1.28603
1748,4057,5531,1.28609
1968,3976,5099,1.32831
1910,4029,5094,1.33936
2366,3740,4208,1.38072
3758,3602,2639,1.38087
3495,4152,2512,1.38093
2651,3743,3785,1.38107
2832,4477,2997,1.38113
1965,4653,4042,1.38119
1696,4721,4535,1.38126
1930,4111,4707,1.38132
2097,3808,4701,1.38139
3145,2794,4407,1.38147
3677,2486,4323,1.38153
3169,3039,3946,1.3816
4003,3325,2689,1.38166
3667,3488,2802,1.38173
2132,4350,4036,1.38189
1943,4041,4799,1.38195
3156,3109,3854,1.38203
3554,3262,3138,1.38213
2199,4043,4214,1.38239
2336,5081,3288,1.39508
2196,3914,4567,1.39532
2709,4886,2935,1.44523
3270,2914,4225,1.44541
2151,4606,3833,1.44554
2378,4477,3583,1.44566
1976,3995,4999,1.44574
2722,4012,3599,1.4461
4243,5086,1470,1.45508
4209,4874,1493,1.45524
4913,2705,2664,1.45532
5103,3090,2372,1.45539
4660,3658,1986,1.45545
4638,3966,1790,1.45552
4878,3848,1857,1.4556
4773,3584,2073,1.49553
4303,4750,1558,1.49577
4723,4087,1714,1.49584
4519,4660,1495,1.4959
4507,4177,1777,1.49603
4608,3742,2031,1.4961
5504,2181,3206,1.49617
4262,5034,1473,1.49633
5595,2295,3043,1.49639
5850,2058,3277,1.49645
4653,2006,3892,1.53079
3221,4696,2372,1.53092
3519,4858,2138,1.531
4707,1774,4364,1.53108
5576,4363,1390,1.53145
3489,4206,2337,1.53152
5318,4491,1398,1.53169
3435,4346,2320,1.53177
3878,4166,2105,1.53195
5236,4492,1383,1.59178
4670,4151,1715,1.59234
3682,3843,2476,1.59262
3082,4312,2716,1.59271
1953,4354,4401,1.5928
2226,3884,4541,1.59298
3937,4301,1976,1.59313
3453,4653,2143,1.59348
3548,4341,2208,1.59356
3784,3295,2913,1.59369
3041,4484,2668,1.59379
2029,4630,3984,1.59386
2379,5114,3268,1.59401
3117,4733,2474,1.59411
2511,4365,3409,1.59463
2464,4121,3745,1.59474
3297,3270,3505,1.59524
3344,3514,3169,1.59532
2705,4676,2962,1.59539
3268,3238,3586,1.59561
2572,2937,5332,1.61656
2636,2933,5178,1.61683
3189,5000,2304,1.61691
4865,4064,1768,1.61707
3691,1931,5469,1.66971
4117,1808,4985,1.67008
3374,4900,2184,1.6703
3080,2842,4563,1.67051
3937,4088,2138,1.67065
4031,1986,4657,1.67073
2903,5035,2609,1.6708
3079,2606,5005,1.67102
4052,5066,1490,1.68875
3583,1908,5812,1.74972
3431,5113,2007,1.74999
4528,1547,5152,1.75023
4009,1785,5328,1.75031
3108,2947,4395,1.7505
3107,2711,4837,1.75058
3923,1963,5000,1.75106
3862,1960,5013,1.76655
2837,2900,4720,1.8092
3765,2151,4599,1.80962
3263,2777,4236,1.80974
3920,2441,3869,1.80982
3766,2387,4157,1.8099
2020,3605,5263,1.80998
2440,2940,5404,1.81007
2576,3068,4893,1.81015
3702,2834,3525,1.81023
3339,2274,5083,1.81039
3919,2205,4311,1.81047
2701,2772,5231,1.81059
3548,2780,3813,1.81067
3569,4269,2312,1.81078
2915,4826,2748,1.81087
3002,2945,4409,1.81098
2502,3340,4688,1.81107
3676,4109,2348,1.81119
3156,2999,4121,1.81138
1953,3800,5247,1.87451
2834,3091,4550,1.87478
3119,3094,4127,1.87493
1894,4268,4808,1.87523
2499,3531,4518,1.87553
2727,3313,4435,1.87577
2230,3093,5902,1.88878
2886,2529,5472,1.88904
2883,2613,5231,1.93662
3019,2741,4720,1.93684
2593,2864,5204,1.93695
4132,1983,4725,1.93706
2519,3136,4999,1.93731
2945,3013,4515,1.93761
2034,3592,5404,2.00686
2590,3055,5034,2.00707
2744,3109,4746,2.00742
4284,3143,2698,2.03224
4846,2170,3373,2.03246
4555,2416,3268,2.03255
3463,4087,2532,2.0327
3486,3833,2699,2.03279
3752,4189,2220,2.03297
3372,3973,2695,2.03319
3125,3953,2945,2.05904
1849,4449,4481,2.05932
3342,3254,3535,2.0594
2671,3884,3681,2.05964
4058,2766,3271,2.05972
2718,4128,3345,2.05989
3726,4704,1982,2.07598
2477,2818,5655,2.13297
3308,2561,4537,2.1332
2057,3483,5514,2.13329
2543,3469,4434,2.13337
3851,4945,1776,2.13357
2613,2946,5144,2.13367
2488,3133,5102,2.13376
2624,3261,4591,2.13384
1573,4738,4876,2.13393
1937,3540,6041,2.13402
3295,2631,4445,2.13419
4005,2073,4699,2.13428
3883,1849,5438,2.13444
2965,3826,3436,2.13452
3453,2940,3891,2.13461
3172,2433,5048,2.1348
3486,2311,4875,2.13489
1807,4128,5048,2.135
1586,4668,4968,2.13508
1820,4058,5140,2.13517
2357,2875,6182,2.13525
1901,3850,5297,2.13534
1987,4006,4804,2.13544
3364,2087,5614,2.13587
3869,1945,5210,2.13595
1976,3691,5357,2.13605
2407,3341,4945,2.13613
2068,3798,4961,2.13621
4740,5140,1222,2.15166
4545,4901,1377,2.15191
3881,3690,2406,2.26761
3618,4240,2279,2.26797
5032,3019,2530,2.26818
2145,4902,3522,2.42835
3165,2871,4345,2.42856
2349,3707,4333,2.42866
2304,4399,3599,2.45897
2035,4467,4092,2.45914
2035,4918,3769,2.45923
2363,3931,4038,2.45932
3153,3300,3684,2.45941
2648,3934,3615,2.4595
3256,3010,3997,2.45959
3311,3609,3130,2.45969
1860,4609,4359,2.45978
2971,3007,4420,2.45996
2857,2982,4660,2.46005
2868,3297,4107,2.46015
2296,3736,4429,2.46024
2094,3999,4531,2.46033
2309,3666,4521,2.46051
2129,3788,4765,2.4606
2116,3858,4673,2.46068
4848,1511,4404,2.52808
4329,1749,4580,2.52855
1643,4640,4763,2.52864
3912,4603,1742,2.52873
2999,3105,4243,2.52882
5002,1565,4116,2.52893
5082,1486,4289,2.5651
2880,3426,3990,2.56531
3366,4578,2321,2.56543
3872,3553,2452,2.56553
5292,2304,3025,2.56572
5421,1893,3472,2.5658
4928,1432,4577,2.56588
4517,1693,4410,2.56597
4288,1908,4306,2.56606
3987,3898,2135,2.56617
3570,2240,4868,2.56629
2287,3852,4480,2.56659
5330,1779,3635,2.5667
4037,3395,2494,2.56695
4949,4086,1742,2.58707
3749,4146,2242,2.64025
5353,3530,2014,2.64053
2560,3908,3794,2.64075
3214,4677,2433,2.64104
2636,4184,3377,2.64116
4960,4313,1568,2.64135
2875,4943,2732,2.64146
3268,4537,2450,2.64166
3309,4365,2498,2.64224
2589,3940,3713,2.64233
4407,4701,1588,2.6595
2528,4161,3720,2.72227
1581,5478,4576,2.74433
2747,3571,3951,2.74495
3321,2290,5173,2.79153
3384,2926,4015,2.79169
2541,3332,4801,2.79223
2928,3560,3758,2.79238
1875,4233,4951,2.79247
2459,3759,4204,2.79259
4341,4793,1543,2.92394
3613,4876,1894,2.92436
4002,4836,1662,2.92504
3694,4961,1783,2.92516
3674,5201,1780,2.92527
2816,3519,4110,2.92559
3778,5016,1771,3.02227
3832,4988,1751,3.0226
2399,2835,5668,3.12173
2535,2963,5157,3.12197
2559,3208,4696,3.12215
3606,1799,5922,3.16711
3025,3223,4045,3.16742
2138,3802,4740,3.16753
1869,3870,5233,3.16762
4360,1509,5518,3.16791
2785,3379,4207,3.168
1882,3800,5325,3.16816
3975,2014,4840,3.16836
3456,2252,5016,3.16844
3520,1977,5594,3.16858
4039,1739,5418,3.16871
1988,4648,4121,3.19665
1928,4474,4365,3.19683
1786,4911,4223,3.19698
1988,5099,3798,3.19711
1880,4985,3997,3.22559
1955,5476,3699,3.22582
1820,4811,4241,3.22592
3239,2628,4657,3.22602
2474,3536,4554,3.22612
2067,4131,4505,3.22638
3226,2698,4565,3.22672
2135,3993,4570,3.22683
1833,4741,4333,3.22697
5186,4209,1562,3.24227
4996,3824,1854,3.24253
4978,4512,1420,3.2748
5015,3860,1837,3.27549
5568,3734,1854,3.27571
5453,3389,2171,3.27591
4679,4491,1598,3.33562
2256,3383,5213,3.35151
1971,4105,4746,3.38253
2527,3457,4671,3.47119
3437,3205,3551,3.47146
2232,4294,3737,3.48612
3148,3390,3431,3.48658
2616,4990,2998,3.48668
2426,4605,3290,3.4868
3261,3616,3095,3.48695
3089,4280,2805,3.48706
2917,4081,3079,3.48716
2576,3829,3753,3.48728
2804,3855,3415,3.48738
4565,2675,2975,3.51589
4115,2360,3818,3.516
3398,2928,3938,3.5161
3811,4195,2148,3.51626
4730,2517,3017,3.51727
3914,4914,1647,3.56655
4714,1399,5301,3.56679
3627,4410,2148,3.56689
3586,4582,2100,3.56701
4267,2003,4273,3.56712
5060,1276,5372,3.56746
4177,4364,1774,3.56756
4005,4205,1958,3.56766
4488,4422,1668,3.56779
3824,2571,3887,3.56877
5081,4265,1544,3.58172
4770,4207,1650,3.582
5820,2289,3113,3.58211
5213,3740,1849,3.6171
4741,4394,1537,3.61745
5241,3464,2081,3.61762
4626,4049,1854,3.61773
4525,4484,1600,3.61785
5587,3341,2152,3.61799
5484,3013,2419,3.61809
5218,4185,1560,3.67374
5260,3500,2064,3.67426
5273,3840,1800,3.67458
4351,5288,1425,3.74161
2362,3019,5906,3.82117
4720,4397,1653,3.84013
3882,5218,1579,3.89595
4206,5330,1471,4.0146
4298,5295,1413,4.01483
4352,5267,1393,4.01505
4819,1781,4114,4.23642
2663,3529,4212,4.23691
3722,2328,4491,4.2371
3608,2303,4731,4.2372
4968,1359,4813,4.23742
1927,4188,4826,4.23779
3709,2129,4937,4.24931
2396,3026,5498,4.33799
2532,3154,4987,4.33833
1888,3920,5205,4.39689
1866,4061,5063,4.39713
2727,2971,4904,4.39748
1867,5154,4057,4.39775
5173,4425,1473,4.52274
1708,5609,4159,4.63058
3565,3369,2883,4.98289
4859,2537,2880,4.9832
4423,2333,3448,4.98332
4897,2012,3490,4.98343
3066,3300,3852,4.98353
4896,1776,3932,4.98365
4377,2014,4108,4.98376
4429,3445,2230,4.98386
4872,2877,2616,4.98397
2785,4144,3307,4.98409
4381,4424,1662,4.98422
3730,3211,2925,4.98434
4166,3415,2357,4.98445
4001,3573,2315,4.98456
5062,3262,2324,4.98479
3067,3536,3410,4.98503
4264,3603,2188,4.98527
4378,2250,3666,4.98551
3684,2892,3585,4.98584
4684,4502,1537,5.0097
5150,3350,2244,5.00997
5421,2623,2814,5.0101
4434,5193,1289,5.04063
5254,3804,1817,5.04097
5008,4701,1310,5.0411
4650,5103,1226,5.0412
4697,4643,1416,5.04131
4963,4050,1712,5.04143
1521,5101,4729,5.08544
1849,4752,4228,5.08575
1674,4894,4495,5.08589
2860,3578,3913,5.08646
1621,4351,5442,5.09297
5331,4640,1340,5.34846
3692,4945,1834,5.60357
4127,4554,1777,5.60391
4118,1658,6022,5.60413
5113,4433,1493,5.62988
4212,5224,1476,5.66613
4647,4833,1419,5.66645
4863,4743,1356,5.66656
1837,3918,5337,5.88197
2257,3253,5478,5.88255
2944,3431,3888,6.1724
2070,3940,4675,6.19474
3242,2437,4827,6.19518
2477,3345,4724,6.19532
2490,3275,4816,6.19543
3456,2749,4061,6.19556
3943,2358,4195,6.19568
3469,2679,4153,6.19581
3229,2507,4735,6.19593
1837,4217,4959,6.21835
2558,3137,4881,6.24537
2571,3067,4973,6.24561
2151,3732,4832,6.24574
1564,4809,4826,6.25089
1798,4199,4998,6.25105
1808,5221,4042,6.29547
1748,4596,4609,6.29586
3116,2215,6153,6.29598
2227,3463,5189,6.29613
2240,3393,5281,6.29625
2330,3173,5502,6.29638
3184,2209,5858,6.2965
1808,4770,4365,6.29662
2992,2555,5292,6.29677
2979,2625,5200,6.29692
1924,3742,5589,6.29704
2344,3077,5730,6.29715
3170,2305,5630,6.29726
1633,4912,4632,6.29739
1748,5047,4286,6.2976
3006,2459,5520,6.29773
1879,3991,5155,6.30268
2321,3185,5438,6.35966
2487,3466,4646,6.37551
1634,4311,5174,6.59274
1400,4921,5002,6.59314
1375,5015,5087,6.59331
1836,4048,5072,6.59341
3307,4026,2764,6.71789
2597,4107,3585,6.71825
2107,3929,4623,6.85771
2219,3568,4986,6.88047
4483,1803,4292,6.95112
3605,2961,3373,6.9515
4418,1842,4156,6.95162
4419,2078,3714,6.95176
4298,2083,3896,6.9519
4169,2442,3432,6.95201
3550,2560,4286,6.95213
3725,2720,3633,6.95225
4784,1786,3826,6.97851
3000,3341,3801,6.97891
4875,1900,3663,6.97906
3498,3174,3274,6.97964
4091,2664,3303,6.97977
3470,3450,3042,6.97989
4099,3220,2748,6.9804
4182,2778,3140,6.98052
4008,3106,2911,6.98064
4246,1844,4700,7.01589
3770,4367,2100,7.01679
2839,3598,3942,7.06226
3831,3725,2404,7.06268
4021,4191,2043,7.06284
4211,4576,1751,7.06342
3849,4032,2227,7.06371
3996,3567,2446,7.06408
2497,4732,3103,7.07285
3183,3927,2861,7.10786
2531,4316,3354,7.10825
2286,5210,3301,7.10839
3623,3708,2605,7.10863
3788,3550,2647,7.10877
3029,4777,2553,7.1089
2839,4392,2845,7.10902
3136,3683,3197,7.10915
2595,4356,3329,7.16118
3641,4015,2428,7.21211
3507,4513,2160,7.21245
3588,4598,2049,7.21284
3709,2148,4811,7.37018
3710,2384,4369,7.37093
3937,2626,3695,7.37156
2718,5135,2729,7.41705
2236,5400,3304,7.41745
2061,5542,3571,7.41756
2937,5247,2586,7.51558
3892,2543,3913,7.5686
3176,5223,2296,7.62003
3257,5308,2185,7.62035
3593,5116,1891,7.6205
2845,5251,2673,7.62078
2363,5516,3248,7.62117
4247,2009,4481,7.85733
3617,3523,2800,7.85746
3697,2454,4277,7.85787
3924,2696,3603,7.858
3696,2218,4719,7.85814
3782,3365,2842,7.85828
3119,3690,3327,7.85869
3071,3688,3396,7.85881
2583,4470,3271,7.93133
3054,4335,2846,7.9319
3188,3837,3114,7.93204
2844,4302,3098,7.93238
2903,3834,3537,7.9325
2262,3179,5797,8.42815
2081,3728,5053,8.50264
2343,2971,5954,8.5357
1468,4783,5067,8.65794
1737,4715,4574,8.65831
1702,4173,5239,8.65845
1573,4944,4701,8.7486
1667,4265,5374,8.74906
1842,4876,4208,8.83048
3859,3578,2579,8.92144
3196,3903,3064,8.92159
4005,2939,3244,8.93547
2719,4251,3333,8.9536
2584,3548,4176,8.95419
2321,4098,4049,8.95433
2982,3701,3460,8.95446
3554,3713,2815,8.95461
2065,4155,4427,8.95479
1898,4458,4433,8.95491
2815,3103,4489,8.97199
3327,3348,3392,8.97234
3100,3106,4066,8.97247
2379,3670,4300,8.97265
2212,3973,4306,8.97278
3314,3418,3300,8.97294
3087,3176,3974,8.97308
2802,3173,4397,8.97321
1724,4765,4482,9.04764
1899,4623,4215,9.04803
2327,3848,4191,9.2222
2774,3530,4036,9.22269
1877,4558,4248,9.23272
2052,4416,3981,9.23328
2396,3951,3997,9.23342
2378,4914,3312,9.2686
2297,4829,3423,9.26925
2237,4204,3990,9.2694
2581,3739,4006,9.26956
2809,3765,3668,9.26979
2376,3861,4130,9.28338
2129,4541,3866,9.28365
4647,3399,2181,9.45673
3726,2956,3191,9.4572
4245,2718,3015,9.45735
4175,4053,1869,9.45751
4060,3708,2186,9.45767
4918,2672,2751,9.45783
3126,3671,3281,9.45797
3624,3504,2754,9.45811
4336,2832,2852,9.45826
4225,3550,2228,9.4584
4675,3123,2413,9.45854
4162,3160,2623,9.4587
2863,4221,3154,9.45884
4191,3958,2023,9.47398
4606,3571,2133,9.49963
3583,3676,2706,9.49996
3685,3128,3143,9.50011
4019,3880,2138,9.50027
4356,3881,1996,9.5004
4877,2844,2703,9.50056
4191,4039,1954,9.50069
4184,3722,2180,9.50082
4204,2890,2967,9.50097
4121,3332,2575,9.50113
5198,1342,4698,9.51076
5263,1303,4834,9.51105
4852,1465,4627,9.51117
4917,1426,4763,9.51132
4080,1829,4808,9.53992
4081,2065,4366,9.54022
5267,1839,3760,9.54037
4599,1591,4632,9.5405
5275,1545,4206,9.54081
4159,1980,4616,9.59459
3296,3034,3947,9.62513
3116,3732,3252,9.66043
3069,3488,3588,9.66076
3528,3789,2764,9.66093
3394,4287,2496,9.66112
2772,4197,3236,9.66159
3556,3513,2996,9.66181
3726,4625,2017,9.72086
3672,4653,2037,9.72125
3506,3037,3623,9.82509
3507,2494,4445,9.82561
3080,3160,4107,9.82586
3435,2091,5534,9.826
3506,2258,4887,9.82617
3954,1853,5358,9.82633
3069,5042,2496,9.91896
3465,5325,1984,9.97631
2730,3122,4605,10.1906
3417,2831,3948,10.191
2991,2954,4432,10.1912
3493,2328,4795,10.1913
3550,3328,3191,10.2168
3474,3052,3608,10.2172
2988,3145,4262,10.2386
3517,4059,2512,10.4828
4530,2033,3932,10.5014
3294,2839,4228,10.5018
4011,2271,4108,10.502
1776,4102,5253,10.6424
1763,4172,5161,10.643
2277,3229,5551,10.6884
1844,3964,5318,10.6887
2264,3299,5459,10.6889
1761,5456,3985,10.7398
1760,4363,4991,10.7402
1701,5282,4229,10.7404
1773,4293,5083,10.7405
1761,5005,4308,10.7407
1915,3754,5525,10.7657
3075,2740,4833,10.9047
1496,4827,5014,11.0435
2163,3960,4367,11.2412
3050,3484,3607,11.2417
4112,2984,2882,11.2533
2102,4247,4138,11.2537
3593,3222,3058,11.2538
4403,2738,2987,11.254
3239,3658,3094,11.2541
3239,3504,3268,11.3732
2895,3969,3252,11.3735
2976,4054,3141,11.3737
3214,3372,3431,11.3856
2070,5186,3610,11.3995
2197,3709,4844,11.3999
2745,3099,4710,11.4216
3890,3860,2275,11.6147
3992,3312,2712,11.6161
2349,5257,3282,11.9149
1867,5522,3857,11.9155
1614,5911,4383,11.9158
3437,5055,2123,12.2846
1729,3966,5604,12.5873
2038,3696,5229,12.5877
1543,5642,4569,12.5879
2213,3297,5591,12.5881
1793,3962,5450,12.5883
2435,3535,4672,12.7456
2271,3097,5865,12.8336
1810,3758,5761,12.87
1769,4355,4894,13.3394
2069,5184,3687,13.4817
1928,4925,4042,13.4824
1589,4728,4808,13.8094
1903,4243,4681,13.8212
1669,4853,4509,13.8217
1670,4520,4965,13.8388
1984,4035,4838,13.8529
1555,5610,4568,13.9956
1655,4977,4599,13.9961
1905,4205,4792,14.2191
1918,4135,4884,14.2196
2072,3902,4786,14.2197
2085,3832,4878,14.2198
2413,5387,3235,14.3706
2566,5180,3001,14.4514
1750,4427,4862,14.497
2269,3820,4611,14.4977
2798,3604,3903,14.5226
3296,3437,3376,14.5229
3416,3196,3636,14.5573
1809,5002,4142,14.5792
1962,4795,3908,14.5796
2159,4049,4465,14.5798
2570,4460,3338,14.6124
1985,3905,5197,14.7349
2138,5192,3481,14.7776
2390,5261,3245,14.8182
2063,3602,5144,15.3746
2002,4291,4465,15.4229
2078,5018,3725,15.4232
2060,3793,4974,15.4523
2001,4261,4535,15.4527
2747,2918,4916,15.5576
2132,3848,4605,16.3867
2110,3738,4793,16.4126
2533,3241,4890,16.4135
2211,3613,5072,16.5555
3484,4928,2035,17.1264
3403,4843,2146,17.1271
2905,5010,2673,17.1273
3343,4669,2390,17.3402
2478,4376,3478,17.5567
2257,3552,5100,17.6026
3028,2307,6127,17.628
2084,3537,5223,17.6288
4376,1497,5904,17.6292
1969,3771,5376,17.6955
1596,4475,5167,17.85
1690,4197,5416,17.8784
1677,4267,5324,17.879
1683,5703,4244,18.0019
1608,5212,4542,18.0023
1548,5038,4786,18.0025
2077,4387,3949,18.3044
2314,5016,3321,18.3052
2990,3523,3706,18.3165
2693,4232,3354,18.317
3037,3767,3370,18.3171
2374,4092,3855,18.3173
3076,3965,3121,18.656
2974,2499,5589,18.8185
3547,2354,4760,19.27
2146,4154,4387,19.4976
2798,3309,4299,19.7059
2793,3085,4653,19.7063
1602,4658,4900,20.1188
3906,1939,5010,20.6647
4136,1960,4672,20.6651
3296,4484,2558,20.6931
3378,3259,3463,20.72
3543,3101,3505,20.7205
4258,2955,2964,20.9398
3176,3275,3687,20.9401
4107,2968,3039,20.96
3260,3310,3567,20.9601
2107,4205,4288,21.0784
5606,3377,2135,21.2553
4616,4179,1735,21.2894
4353,4729,1608,21.2898
3883,4329,1996,21.29
3760,4869,1828,21.3219
3679,4784,1939,21.3225
3908,3974,2272,21.323
3385,4536,2323,21.7878
3729,4071,2339,21.7883
3334,4715,2347,21.7887
2673,5053,2902,21.8176
2989,2428,5631,22.3121
3125,2556,5120,22.3127
3118,2561,5003,23.0544
3485,4199,2359,23.7803
3576,4313,2196,23.7807
2929,4736,2729,23.7809
3119,5121,2437,23.7811
3532,3830,2673,23.8003
3485,3586,3009,23.8007
3148,2447,5230,23.9467
3038,3153,4137,23.9471
2801,2397,5925,23.9473
3012,2319,5741,23.9475
3159,2503,4956,24.0675
4476,5104,1417,24.585
3087,3804,3182,24.9944
2589,3971,3709,24.9948
2862,3394,4121,25.0128
2863,3630,3679,25.0134
3361,3463,3152,25.0136
4667,2567,2968,25.0249
4591,2291,3385,25.0252
4169,2332,3770,25.0253
4435,2230,3617,25.0255
4169,2388,3577,25.044
4168,2152,4019,25.0445
4605,2592,3009,25.0448
4688,2150,3401,25.0449
4668,2982,2614,25.0451
4855,2282,3146,25.0454
3890,2840,3402,25.0456
4503,3140,2572,25.0457
4015,2278,4058,25.0579
4281,2176,3905,25.0581
4015,2334,3865,25.0759
4014,2098,4307,25.0767
4451,2538,3297,25.0769
4534,2096,3689,25.077
4542,2652,3134,25.0772
3941,2606,3660,25.0775
4689,3743,1969,25.2281
3779,3881,2336,25.2288
3320,4001,2637,25.229
3384,4525,2344,25.2294
2723,4863,2899,25.2532
3014,3977,3058,25.2539
3483,3790,2721,25.2541
3890,3667,2449,25.2543
3043,4009,2977,25.2546
2608,4518,3216,25.2548
3374,3610,3122,25.2551
3454,3758,2802,25.2552
3279,4173,2589,25.2988
3668,4133,2357,25.2992
3442,3962,2673,25.3207
3849,3839,2401,25.3214
2838,4500,2923,25.3992
2797,4672,2875,25.4894
3740,2702,3891,25.6454
3225,2779,4557,25.724
3176,4541,2537,25.7616
3867,4146,2224,25.7619
4998,5120,1185,26.263
4405,5260,1405,26.2866
5182,4520,1403,26.2972
2216,3598,5037,26.3699
3062,2810,4694,26.371
2866,3160,4474,26.4225
2780,3422,4233,27.0918
3534,2637,4325,27.1189
4260,5302,1451,27.8061
3374,2805,4093,27.8838
4266,2625,3276,27.8841
3494,2564,4353,27.9341
3127,2649,4747,27.9739
3412,2652,4324,27.9742
3692,2659,3952,27.9924
2271,3157,5706,28.1399
3255,2850,4375,28.4009
3071,2627,5112,29.4659
3711,4370,2065,29.5766
3630,4285,2176,29.5774
3539,4171,2339,29.5776
3899,3804,2403,29.5777
3265,4227,2559,29.5891
2869,4155,3158,29.6032
4660,2959,2679,29.6495
3040,3097,4137,29.685
2880,2724,5109,29.6852
3438,3250,3421,29.6855
2931,2527,5584,29.6857
3162,2312,5126,29.6997
2790,3276,4483,30.2845
5411,3451,2077,30.3139
5004,3538,2078,30.3274
5204,3178,2346,30.3278
4924,4540,1440,30.3615
4290,2691,3135,30.9085
4736,3061,2463,30.9091
4049,2573,3510,30.9093
4473,3031,2590,30.9096
3770,2803,3415,30.9099
4485,2833,2749,30.9221
4049,2629,3317,30.9226
4938,3248,2330,30.9228
4748,2863,2622,30.923
4735,2523,2886,30.9232
4650,2675,2791,30.9233
3361,4054,2627,30.9545
3481,3222,3412,30.9749
3128,3946,3032,30.9751
3480,2986,3854,30.9754
3202,3674,3237,30.9756
2162,4033,4512,31.0303
2974,3892,3320,31.0311
3048,3620,3525,31.0313
3046,3976,3134,31.0388
2822,3802,3631,31.0563
4626,2739,2920,31.0673
4128,2560,3529,31.0868
4127,2324,3971,31.0872
4814,2454,3098,31.0876
4647,2322,3353,31.0881
4114,2124,4260,31.0971
4097,2217,4269,31.2836
4160,2270,4029,31.2838
5302,3402,2131,31.3195
5039,3372,2258,31.3201
5504,3589,1998,31.3385
5314,3204,2290,31.3389
5216,3016,2459,31.3391
5250,2796,2659,31.3393
5764,3579,1997,31.3395
2207,4529,3687,31.4094
2726,3922,3436,31.4099
2160,4285,4023,31.4101
2543,4112,3483,31.4367
2405,3912,4074,31.4372
3012,3925,3146,31.4375
3059,4169,2810,31.4377
2903,3745,3547,31.4381
2983,3893,3227,31.4383
1780,4649,4422,31.4729
3018,4341,2762,31.5052
5255,4084,1637,31.8193
2692,3903,3662,31.8892
3158,4561,2522,31.8895
2739,4147,3326,31.8898
3179,3928,3070,31.89
2509,3817,4031,31.9667
2435,4089,3826,31.9672
3004,4507,2810,31.9676
2585,4093,3614,31.9678
3609,2881,3656,32.5283
3324,2878,4079,32.5287
2897,2765,5005,32.5289
2898,3001,4563,32.5291
3608,2645,4098,32.5293
2620,4927,2906,32.6424
3124,4704,2496,32.6751
3073,4883,2520,32.6754
2979,4967,2556,32.7671
3862,4793,1745,33.4522
3949,2523,3864,33.4528
3523,2646,4348,33.4537
2527,3550,4517,33.5426
3795,2469,4152,33.5653
3351,2747,4353,33.5659
3944,2344,4240,33.5662
3228,4932,2291,33.6484
3367,5117,2161,33.9674
3084,3242,3792,34.6517
2658,3365,4276,34.6524
3525,2631,4339,34.6688
2204,3904,4503,34.6693
2974,2840,4577,34.6695
3277,3358,3486,34.67
3413,4208,2544,34.7435
3413,4659,2221,34.7439
2666,3126,4759,34.7442
2976,3219,4135,34.8284
2691,3216,4558,34.8292
2512,3072,5047,34.8296
3259,4605,2509,34.8299
3078,3221,3992,34.8489
2096,3881,4846,34.8496
1929,4184,4852,34.8498
2809,3854,3563,34.8846
2137,4099,4487,34.9118
2446,3829,4112,34.9127
2919,4793,2800,35.0221
1913,4194,4920,35.0755
3014,3888,3163,36.1854
3426,3945,2675,36.186
3105,4002,3000,36.1862
2967,3644,3499,36.1865
1917,4159,4918,36.6187
2420,3271,5037,36.6478
2000,3936,4896,36.6484
4514,5097,1379,37.3737
3797,4258,2059,38.1817
4599,2862,2725,38.1821
4508,2748,2888,38.1823
4511,2506,3200,38.1825
4232,3867,2002,38.2026
4397,3709,2044,38.2031
4148,2805,3144,38.2033
4584,3009,2576,38.2036
3796,3663,2570,38.2039
3545,3839,2627,38.2043
4417,2877,2831,38.2045
4008,2801,3269,38.2843
4444,3005,2701,38.2845
4609,2847,2743,38.2847
4707,3035,2574,38.2849
3756,4430,2011,38.2949
3946,4815,1719,38.2955
4209,4265,1846,38.2957
3320,4226,2579,38.2959
3504,4011,2579,38.3154
3755,3835,2522,38.316
4543,3181,2528,38.3163
3578,3739,2784,38.3166
4315,2985,2838,38.4009
4480,2827,2880,38.4014
2804,3944,3310,38.6363
3339,4100,2592,38.6368
3342,3353,3287,38.6569
3709,3961,2405,38.6575
5747,4003,1618,39.0355
5366,3870,1750,39.06
5108,3998,1758,39.0606
3797,4188,2159,39.0735
3338,4308,2460,39.074
3625,4812,1959,39.1017
3596,3821,2665,39.1023
3156,4040,2921,39.1025
3522,4093,2460,39.1028
3213,4755,2447,39.1037
3035,4068,3052,39.1039
3378,4565,2301,39.199
3297,4480,2412,39.1997
3122,4569,2557,39.223
2458,3523,4646,39.7024
2654,5139,2883,39.7903
3896,5005,1722,40.4688
3078,5015,2473,40.5388
2574,5038,3050,40.5462
3401,5329,2138,40.8852
3361,5123,2176,41.1796
3337,3341,3486,41.4721
3275,2941,4202,41.4729
2839,3508,4013,41.4733
2413,3631,4497,41.4737
3144,2472,5257,41.4804
1894,4144,4948,41.5151
1727,4447,4954,41.5154
3088,4831,2548,41.605
3573,2892,3716,41.6249
3147,3015,4200,41.6257
3499,3164,3511,41.6261
3547,3716,2862,41.6264
3036,2449,5600,41.8495
2655,3556,4106,41.9299
2731,3832,3689,41.9517
1851,3822,5565,42.0741
2663,3317,4589,42.1102
2509,3263,4877,42.243
4484,2783,2966,43.2387
3231,3189,3753,43.2495
4036,2654,3444,43.2498
2983,4708,2709,43.3812
3492,3927,2675,43.3818
3936,3946,2260,43.399
3073,4142,2847,43.407
2717,3517,4142,43.5915
2501,3063,5194,43.8684
3069,5311,2440,44.131
2995,2615,5132,44.3579
4053,4813,1725,45.0656
4316,4263,1852,45.0663
3837,4903,1788,45.0665
4062,4019,2091,45.0944
4478,4944,1410,45.2101
4836,4542,1494,45.2103
4357,5182,1430,45.2105
3419,4393,2349,45.4084
3040,3456,3669,45.4911
2696,3921,3653,45.4917
3480,3237,3413,45.4922
2698,4319,3278,45.5511
2294,3635,4822,45.8882
3061,3450,3690,45.9129
2635,3573,4174,45.9135
3705,2589,4044,46.4239
2297,3217,5681,46.4369
3077,5169,2489,46.5457
3112,5227,2450,46.7496
4428,5134,1413,47.0769
2546,3367,4499,47.459
2910,2844,4731,47.4595
3048,3520,3598,47.4598
2622,3643,4082,47.46
2972,3244,4015,47.4602
3092,3003,4275,47.5329
2438,3344,4842,47.6663
2938,2949,4563,47.6669
2802,2821,5074,47.6671
2864,3221,4358,47.6675
3123,5283,2420,49.4718
4621,5062,1371,49.4865
2603,3732,4085,50.6708
2632,3764,4004,50.7046
4547,4092,1825,51.0926
4297,4402,1688,51.1175
3728,5173,1760,51.4282
2490,3509,4590,51.8837
3493,3107,3531,51.9783
3067,3230,4015,51.9792
3339,3053,3819,52.1426
2767,3492,4141,52.1432
2543,3558,4329,52.269
2212,4439,3940,52.2762
2560,4302,3473,52.2932
3804,4400,2015,53.1448
3849,4397,2033,53.1628
3758,4283,2196,53.1636
3080,3870,3163,53.1709
3245,4341,2573,53.1852
2517,4679,3217,53.2107
2005,5474,3757,53.7005
5275,2811,2648,53.9223
5756,2950,2461,53.9228
5028,3769,1924,53.9406
5318,4383,1427,53.9855
4832,3379,2262,54.4047
3049,2379,5692,55.1638
3751,1826,5896,55.1865
4177,1703,5412,55.1873
4331,4614,1665,55.2261
1601,5464,4521,56.9518
1867,4302,4804,56.9753
5205,4245,1545,57.309
4584,4619,1562,57.3377
3948,4313,1958,58.34
3969,2825,3357,58.499
3796,3277,2869,58.4995
4272,4512,1731,58.6346
5301,2864,2554,58.8553
5596,2673,2730,58.8692
4620,4632,1557,58.9164
4792,4791,1373,58.9419
4988,4397,1521,58.9432
3008,4348,2834,58.9684
4005,4012,2132,58.9794
3479,4213,2409,58.9927
4487,4154,1862,59.0739
5007,4433,1504,59.4852
3475,3849,2796,59.5695
3447,4125,2564,59.57
2699,4260,3346,59.5966
1982,4386,4320,59.6819
2326,3921,4336,59.6825
2421,5300,3184,60.5577
3366,4959,2259,61.3262
4053,3849,2222,61.9394
3774,4301,2047,61.9401
3750,4428,2035,61.9458
2415,4086,3894,62.0628
2968,2694,5226,62.1393
2904,2969,4648,62.14
2003,3745,5066,62.1569
2423,3080,5207,62.1575
2497,3867,4087,62.4916
1941,4404,4457,62.4925
3223,2228,5534,62.5413
3500,2215,5103,62.5596
1626,5370,4436,62.5836
1761,4526,4701,62.6333
2254,3297,5509,62.634
3171,2279,5766,62.6397
3157,2375,5538,62.6405
2335,3089,5666,63.2153
4568,5069,1359,63.6562
2423,4036,3987,64.1406
3169,3668,3263,64.1545
2710,4333,3249,64.1769
2976,4689,2770,64.2878
2477,3802,4168,64.4927
2646,3988,3690,64.4995
2155,4126,4294,64.5026
2565,3514,4306,64.5141
3137,3075,3984,64.5148
3251,3100,3744,64.515
2221,3979,4290,64.5152
2757,3611,3751,64.5249
2848,3725,3588,64.5256
3285,3290,3554,64.5259
3192,3260,3604,64.5261
3279,2896,4105,64.5264
2929,3810,3477,64.5266
2266,4135,3962,64.5268
2279,3742,4742,64.5751
3246,3028,4076,64.5965
3526,3305,3194,64.8126
4508,2991,2668,64.8339
4730,2957,2573,64.8345
4036,3877,2219,64.8351
4508,2733,2993,64.8477
3981,4043,2059,64.8484
4055,3771,2264,64.8487
2932,3777,3466,65.461
4800,3529,2082,65.5291
4542,3657,2090,65.5298
2967,4520,2786,65.5992
1802,4508,4564,65.6469
2716,4844,2960,65.6927
3443,3867,2766,65.7178
4014,4772,1727,66.57
4068,4744,1707,66.6501
3948,4864,1682,69.7115
3876,4730,1834,69.884
4396,5009,1476,70.4857
3395,5335,2153,71.0278
3812,5228,1748,71.0602
4308,1604,5725,71.7303
3914,3481,2686,71.8484
3226,2037,5704,72.2844
3694,2004,5042,72.2851
2504,2872,5364,72.4197
2568,2597,5942,72.4203
2739,2820,5136,72.4206
2889,2367,6042,72.4208
2803,2545,5714,72.4214
2148,3262,5801,72.4678
3355,2805,4201,72.6773
3219,2677,4712,72.678
1739,4667,4559,72.7159
2241,3367,5417,72.8247
2322,3159,5574,73.3404
5277,3980,1749,73.7571
3922,2771,3550,74.3311
2376,3200,5269,74.398
2812,2633,5458,74.3987
2748,2908,4880,74.3989
2145,3778,4697,74.3992
2597,3478,4268,74.3994
2078,4085,4519,74.3999
2948,2761,4947,74.4001
3233,2764,4524,74.4003
2145,4280,4128,74.4213
3352,3485,3163,74.8428
2915,3920,3197,74.8434
2335,4004,4050,74.8505
2907,3565,3728,74.851
2679,3539,4066,74.8513
2313,4379,3626,74.8639
2870,3837,3415,74.8944
2379,4361,3626,74.8953
2459,3620,4498,74.926
2518,4601,3203,75.1811
2862,4136,3219,75.1818
4034,3069,2846,75.3109
3796,3582,2639,75.3117
3869,3227,2804,75.3119
4553,2721,3008,75.3122
3966,3125,2780,75.3217
3468,3292,3307,75.3224
3544,3568,2890,75.3228
4232,2913,2965,75.3232
4477,2501,3232,75.3309
4214,2471,3359,75.3315
4734,2287,3328,75.3389
4308,3108,2620,75.3825
4143,3266,2578,75.3831
4171,2990,2810,75.3834
4086,2884,3040,75.3974
4428,2948,2808,75.398
4425,3190,2496,75.3983
3961,3505,2612,75.4085
4341,2601,3248,75.42
4138,3329,2656,75.4206
4779,2264,3238,75.4519
5001,2230,3143,75.4526
4586,2698,2964,75.4529
4614,2422,3196,75.4532
4854,2046,3588,75.4644
4017,2936,3098,75.5135
3932,2830,3328,75.5283
4173,2643,3311,75.6027
3940,4215,2011,75.6638
4573,2594,3148,75.6723
4633,1549,4819,75.6889
4753,1645,4344,75.7035
4754,1881,3902,75.704
3537,3439,3094,76.3799
3193,3904,3078,76.3805
3728,4060,2360,76.3808
3090,3427,3597,76.3915
3269,4180,2661,76.4131
3613,3715,2677,76.4138
2771,4347,3188,76.414
2481,4188,3657,76.4413
2979,4021,3130,76.4422
3450,3886,2705,76.4732
4746,2036,3842,76.4994
3813,4093,2313,76.5809
2440,4360,3609,76.6323
3842,4613,1911,77.4818
3291,4064,2796,77.5207
4608,1923,4110,77.64
2725,3953,3572,77.8511
2506,4003,3868,79.7137
3282,4904,2271,81.8439
2971,2583,5348,82.8487
3102,3706,3359,84.0937
3004,3786,3356,84.1024
3373,2979,3929,84.107
3275,3059,3926,84.1154
3058,3758,3336,84.1275
2604,3689,4072,84.1926
3127,4114,2827,84.357
3593,1869,5830,84.7192
4378,1553,5509,84.7352
3405,4802,2270,85.26
2008,4599,4066,85.3549
3059,2340,5710,85.7674
1475,5412,4704,85.8026
1450,5506,4789,85.8127
1586,4874,4793,86.0408
4470,2823,2934,86.2743
3793,2862,3326,86.2901
3884,2976,3163,86.2907
3566,2833,3799,86.2911
3456,3020,3767,86.3009
2356,3910,4185,86.8009
2928,3471,3863,86.8025
2792,3343,4374,86.8028
2154,4173,4287,86.8161
2379,4890,3301,86.8584
2967,4074,3114,86.859
2423,4105,3794,86.865
4245,2608,3353,87.0521
4482,2468,3319,87.1021
4687,1914,3843,87.1127
4409,2602,3226,87.1133
3941,2550,3853,87.1747
4799,1538,4654,87.224
4356,2138,3839,87.2247
4800,1774,4212,87.225
4106,2448,3702,87.2252
4533,1860,4131,87.2365
3755,3754,2591,87.2437
3828,3399,2756,87.2441
4130,3162,2762,87.2752
4409,1670,4753,87.4139
4525,1526,5162,87.4141
4600,1827,4190,87.4274
3520,2926,3943,87.4591
5434,2963,2550,88.1162
3389,3597,2951,88.143
2833,3976,3229,88.1565
2792,4148,3181,88.2279
3847,3685,2518,88.4222
4025,2020,4711,90.6084
3832,1828,5584,90.8277
4193,1744,4964,90.8283
3767,1867,5448,90.8285
3871,1966,4999,90.8429
3414,3005,3882,93.715
3362,2165,5193,93.7493
4059,1720,5583,93.7499
3036,2345,5697,93.9274
2715,2575,5597,93.9283
2937,2525,5414,93.9286
2070,5160,3676,94.626
1895,5302,3943,94.6268
2307,3178,5699,94.8661
1648,5435,4403,95.0571
1623,5529,4488,95.0835
1714,4509,5038,95.1154
3091,2495,5467,95.41
3435,3244,3531,95.5857
4037,2827,3158,95.7563
4125,2849,3093,95.7656
4568,2281,3479,95.7798
4732,1887,3963,95.7804
4733,2123,3521,95.7806
4567,2045,3921,95.7809
3789,3346,2796,95.819
3992,2744,3376,95.8194
3989,2986,3064,95.8197
3597,2881,3754,95.8289
4095,2714,3227,95.8295
4688,2040,3739,95.8512
4687,1804,4181,95.852
3663,3016,3316,95.8985
3941,2660,3515,95.9085
3443,2827,4042,95.9094
4234,1883,4520,96.0639
4235,2119,4078,96.0646
4398,1664,4939,96.0651
4811,2017,3811,96.0654
5247,2221,3243,96.0843
3748,2708,3860,96.1298
3542,2865,3947,96.2912
3377,3023,3905,96.2921
4615,1579,5018,96.528
3163,4397,2605,97.2958
2746,4504,3010,97.3253
3217,4369,2585,97.3755
2592,4450,3298,97.5266
3215,2619,4864,99.5409
3299,4313,2553,101.775
4298,2980,2920,101.866
3910,1845,5495,101.989
3828,1817,5602,102.055
3507,2047,5502,102.055
3443,2322,4924,102.056
4055,1727,5804,102.1
3487,2285,5011,102.414
3157,2402,5349,105.903
4052,2313,4042,105.916
4051,2077,4484,105.918
4984,1347,5199,107.764
3484,3449,3215,109.389
2762,3488,4201,110.976
2829,2973,4859,112.657
2800,2707,5144,112.676
3121,2477,5244,112.677
2726,2890,5044,113.201
4565,3115,2531,114.821
4639,2843,2736,114.822
4482,3557,2139,114.835
4118,4161,1869,114.845
4587,4094,1752,114.845
4324,4644,1625,114.846
4146,3885,2101,114.846
4279,1966,4302,114.957
4280,2202,3860,114.958
4716,2406,3292,114.98
5329,1543,4077,115.001
5394,1504,4213,115.001
4853,1701,4185,115.009
3563,2770,3980,115.074
4145,1790,4944,115.109
4180,1885,4649,115.117
4664,1552,4768,115.133
4699,1647,4473,115.141
2877,4260,3058,115.721
4897,3884,1840,115.798
4537,3499,2209,115.809
2836,4432,3010,115.906
3747,4078,2329,115.944
5909,3900,1725,117.035
5463,4225,1508,117.06
5218,1799,3771,117.307
4276,4258,1857,117.415
3605,2109,5141,119.691
3497,2086,5484,121.071
4016,1848,5308,121.088
3090,2805,4686,122.766
3592,2179,5049,122.831
2692,2684,5487,123.271
3013,2454,5587,123.271
4406,1641,5099,124.071
5192,1299,4914,124.071
3887,1879,5275,124.086
4673,1537,5090,124.086
3516,3434,3166,124.379
3411,2666,4279,124.514
3424,2596,4371,124.528
2704,2725,5431,124.601
2926,2517,5743,125.28
5319,3523,2029,126.034
4632,5005,1330,126.05
4713,5027,1313,126.114
4661,5090,1313,126.18
4848,3896,1884,126.593
3857,3817,2394,126.835
4397,3628,2113,127.555
4571,3219,2421,127.562
4686,3564,2104,127.563
4305,3431,2236,127.563
4308,3189,2548,127.563
4840,3060,2499,127.579
4484,2597,3191,127.585
3360,3227,3594,127.596
4217,2994,2783,127.612
4623,3093,2571,127.613
4434,3020,2683,127.613
4335,2596,3294,127.624
4602,2620,3037,127.625
4540,3535,2179,127.642
4152,4485,1809,127.653
4415,3935,1936,127.654
3962,4100,2101,127.654
3682,3957,2437,127.666
4517,2563,3180,127.672
4389,3153,2599,127.68
4421,3940,1890,127.693
4306,3595,2207,127.694
4158,4490,1763,127.694
4027,4047,2032,127.694
3265,4064,2842,127.707
3981,2954,3239,127.749
4574,1917,4129,127.75
4836,2388,3101,127.755
4864,2112,3333,127.755
4910,2116,3306,127.755
5028,1718,3817,127.764
5093,1679,3953,127.767
4500,2716,3063,127.767
4778,2028,3680,127.767
4753,2830,2709,127.771
3980,3382,2679,127.814
4191,2296,3797,127.907
4355,1902,4281,127.916
4105,2212,4144,127.917
4710,2058,3621,127.921
4874,1664,4105,127.93
4077,4333,1821,128.052
4283,4602,1698,128.129
3857,4199,2121,128.157
3792,4252,2190,128.425
4871,3772,1904,128.664
5406,3401,2167,128.686
4803,4881,1340,128.724
4981,4276,1604,128.77
4872,3936,1875,128.807
5153,4435,1420,128.821
4890,4985,1293,128.822
3253,4437,2568,128.883
3922,3408,2645,128.896
3138,4092,2885,128.897
3482,3627,2901,128.898
3435,3383,3237,128.912
2784,4230,3108,128.933
3224,4011,2852,128.934
3144,3863,3172,128.934
2291,4737,3567,128.94
2444,4530,3333,128.941
2397,4286,3669,128.966
3255,4095,2683,128.999
3695,3876,2427,129
3208,3851,3019,129.025
5066,3317,2267,129.07
3425,3152,3609,129.103
2743,4402,3060,129.331
3183,4183,2804,129.332
2250,4909,3519,129.338
2403,4702,3285,129.339
3654,4048,2379,129.384
2461,4326,3644,129.97
2414,4082,3980,129.988
5632,3658,1935,130.512
3740,4296,2159,130.681
3659,4211,2270,130.682
3247,4154,2758,130.682
3794,4268,2139,130.912
3713,4183,2250,130.913
4102,4143,2018,130.977
4971,5007,1276,132.784
2861,3602,3892,133.204
4258,4736,1580,134.499
4260,4708,1654,134.826
4206,4736,1674,134.854
2787,3485,4124,136.364
2851,3481,3970,136.388
2748,4312,3313,136.959
2797,2898,4974,137.75
3689,2460,4462,138.47
2650,3322,4533,138.802
3389,2554,4452,138.813
3787,2707,3736,138.813
3453,2279,5030,138.814
3985,1971,4946,138.825
3800,2637,3828,138.835
3466,2209,5122,138.835
3402,2484,4544,138.835
2718,3184,4598,139.062
2740,3296,4425,139.346
2753,3226,4517,139.361
3386,2745,4282,139.549
3399,2675,4374,139.593
3095,3567,3389,141.324
5147,3364,2213,141.402
3247,3223,3691,141.426
2962,3220,4114,141.426
2795,3523,4120,141.427
3269,3335,3518,141.487
3029,3415,3723,141.495
3410,4223,2480,141.63
3153,3906,3111,141.637
3055,4194,2811,142.142
3008,3950,3147,142.149
3252,3646,3224,142.803
3871,2749,3558,142.809
3013,3623,3421,142.81
3872,2985,3116,142.81
4213,2235,3801,142.84
3526,3896,2669,142.905
3871,3986,2264,142.946
3591,3843,2600,142.96
4680,2907,2704,142.987
4771,3021,2541,142.999
4688,3463,2149,143.026
3174,3950,3005,143.04
4863,1876,3775,143.135
4660,2426,3169,143.143
5308,2082,3296,143.156
5042,2294,3111,143.156
3662,2780,3758,143.221
4190,2060,4239,143.384
4255,2021,4375,143.385
4709,1822,4063,143.423
4774,1783,4199,143.423
3211,3818,3176,143.472
2972,3795,3373,143.478
3921,4272,2053,143.568
3986,4219,1984,143.683
4455,4152,1867,143.685
4647,3635,2101,143.697
4844,1759,4181,143.829
4845,1995,3739,143.83
5420,1657,3914,143.83
4171,1943,4645,144.032
5580,2992,2475,145.063
4969,5035,1202,145.124
4987,4281,1558,145.237
5082,4429,1515,145.238
3045,4062,2935,145.313
3485,3843,2679,145.314
2705,4362,3160,145.323
2998,3818,3271,145.329
2832,3740,3671,145.338
3503,4150,2502,146.306
3237,4125,2810,146.383
3649,4182,2322,146.384
3703,4154,2302,146.755
3410,3246,3466,148.378
3552,2577,4227,148.438
3812,2376,4143,148.444
2864,3411,4062,148.501
2698,3333,4462,148.506
2390,5484,3230,149.271
2543,5277,2996,149.271
4092,4582,1718,150.247
3870,2431,4086,150.617
3443,2318,5012,150.618
3869,2195,4528,150.618
2871,3195,4172,152.443
3232,3474,3332,152.444
3156,3198,3749,152.444
2947,3471,3755,152.445
3539,2647,4135,152.483
3373,2569,4535,152.489
3799,2446,4051,152.489
3497,3362,3265,152.619
3643,3997,2517,152.737
2806,3398,4188,152.752
2795,3083,4741,152.753
2652,3344,4476,152.886
3857,2501,3994,152.92
3669,4343,2146,154.611
2275,3818,4551,154.915
2264,3503,5104,154.916
2731,3114,4690,155.19
2728,3305,4520,155.635
3028,3372,3780,157.154
2975,3150,4206,157.243
3665,3975,2478,157.458
2885,3940,3304,157.812
2838,3696,3640,157.835
3039,3536,3645,158.009
4951,2180,3274,158.388
3497,2938,3716,158.448
3940,2370,4102,158.564
3830,4158,2216,158.683
4941,4277,1585,160.056
3000,3979,3153,160.375
2953,3735,3489,160.429
2960,3401,3847,162.273
3245,3404,3424,162.274
3385,3042,3805,162.274
3551,2341,4669,162.337
3977,2218,4185,162.338
3571,2219,5023,163.718
4057,2049,4649,163.719
3365,3163,3684,163.867
3643,2189,4760,164.06
4194,1980,4522,164.061
4713,1742,4346,164.077
4162,1951,4584,164.078
2852,3378,4190,164.204
3783,2705,3854,166.634
3311,2948,3987,166.646
2281,3705,4730,166.647
2875,3515,3798,166.647
1972,3975,5105,166.674
2624,3239,4644,166.685
2457,3542,4650,166.686
3538,2411,4577,166.71
3964,2288,4093,166.711
1637,4309,5635,166.815
3352,3233,3592,166.957
3520,3056,3581,167.151
2763,3172,4515,167.161
2839,3448,4098,167.171
2516,3216,4987,167.268
4181,2050,4430,167.316
3630,2259,4668,167.317
3453,4058,2584,169.007
3507,4030,2564,169.076
4059,4834,1712,169.305
3723,4315,2126,169.318
3566,4284,2248,169.347
3154,4227,2736,169.423
2288,3748,4643,169.635
2878,2780,5109,169.901
2285,3939,4473,170.305
2735,2978,4788,171.457
2984,3332,3941,171.545
3095,3927,3124,171.552
4606,3179,2499,171.826
4523,3621,2107,171.842
4877,2452,3069,171.906
2905,3600,3764,171.958
2568,4544,3327,172.733
3007,4336,2837,173.174
2966,4508,2789,173.71
3704,2353,4486,175.198
3072,4871,2523,175.644
3276,2957,4009,177.231
3122,2903,4297,177.37
3488,2928,3907,177.397
3691,2423,4394,177.454
3620,4256,2228,179.02
3560,2465,4410,179.352
3573,2395,4502,179.387
4061,1836,5168,179.574
3529,2144,5252,179.585
3542,2074,5344,179.597
4466,4851,1468,180.743
3418,3134,3649,181.128
3020,2981,4365,181.129
2717,3339,4375,181.163
2764,4288,3313,181.422
3101,4112,2929,181.428
2629,3997,3682,181.655
2707,3335,4427,181.673
3166,3703,3180,182.841
2822,4168,3164,182.841
3125,3875,3132,183.071
3122,4681,2520,183.861
2986,2775,4808,186.944
3599,2541,4240,188.426
3624,2190,4988,188.43
4059,1830,5245,188.473
3995,2105,4667,188.474
3612,2471,4332,188.486
3637,2120,5080,188.489
3540,2068,5421,188.499
3476,2343,4843,188.5
3033,2911,4457,190.323
3431,3064,3741,190.324
3017,3172,4195,190.832
3030,3102,4287,190.862
5562,2893,2530,192.005
5751,3239,2261,192.012
5935,3219,2225,192.012
3722,4685,2015,193.472
3668,4713,2035,193.485
2793,3540,3968,196.341
3374,3152,3643,196.545
4634,1785,4377,196.744
4628,1685,4601,196.769
5147,1447,4425,196.838
4474,1631,4889,197.085
4993,1393,4713,197.115
3162,3879,3123,198.295
2516,4174,3715,199.65
4118,2044,4543,200.858
3692,2167,5027,200.859
3714,4717,2008,201.621
3116,2550,5134,203.141
2994,3757,3408,204.111
3265,3030,3978,204.132
3095,3973,3052,204.139
3048,3729,3388,204.145
4057,1783,5409,204.568
2185,3412,5502,205.113
3297,3997,2816,206.3
4229,3155,2653,206.854
4423,3534,2231,206.858
5204,3036,2515,206.888
4059,3307,2742,207.48
5745,2834,2517,207.629
3244,3725,3054,207.689
2746,3892,3581,207.694
2229,4594,3654,207.715
3583,4031,2510,207.723
2182,4350,3990,207.747
3699,2855,3753,208.069
1674,5100,4320,208.189
1943,5032,3827,208.327
3768,4020,2391,209.568
3657,4150,2329,209.969
3487,4865,2120,210.572
2606,5170,3011,212.158
2083,5607,3538,212.529
2565,5342,2963,212.537
3350,3030,3977,214.234
2325,3925,4318,214.597
5000,1320,5284,215.907
3009,3087,4356,216.064
2338,3717,4502,216.132
1901,5256,3906,217.227
1876,5350,3991,217.292
3137,2439,5559,217.4
2741,2875,5132,217.408
2605,2747,5643,217.415
1627,4333,5688,218.259
2215,4473,3802,218.299
2196,3573,5183,218.466
2484,4046,3791,218.572
2273,4812,3524,218.78
2477,4239,3684,219.179
2249,3775,4651,219.256
2935,3361,4089,219.26
4926,3446,2171,219.761
5179,2493,2849,219.81
5014,2651,2807,219.82
2768,3889,3642,219.838
3825,3982,2291,219.953
4375,4516,1663,220.063
3889,2604,3844,220.188
5138,2665,2801,220.769
4599,3182,2502,221.587
5119,3461,2144,222.45
5492,3787,1839,222.455
2466,4595,3300,222.883
2419,4351,3636,222.913
2425,4767,3252,223.321
3876,2126,4663,225.629
3094,2798,4465,228.667
2849,3064,4686,228.749
3925,2596,3855,228.782
3067,2906,4545,229.334
3389,3778,2859,234.071
3463,3506,3064,234.08
4409,3054,2763,234.093
4432,2472,3305,234.104
4234,2403,3568,234.105
4483,2782,2968,234.11
4613,4000,1870,234.226
2737,3891,3674,234.396
3235,3724,3147,234.403
3309,3452,3352,234.411
4080,2349,3856,234.44
3348,3950,2811,234.705
4757,4877,1367,236.161
4941,4857,1331,236.28
4678,4827,1458,236.281
3071,3962,3143,236.42
5484,3973,1745,237.196
5842,4151,1575,237.197
3997,2096,4539,240.676
3861,1968,5050,240.684
3843,2042,4827,241.042
3707,1914,5338,241.05
3373,3348,3271,242.944
3084,2702,4856,244.823
2948,2574,5367,244.839
3269,3259,3561,246.75
3258,2944,4114,246.75
2417,3851,4182,246.771
3790,2681,3769,247.225
4233,2113,4155,247.38
4752,1765,4317,247.396
4752,1875,3979,247.42
4843,1989,3816,247.429
3636,2627,4057,247.483
4079,2059,4443,247.585
4598,1821,4267,247.622
5179,4341,1538,248.651
5710,3977,1710,248.683
3447,4117,2581,249.062
3328,2738,4372,251.836
3192,2610,4883,251.845
3282,3189,3653,254.732
3146,3061,4164,254.739
2710,3628,3975,254.746
3373,3303,3490,254.753
2746,3335,4393,256.664
3182,2768,4582,256.673
3409,3010,3908,256.688
3625,2200,4968,256.739
5299,4455,1415,265.875
5036,5005,1288,265.882
4067,2990,2995,271.178
4141,2718,3200,271.195
3984,3432,2603,271.213
4563,2567,3153,271.271
4909,1880,3748,271.385
3913,2936,3283,271.42
3987,2664,3488,271.433
3672,2450,4492,271.531
4236,2064,4212,271.534
4755,1826,4036,271.55
2829,3632,3749,271.954
2485,4097,3733,271.957
2857,3428,4110,272.016
3447,3224,3482,273.19
4014,2088,4654,274.16
2549,3539,4425,276.806
3469,3214,3484,280.353
3543,2942,3689,280.368
4046,4578,1745,284.521
3614,2229,4970,284.818
3737,2427,4367,286.161
2959,4659,2807,292.092
3000,4475,2829,294.375
4360,3063,2698,295.976
3940,4327,1974,295.995
4277,3505,2306,296.004
4375,3936,1917,296.036
4112,4486,1790,296.043
2698,4827,2980,297.146
2871,3557,3954,300.297
2299,3996,4276,300.321
5752,3278,2238,301.577
5564,4062,1631,302.08
