obj0,obj1,obj2,obj3,cpu
29767,45777,26740,20434,3.88388
31518,43382,28411,19999,3.92667
30260,46706,25050,22719,4.06735
42656,27761,25516,25847,4.33673
40773,28300,26643,25350,4.35681
38445,27055,24928,25932,4.41915
36654,26462,25188,26422,4.42901
36562,27594,26055,25435,4.43844
32091,40911,27368,20430,4.57748
28457,43845,26824,20368,4.58534
30208,41450,28495,19933,4.6266
27838,44080,28703,20431,4.63428
32584,41840,25678,22715,4.75615
28950,44774,25134,22653,4.76319
30500,45378,25924,22620,5.2642
29844,37842,26857,20551,5.26898
26210,40776,26313,20489,5.2771
25683,39879,27325,21539,5.303
27961,38381,27984,20054,5.32066
25591,41011,28192,20552,5.32825
29281,42179,24526,26071,5.43289
27567,40498,25904,25182,5.44562
30337,38771,25167,22836,5.45049
26703,41705,24623,22774,5.45796
24989,40024,26001,21885,5.47122
26176,40808,25635,23824,5.48361
24462,39127,27013,22935,5.49611
26740,37629,27672,21450,5.51307
24370,40259,27880,21948,5.52032
36160,27453,25383,26795,5.80671
34369,26860,25643,27285,5.81743
35258,31465,26977,20801,6.78642
31624,34399,26433,20739,6.79652
33467,30872,27237,21291,6.82105
33375,32004,28104,20304,6.85459
35751,32394,25287,23086,7.01717
32117,35328,24743,23024,7.02666
34037,30713,26665,22197,7.03403
30403,33647,26121,22135,7.0439
33960,31801,25547,23576,7.051
32246,30120,26925,22687,7.06787
33868,32933,26414,22589,7.08483
36549,31765,26058,23450,7.23465
34758,31172,26318,23940,7.24143
35328,31013,25746,24846,7.28958
33537,30420,26006,25336,7.29651
37484,29480,27424,23569,7.3724
35693,28887,27684,24059,7.38821
36263,28728,27112,24965,7.48161
34380,29267,28239,24468,7.51339
33921,31081,27142,20753,7.61464
30287,34015,26598,20691,7.62429
32130,30488,27402,21243,7.64866
29760,33118,27610,21741,7.65823
32038,31620,28269,20256,7.68195
29668,34250,28477,20754,7.69133
34414,32010,25452,23038,7.82798
30780,34944,24908,22976,7.83761
32700,30329,26830,22149,7.84472
29066,33263,26286,22087,7.8543
32623,31417,25712,23528,7.86152
30253,34047,25920,24026,7.87098
30909,29736,27090,22639,7.87802
28539,32366,27298,23137,7.88788
31623,30936,26784,20908,8.31257
27989,33870,26240,20846,8.32273
29832,30343,27044,21398,8.34713
27462,32973,27252,21896,8.35655
29740,31475,27911,20411,8.38048
27370,34105,28119,20909,8.38955
31060,35273,24453,26428,8.49888
29346,33592,25831,25539,8.51668
32116,31865,25094,23193,8.52436
28482,34799,24550,23131,8.53395
30402,30184,26472,22304,8.54142
26768,33118,25928,22242,8.55136
30325,31272,25354,23683,8.55854
27955,33902,25562,24181,8.56814
28611,29591,26732,22794,8.57555
26241,32221,26940,23292,8.58538
30233,32404,26221,22696,8.59236
28519,30723,27599,21807,8.60911
26149,33353,27807,22305,8.6187
32187,28533,27827,26318,8.92492
25528,40597,28663,21013,10.9021
27274,35583,28689,21392,10.9098
25001,39700,29675,22063,10.9516
27279,38202,30334,20578,10.9839
29025,33188,30360,20957,10.99
24909,40832,30542,21076,10.9964
26655,35818,30568,21455,11.0042
24307,39845,28351,22409,11.1169
26053,34831,28377,22788,11.1247
27896,31304,29181,23340,11.1619
23780,38948,29363,23459,11.1678
25526,33934,29389,23838,11.176
26058,37450,30022,21974,11.2056
27804,32436,30048,22353,11.2116
23688,40080,30230,22472,11.2174
25434,35066,30256,22851,11.2252
34880,30889,25543,25581,11.9573
36723,27362,26347,26133,12.0085
34541,29035,28531,25166,12.0383
36631,28494,27214,25146,12.0731
37754,37662,24039,32038,12.1406
33346,47018,24362,28418,12.1435
35176,37188,24136,28741,12.1477
31694,33947,25202,24784,12.2062
39022,30695,24972,25785,12.2454
37389,30463,24287,29167,12.2773
34811,29989,24384,25870,12.2952
34284,29092,25396,26920,12.3134
34192,30224,26263,25933,12.3293
34425,29403,29008,23722,12.4256
37177,27571,26252,25595,12.543
33543,30505,25708,25533,12.5641
34995,29244,28436,24628,12.5766
35386,26978,26512,26085,12.615
33204,28651,28696,25118,12.6446
35294,28110,27379,25098,12.6789
32127,29258,28650,23877,12.8921
34879,27426,25894,25750,13.0309
31245,30360,25350,25688,13.0518
32697,29099,28078,24783,13.0681
33088,26833,26154,26240,13.1112
30718,29463,26362,26738,13.1324
30906,28506,28338,25273,13.1454
32996,27965,27021,25253,13.1838
32526,30387,24839,26733,13.3971
31999,29490,25851,27783,13.4146
35730,33598,25350,23100,13.7907
35727,33770,25359,23102,13.7916
32084,37220,24842,23046,13.7945
32081,37392,24851,23048,13.7963
36248,29588,27157,24975,13.854
36618,28526,25296,26446,13.8562
36615,28698,25305,26448,13.8571
34272,29780,25432,26928,13.8577
34269,29952,25441,26930,13.8594
32020,32652,28323,20268,13.8864
32017,32824,28332,20270,13.8873
29665,34422,28486,20756,13.8933
27962,35418,26321,20864,13.9679
27959,35590,26330,20866,13.9695
27268,35927,28707,21396,13.9702
27265,36099,28716,21398,13.9734
27355,34965,28164,20919,13.9971
27352,35137,28173,20921,13.9987
26649,36162,30586,21459,13.9993
26646,36334,30595,21461,14.0023
31030,36993,24543,26448,14.0052
28452,36519,24640,23151,14.0211
28449,36691,24649,23153,14.0227
25987,38615,28575,22832,14.0372
25984,38787,28584,22834,14.0403
30274,34196,25507,23717,14.041
30271,34368,25516,23719,14.0419
27853,39750,25868,24249,14.047
27850,39922,25877,24251,14.0486
30712,29807,26380,26742,14.0518
28608,29763,26741,22796,14.0525
28605,29935,26750,22798,14.0534
24036,39302,29365,23403,14.0617
24164,39479,29366,23375,14.0633
26214,33769,27021,23310,14.0639
26211,33941,27030,23312,14.0655
28468,33647,27752,21841,14.0789
26053,38857,28095,22369,14.0867
26050,39029,28104,22371,14.0884
31582,36807,26559,20767,14.1514
31579,36979,26568,20769,14.1531
33339,34068,28212,20328,14.1556
33336,34240,28221,20330,14.1566
35736,33254,25332,23096,14.1572
35733,33426,25341,23098,14.1581
32090,36876,24824,23042,14.1606
32087,37048,24833,23044,14.1622
37739,38522,24084,32048,14.184
37736,38694,24093,32050,14.1857
42620,29825,25624,25871,14.197
39019,30867,24981,25787,14.1985
39016,31039,24990,25789,14.2002
35684,29403,27711,24065,14.2031
35681,29575,27720,24067,14.2047
40761,28988,26679,25358,14.2053
40758,29160,26688,25360,14.2062
38421,28431,25000,25948,14.2091
38418,28603,25009,25950,14.21
36251,29416,27148,24973,14.2128
36621,28354,25287,26444,14.215
34281,29264,25405,26922,14.2178
34278,29436,25414,26924,14.2195
32035,31792,28278,20258,14.2437
31984,34716,28431,20292,14.2443
31981,34888,28440,20294,14.2452
30777,35116,24917,22978,14.2599
31587,33000,26892,20932,14.3046
31584,33172,26901,20934,14.3056
27968,35074,26303,20860,14.311
27965,35246,26312,20862,14.3126
27890,39546,26537,20912,14.3132
27887,39718,26546,20914,14.3149
27271,35755,28698,21394,14.3156
27223,38507,28842,21426,14.3193
27220,38679,28851,21428,14.3227
27348,39509,27594,21972,14.3331
27345,39681,27603,21974,14.3348
27407,38379,30335,20550,14.3354
27535,38556,30336,20522,14.3364
29632,37667,28235,20483,14.337
29629,37839,28244,20485,14.3379
29022,33360,30369,20959,14.3385
29019,33532,30378,20961,14.3403
27367,34277,28128,20911,14.3479
27340,35825,28209,20929,14.3485
27337,35997,28218,20931,14.3501
26652,35990,30577,21457,14.3507
31048,35961,24489,26436,14.3587
31045,36133,24498,26438,14.3604
32101,32725,25139,23203,14.3638
32098,32897,25148,23205,14.3647
28473,35315,24577,23137,14.3728
28470,35487,24586,23139,14.3745
30357,32764,26607,22334,14.3805
30354,32936,26616,22336,14.3814
32691,29443,28096,24787,14.3846
26687,37762,26171,22296,14.3899
26684,37934,26180,22298,14.3915
26002,37755,28530,22822,14.3922
25999,37927,28539,22824,14.3954
30295,32992,25444,23703,14.3998
30292,33164,25453,23705,14.4008
27892,37514,25751,24223,14.4058
27889,37686,25760,24225,14.4074
27844,40266,25895,24255,14.4081
27841,40438,25904,24257,14.4098
30715,29635,26371,26740,14.4128
28593,30623,26786,22806,14.4177
28590,30795,26795,22808,14.4186
23908,39125,29364,23431,14.4274
26217,33597,27012,23308,14.4316
25466,37374,29569,23878,14.4404
25463,37546,29578,23880,14.4435
26186,37627,30023,21946,14.4487
28507,31411,27635,21815,14.4493
28504,31583,27644,21817,14.4502
24328,40965,30235,22332,14.4537
26116,35245,27906,22327,14.4559
26113,35417,27915,22329,14.4575
25401,36958,30355,22873,14.4603
25398,37130,30364,22875,14.4636
36136,28829,25455,26811,14.4644
36133,29001,25464,26813,14.4653
32460,34171,25037,26777,14.466
32457,34343,25046,26779,14.4676
32172,29393,27872,26328,14.472
32169,29565,27881,26330,14.4737
31591,36291,26532,20761,14.5274
31588,36463,26541,20763,14.5291
33357,33036,28158,20316,14.5334
33354,33208,28167,20318,14.5344
35742,32910,25314,23092,14.5365
35739,33082,25323,23094,14.5375
35721,34114,25377,23106,14.5392
35718,34286,25386,23108,14.5401
32108,35844,24770,23030,14.5412
32105,36016,24779,23032,14.5429
34028,31229,26692,22203,14.5511
34025,31401,26701,22205,14.552
37751,37834,24048,32040,14.5662
35167,37704,24163,28747,14.5695
35164,37876,24172,28749,14.5712
35325,31185,25755,24848,14.5755
42629,29309,25597,25865,14.5798
42626,29481,25606,25867,14.5808
39001,31899,25035,25799,14.5834
38998,32071,25044,25801,14.5851
35690,29059,27693,24061,14.5894
40770,28472,26652,25352,14.5908
37359,32183,24377,29187,14.593
38427,28087,24982,25944,14.5952
38424,28259,24991,25946,14.5962
38415,28775,25018,25952,14.5968
38412,28947,25027,25954,14.5977
34760,32913,24537,25904,14.5984
34757,33085,24546,25906,14.6001
36257,29072,27130,24969,14.6008
36254,29244,27139,24971,14.6024
36648,26806,25206,26426,14.6032
36645,26978,25215,26428,14.6041
36612,28870,25314,26450,14.6048
36609,29042,25323,26452,14.6057
34275,29608,25423,26926,14.6113
34377,29439,28248,24470,14.6189
30251,36079,26706,20715,14.6236
30248,36251,26715,20717,14.6252
29757,33290,27619,21743,14.6314
32029,32136,28296,20262,14.6338
32026,32308,28305,20264,14.6349
31993,34200,28404,20286,14.6356
31990,34372,28413,20288,14.6366
30774,35288,24926,22980,14.6543
30771,35460,24935,22982,14.6565
29063,33435,26295,22089,14.6669
29060,33607,26304,22091,14.6686
31620,31108,26793,20910,14.6982
31617,31280,26802,20912,14.6993
25656,40774,28664,20985,14.7022
25784,40951,28665,20957,14.7039
27980,34386,26267,20852,14.7047
27977,34558,26276,20854,14.7063
27956,35762,26339,20868,14.7106
27235,37819,28806,21418,14.7193
27232,37991,28815,21420,14.7225
27196,40055,28923,21444,14.7233
27193,40227,28932,21446,14.7265
29823,30859,27071,21404,14.7273
29820,31031,27080,21406,14.7282
32124,29430,28659,23879,14.7312
25129,39877,29676,22035,14.7362
27453,33489,27279,21902,14.7369
27450,33661,27288,21904,14.7385
29635,37495,28226,20481,14.7439
29626,38011,28253,20487,14.7459
27358,34793,28155,20917,14.756
27346,35481,28191,20925,14.7581
27343,35653,28200,20927,14.7598
27334,36169,28227,20933,14.7606
27331,36341,28236,20935,14.7623
26622,37710,30667,21477,14.7684
26619,37882,30676,21479,14.7715
31057,35445,24462,26430,14.7744
31033,36821,24534,26446,14.7751
32104,32553,25130,23201,14.7801
32071,34445,25229,23223,14.7815
32068,34617,25238,23225,14.7824
34870,27942,25921,25756,14.7849
28476,35143,24568,23135,14.7911
28458,36175,24622,23147,14.7935
28455,36347,24631,23149,14.7956
28386,40303,24838,23195,14.7963
28383,40475,24847,23197,14.7981
30366,32248,26580,22328,14.8019
30363,32420,26589,22330,14.8029
32694,29271,28087,24785,14.8075
24563,40199,28353,22353,14.8121
26765,33290,25937,22244,14.8143
26762,33462,25946,22246,14.816
26026,36379,28458,22806,14.8189
26023,36551,28467,22808,14.8223
25993,38271,28557,22828,14.8233
25990,38443,28566,22830,14.8265
30298,32820,25435,23701,14.831
30286,33508,25471,23709,14.8324
30283,33680,25480,23711,14.8335
27910,36482,25697,24211,14.841
27907,36654,25706,24213,14.8427
27871,38718,25814,24237,14.8435
27868,38890,25823,24239,14.8452
27847,40094,25886,24253,14.846
28602,30107,26759,22800,14.8574
28599,30279,26768,22802,14.8584
28572,31827,26849,22820,14.8591
28569,31999,26858,22822,14.8601
24292,39656,29367,23347,14.8693
26226,33081,26985,23302,14.8714
26223,33253,26994,23304,14.8731
26151,37381,27210,23352,14.8739
26148,37553,27219,23354,14.8757
25511,34794,29434,23848,14.8841
25508,34966,29443,23850,14.8872
25448,38406,29623,23890,14.8879
25445,38578,29632,23892,14.891
30230,32576,26230,22698,14.8924
26698,38335,30027,21834,14.898
28513,31067,27617,21811,14.8995
28510,31239,27626,21813,14.9005
28501,31755,27653,21819,14.9012
28498,31927,27662,21821,14.9022
24200,40788,30234,22360,14.9057
26119,35073,27897,22325,14.9078
26059,38513,28077,22365,14.9099
26056,38685,28086,22367,14.9116
26041,39545,28131,22377,14.9123
26038,39717,28140,22379,14.9141
25419,35926,30301,22861,14.9149
25416,36098,30310,22863,14.9179
25359,39366,30481,22901,14.9187
25356,39538,30490,22903,14.9219
36157,27625,25392,26797,14.9235
36130,29173,25473,26815,14.925
32469,33655,25010,26771,14.9257
32466,33827,25019,26773,14.9274
34336,28752,25742,27307,14.9302
34333,28924,25751,27309,14.9312
31993,29834,25869,27787,14.9319
31990,30006,25878,27789,14.9336
32175,29221,27863,26326,14.9344
35246,32153,27013,20809,14.9914
35243,32325,27022,20811,14.9925
31609,35259,26478,20749,14.9936
31606,35431,26487,20751,14.9954
31585,36635,26550,20765,14.9962
33366,32520,28131,20310,15.002
33363,32692,28140,20312,15.0031
33345,33724,28194,20324,15.0038
33342,33896,28203,20326,15.0048
33333,34412,28230,20332,15.0055
33330,34584,28239,20334,15.0065
35745,32738,25305,23090,15.0072
35724,33942,25368,23104,15.0097
32114,35500,24752,23026,15.0146
32093,36704,24815,23040,15.0154
34877,31061,25552,25583,15.0225
34034,30885,26674,22199,15.024
34022,31573,26710,22207,15.0254
37748,38006,24057,32042,15.0411
35170,37532,24154,28745,15.0446
35113,40800,24325,28783,15.0468
35110,40972,24334,28785,15.0484
33531,30764,26024,25340,15.0557
33528,30936,26033,25342,15.0567
42632,29137,25588,25863,15.0574
42623,29653,25615,25869,15.0596
39013,31211,24999,25791,15.0622
35687,29231,27702,24063,15.0677
40764,28816,26670,25356,15.0701
37362,32011,24368,29185,15.0728
38430,27915,24973,25942,15.0752
34778,31881,24483,25892,15.0803
34775,32053,24492,25894,15.082
36260,28900,27121,24967,15.0865
36651,26634,25197,26424,15.0899
36642,27150,25224,26430,15.0913
36606,29214,25332,26454,15.0931
36603,29386,25341,26456,15.0942
36550,28282,26091,25443,15.1031
36547,28454,26100,25445,15.1041
30278,34531,26625,20697,15.113
30275,34703,26634,20699,15.1148
32127,30660,27411,21245,15.1178
32124,30832,27420,21247,15.1188
32032,31964,28287,20260,15.1276
32023,32480,28314,20266,15.1291
31996,34028,28395,20284,15.1307
31987,34544,28422,20290,15.1329
31957,36264,28512,20310,15.1336
31954,36436,28521,20312,15.1346
34408,32354,25470,23042,15.1447
34405,32526,25479,23044,15.1459
29057,33779,26313,22093,15.1694
28536,32538,27307,23139,15.188
35285,28626,27406,25104,15.1944
31599,32312,26856,20924,15.2023
31596,32484,26865,20926,15.2034
27983,34214,26258,20850,15.2102
27971,34902,26294,20858,15.2124
27938,36794,26393,20880,15.2148
27935,36966,26402,20882,15.2168
27881,40062,26564,20918,15.2176
27878,40234,26573,20920,15.2193
27241,37475,28788,21414,15.2256
27238,37647,28797,21416,15.2287
27226,38335,28833,21424,15.2295
27202,39711,28905,21440,15.2334
27199,39883,28914,21442,15.2367
29829,30515,27053,21400,15.2414
29826,30687,27062,21402,15.2424
29790,32751,27170,21426,15.2432
29787,32923,27179,21428,15.2442
27459,33145,27261,21898,15.2536
27456,33317,27270,21900,15.2554
27423,35209,27369,21922,15.2562
27420,35381,27378,21924,15.2579
27919,39087,30339,20438,15.2587
29701,33711,28028,20437,15.2602
29698,33883,28037,20439,15.2612
29623,38183,28262,20489,15.2626
27361,34621,28146,20915,15.2741
27349,35309,28182,20923,15.2764
27280,39265,28389,20969,15.2825
27277,39437,28398,20971,15.2843
26625,37538,30658,21475,15.29
26586,39774,30775,21501,15.2938
26583,39946,30784,21503,15.2972
31051,35789,24480,26434,15.2989
31036,36649,24525,26444,15.3013
32113,32037,25103,23195,15.3068
32110,32209,25112,23197,15.3079
32095,33069,25157,23207,15.3086
32092,33241,25166,23209,15.3096
34876,27598,25903,25752,15.3135
28479,34971,24559,23133,15.3272
28461,36003,24613,23145,15.3293
28419,38411,24739,23173,15.3339
28416,38583,24748,23175,15.3357
28380,40647,24856,23199,15.3382
30384,31216,26526,22316,15.3422
30381,31388,26535,22318,15.3432
30360,32592,26598,22332,15.344
24435,40022,28352,22381,15.3536
26696,37246,26144,22290,15.3578
26693,37418,26153,22292,15.3596
26681,38106,26189,22300,15.3619
26044,35347,28404,22794,15.3627
26041,35519,28413,22796,15.3659
26011,37239,28503,22816,15.3667
26008,37411,28512,22818,15.3701
25996,38099,28548,22826,15.3711
25972,39475,28620,22842,15.3786
25969,39647,28629,22844,15.3818
30304,32476,25417,23697,15.3827
30301,32648,25426,23699,15.3838
30289,33336,25462,23707,15.3845
30280,33852,25489,23713,15.3859
30277,34024,25498,23715,15.3872
27913,36310,25688,24209,15.3973
27898,37170,25733,24219,15.3995
27895,37342,25742,24221,15.4013
27874,38546,25805,24235,15.4021
27865,39062,25832,24241,15.4045
27862,39234,25841,24243,15.4063
27838,40610,25913,24259,15.4091
28596,30451,26777,22804,15.4228
28575,31655,26840,22818,15.4242
27881,32164,29226,23350,15.4302
26232,32737,26967,23298,15.4386
26229,32909,26976,23300,15.4403
26220,33425,27003,23306,15.4411
26190,35145,27093,23326,15.4436
26187,35317,27102,23328,15.4453
26127,38757,27282,23368,15.4461
26124,38929,27291,23370,15.4479
25514,34622,29425,23846,15.453
25499,35482,29470,23856,15.4568
25496,35654,29479,23858,15.4602
25454,38062,29605,23886,15.4613
25451,38234,29614,23888,15.4646
25442,38750,29641,23894,15.4654
26570,38158,30026,21862,15.4786
28516,30895,27608,21809,15.48
28486,32615,27698,21829,15.4836
28483,32787,27707,21831,15.4846
27801,32608,30057,22355,15.4872
24072,40611,30233,22388,15.4886
26146,33525,27816,22307,15.4912
26143,33697,27825,22309,15.493
26110,35589,27924,22331,15.4953
26044,39373,28122,22375,15.4982
25428,35410,30274,22855,15.5028
25425,35582,30283,22857,15.5059
25413,36270,30319,22865,15.5067
25410,36442,30328,22867,15.51
25389,37646,30391,22881,15.5107
25386,37818,30400,22883,15.5139
36139,28657,25446,26809,15.5186
32472,33483,25001,26769,15.5215
32463,33999,25028,26775,15.5237
34339,28580,25733,27305,15.5283
31996,29662,25860,27785,15.5311
32178,29049,27854,26324,15.5359
35249,31981,27004,20807,15.5783
31621,34571,26442,20741,15.5831
31603,35603,26496,20753,15.5856
33369,32348,28122,20308,15.5923
33360,32864,28149,20314,15.5945
33351,33380,28176,20320,15.5953
33348,33552,28185,20322,15.5963
33327,34756,28248,20336,15.5992
33324,34928,28257,20338,15.6002
35748,32566,25296,23088,15.6017
35709,34802,25413,23114,15.6036
32111,35672,24761,23028,15.6058
32102,36188,24788,23034,15.6097
34031,31057,26683,22201,15.6164
30367,35711,26229,22159,15.6194
30364,35883,26238,22161,15.6211
37745,38178,24066,32044,15.631
37742,38350,24075,32046,15.633
35173,37360,24145,28743,15.6381
35158,38220,24190,28753,15.6391
35155,38392,24199,28755,15.641
31685,34463,25229,24790,15.6482
33534,30592,26015,25338,15.6508
42638,28793,25570,25859,15.6546
42635,28965,25579,25861,15.6559
39010,31383,25008,25793,15.6597
39007,31555,25017,25795,15.6615
40767,28644,26661,25354,15.6712
40752,29504,26706,25364,15.6727
40749,29676,26715,25366,15.6737
37383,30807,24305,29171,15.6745
37380,30979,24314,29173,15.6763
38436,27571,24955,25938,15.6771
38433,27743,24964,25940,15.6781
38403,29463,25054,25960,15.6788
38400,29635,25063,25962,15.6799
34781,31709,24474,25890,15.6806
34766,32569,24519,25900,15.6829
34763,32741,24528,25902,15.6848
36639,27322,25233,26432,15.6914
36636,27494,25242,26434,15.6924
36600,29558,25350,26458,15.6944
36553,28110,26082,25441,15.7021
36529,29486,26154,25457,15.7035
36526,29658,26163,25459,15.7046
33876,33661,27277,20783,15.7101
33873,33833,27286,20785,15.7111
30284,34187,26607,20693,15.7127
30281,34359,26616,20695,15.7145
30254,35907,26697,20713,15.7153
32011,33168,28350,20274,15.7323
32008,33340,28359,20276,15.7334
31966,35748,28485,20304,15.7353
31963,35920,28494,20306,15.7364
31939,37296,28566,20322,15.7371
31936,37468,28575,20324,15.7382
34411,32182,25461,23040,15.7452
32691,30845,26857,22155,15.7565
35288,28454,27397,25102,15.7878
31602,32140,26847,20922,15.7973
31590,32828,26883,20930,15.7988
27986,34042,26249,20848,15.8076
27974,34730,26285,20856,15.8115
27953,35934,26348,20870,15.814
27923,37654,26438,20890,15.8149
27920,37826,26447,20892,15.8167
27884,39890,26555,20916,15.8191
27262,36271,28725,21400,15.8299
27259,36443,28734,21402,15.8333
27229,38163,28824,21422,15.8381
27205,39539,28896,21438,15.8422
29799,32235,27143,21420,15.8556
29796,32407,27152,21422,15.8567
27432,34693,27342,21916,15.8714
27429,34865,27351,21918,15.8732
27399,36585,27441,21938,15.8742
27396,36757,27450,21940,15.8761
27791,38910,30338,20466,15.8769
29731,31991,27938,20417,15.8784
29728,32163,27947,20419,15.8795
29650,36635,28181,20471,15.8803
29647,36807,28190,20473,15.8813
29620,38355,28271,20491,15.8821
29287,33198,30344,20897,15.8837
29418,33203,30336,20867,15.8847
29016,33704,30387,20963,15.8869
25549,41717,30547,20936,15.8976
27364,34449,28137,20913,15.9039
27310,37545,28299,20949,15.9068
27307,37717,28308,20951,15.9086
26783,35995,30569,21427,15.9156
26631,37194,30640,21471,15.9186
26628,37366,30649,21473,15.9218
26589,39602,30766,21499,15.9247
31054,35617,24471,26432,15.9363
31042,36305,24507,26440,15.9388
31039,36477,24516,26442,15.9407
32107,32381,25121,23199,15.9478
32089,33413,25175,23211,15.9504
34873,27770,25912,25754,15.9547
28467,35659,24595,23141,15.9816
28431,37723,24703,23165,15.9825
28428,37895,24712,23167,15.9843
28413,38755,24757,23177,15.9852
28410,38927,24766,23179,15.9873
31236,30876,25377,25694,15.9936
30396,30528,26490,22308,15.9975
30393,30700,26499,22310,15.9985
30378,31560,26544,22320,15.9993
30375,31732,26553,22322,16.0004
26705,36730,26117,22284,16.018
26702,36902,26126,22286,16.0199
26690,37590,26162,22294,16.0224
26663,39138,26243,22312,16.0233
26660,39310,26252,22314,16.0251
26047,35175,28395,22792,16.0259
26032,36035,28440,22802,16.0297
26029,36207,28449,22804,16.033
26020,36723,28476,22810,16.0372
26005,37583,28521,22820,16.0382
25981,38959,28593,22836,16.0491
30313,31960,25390,23691,16.054
30310,32132,25399,23693,16.0552
27916,36138,25679,24207,16.0762
27901,36998,25724,24217,16.0785
27877,38374,25796,24233,16.0831
27856,39578,25859,24247,16.0876
28584,31139,26813,22812,16.1075
28581,31311,26822,22814,16.1086
30903,28678,28347,25275,16.1134
27890,31648,29199,23344,16.1142
27887,31820,29208,23346,16.1161
26235,32565,26958,23296,16.1295
26205,34285,27048,23316,16.1365
26202,34457,27057,23318,16.1386
26184,35489,27111,23330,16.1395
26181,35661,27120,23332,16.1413
26145,37725,27228,23356,16.1422
26142,37897,27237,23358,16.1441
25523,34106,29398,23840,16.155
25502,35310,29461,23854,16.1583
25475,36858,29542,23872,16.162
25472,37030,29551,23874,16.1653
25460,37718,29587,23882,16.1693
32987,28481,27048,25259,16.1845
26442,37981,30025,21890,16.1925
28489,32443,27689,21827,16.1953
28471,33475,27743,21839,16.1968
27798,32780,30066,22357,16.2003
23944,40434,30232,22416,16.2032
26140,33869,27834,22311,16.2099
26137,34041,27843,22313,16.2118
26062,38341,28068,22363,16.2127
26047,39201,28113,22373,16.2167
25431,35238,30265,22853,16.2199
25422,35754,30292,22859,16.2266
25404,36786,30346,22871,16.2308
25392,37474,30382,22879,16.2346
25383,37990,30409,22885,16.2384
25380,38162,30418,22887,16.2416
36154,27797,25401,26799,16.2487
36151,27969,25410,26801,16.2497
32520,30731,24857,26737,16.2523
32517,30903,24866,26739,16.2542
32454,34515,25055,26781,16.2574
34342,28408,25724,27303,16.2597
31987,30178,25887,27791,16.266
32184,28705,27836,26320,16.2687
35255,31637,26986,20803,16.3071
35231,33013,27058,20819,16.308
35228,33185,27067,20821,16.3091
31618,34743,26451,20743,16.3123
31600,35775,26505,20755,16.3149
31576,37151,26577,20771,16.3175
33372,32176,28113,20306,16.3202
35715,34458,25395,23110,16.3289
35712,34630,25404,23112,16.3301
32096,36532,24806,23038,16.3357
32072,37908,24878,23054,16.3383
32069,38080,24887,23056,16.3402
34874,31233,25561,25585,16.3466
34001,32777,26773,22221,16.3486
33998,32949,26782,22223,16.3498
30400,33819,26130,22137,16.352
36628,28666,27223,25148,16.359
35161,38048,24181,28751,16.3714
35137,39424,24253,28767,16.3739
35134,39596,24262,28769,16.3759
31691,34119,25211,24786,16.3834
42653,27933,25525,25849,16.3891
42650,28105,25534,25851,16.3903
39004,31727,25026,25797,16.396
38989,32587,25071,25807,16.3985
38986,32759,25080,25809,16.4004
40755,29332,26697,25362,16.406
40746,29848,26724,25368,16.4069
37386,30635,24296,29169,16.4101
37374,31323,24332,29177,16.4109
37371,31495,24341,29179,16.4129
38439,27399,24946,25936,16.4138
38406,29291,25045,25958,16.4164
34793,31021,24438,25882,16.4199
34790,31193,24447,25884,16.4218
34769,32397,24510,25898,16.4227
34736,34289,24609,25920,16.4274
34733,34461,24618,25922,16.4293
36630,27838,25260,26438,16.4335
36627,28010,25269,26440,16.4347
34266,30124,25450,26932,16.441
36556,27938,26073,25439,16.4421
36532,29314,26145,25455,16.4436
36520,30002,26181,25463,16.4451
36517,30174,26190,25465,16.4462
33903,32113,27196,20765,16.4517
33900,32285,27205,20767,16.4528
30263,35391,26670,20707,16.4625
30260,35563,26679,20709,16.4647
32014,32996,28341,20272,16.4794
32005,33512,28368,20278,16.4803
32002,33684,28377,20280,16.4815
31972,35404,28467,20300,16.4823
31969,35576,28476,20302,16.4834
31960,36092,28503,20308,16.4842
31951,36608,28530,20314,16.4859
31948,36780,28539,20316,16.4876
34372,34418,25578,23066,16.499
34369,34590,25587,23068,16.5001
30711,38900,25115,23022,16.5063
30708,39072,25124,23024,16.5082
33540,30677,25717,25535,16.5116
32694,30673,26848,22153,16.5125
35383,27150,26521,26087,16.5254
35291,28282,27388,25100,16.5499
31605,31968,26838,20920,16.5568
31593,32656,26874,20928,16.559
27950,36106,26357,20872,16.5758
27947,36278,26366,20874,16.5778
27926,37482,26429,20888,16.5787
27893,39374,26528,20910,16.5814
27872,40578,26591,20924,16.5862
27244,37303,28779,21412,16.5977
27217,38851,28860,21430,16.6104
27214,39023,28869,21432,16.614
29811,31547,27107,21412,16.6212
29808,31719,27116,21414,16.6223
29793,32579,27161,21424,16.6238
29781,33267,27197,21432,16.6247
29778,33439,27206,21434,16.6258
27435,34521,27333,21914,16.6433
27426,35037,27360,21920,16.6457
27414,35725,27396,21928,16.6482
27411,35897,27405,21930,16.6502
27369,38305,27531,21958,16.6511
27366,38477,27540,21960,16.6533
27663,38733,30337,20494,16.6546
29737,31647,27920,20413,16.6563
29734,31819,27929,20415,16.6574
29704,33539,28019,20435,16.6583
29680,34915,28091,20451,16.6598
29677,35087,28100,20453,16.6609
29641,37151,28208,20477,16.6617
29638,37323,28217,20479,16.6628
29156,33193,30352,20927,16.6655
25037,41009,30543,21048,16.6834
27322,36857,28263,20941,16.6896
27319,37029,28272,20943,16.6915
27289,38749,28362,20963,16.6924
27286,38921,28371,20965,16.6943
27274,39609,28407,20973,16.6954
27271,39781,28416,20975,16.6972
26917,35828,30552,21395,16.6985
27048,35833,30544,21365,16.7
26914,36000,30561,21397,16.7014
27045,36005,30553,21367,16.703
26643,36506,30604,21463,16.7062
26640,36678,30613,21465,16.7095
26610,38398,30703,21485,16.7163
26607,38570,30712,21487,16.7197
29343,33764,25840,25541,16.7348
32086,33585,25184,23213,16.7386
32083,33757,25193,23215,16.7398
28464,35831,24604,23143,16.7737
28440,37207,24676,23159,16.7765
28437,37379,24685,23161,16.7784
28425,38067,24721,23169,16.781
28398,39615,24802,23187,16.7841
28395,39787,24811,23189,16.7861
28377,40819,24865,23201,16.7886
31242,30532,25359,25690,16.792
30399,30356,26481,22306,16.7972
30390,30872,26508,22312,16.7991
30387,31044,26517,22314,16.8003
30372,31904,26562,22324,16.8031
26732,35182,26036,22266,16.819
26729,35354,26045,22268,16.8215
26699,37074,26135,22288,16.8226
26675,38450,26207,22304,16.8273
26672,38622,26216,22306,16.8292
26050,35003,28386,22790,16.8326
26038,35691,28422,22798,16.8426
26014,37067,28494,22814,16.8474
25978,39131,28602,22838,16.8554
25975,39303,28611,22840,16.859
30322,31444,25363,23685,16.8645
30307,32304,25408,23695,16.8661
33079,27349,26181,26246,16.8701
27952,34074,25571,24183,16.8903
27904,36826,25715,24215,16.8913
27886,37858,25769,24227,16.8939
27883,38030,25778,24229,16.896
27859,39406,25850,24245,16.8969
30709,29979,26389,26744,16.913
28587,30967,26804,22810,16.9211
28578,31483,26831,22816,16.9235
28563,32343,26876,22826,16.9244
28560,32515,26885,22828,16.9255
27893,31476,29190,23342,16.9316
27884,31992,29217,23348,16.9323
26238,32393,26949,23294,16.9539
26208,34113,27039,23314,16.9586
26193,34973,27084,23324,16.9616
26154,37209,27201,23350,16.9666
26136,38241,27255,23362,16.9719
26133,38413,27264,23364,16.9739
25517,34450,29416,23844,16.986
26035,34814,29402,23728,16.9908
25505,35138,29452,23852,16.9931
25493,35826,29488,23860,17.0026
25469,37202,29560,23876,17.0037
25457,37890,29596,23884,17.0103
30224,32920,26248,22702,17.0288
32990,28309,27039,25257,17.0322
26314,37804,30024,21918,17.0475
28492,32271,27680,21825,17.0491
28474,33303,27734,21837,17.0505
28066,32446,30032,22293,17.0522
28197,32451,30024,22263,17.0533
23816,40257,30231,22444,17.0589
26122,34901,27888,22323,17.067
26071,37825,28041,22357,17.0697
26068,37997,28050,22359,17.0716
26080,35607,30243,22707,17.0837
25407,36614,30337,22869,17.0944
25395,37302,30373,22877,17.1036
25377,38334,30427,22889,17.1133
36148,28141,25419,26803,17.1215
36127,29345,25482,26817,17.1225
36124,29517,25491,26819,17.1236
32523,30559,24848,26735,17.1258
32475,33311,24992,26767,17.1283
34357,27548,25679,27293,17.1335
34354,27720,25688,27295,17.1349
32181,28877,27845,26322,17.1431
35252,31809,26995,20805,17.1728
35237,32669,27040,20815,17.174
35234,32841,27049,20817,17.1753
35225,33357,27076,20823,17.1762
35222,33529,27085,20825,17.1773
31612,35087,26469,20747,17.1825
31594,36119,26523,20759,17.1852
31570,37495,26595,20775,17.1877
33321,35100,28266,20340,17.1924
32099,36360,24797,23036,17.2006
32075,37736,24869,23052,17.2017
32066,38252,24896,23058,17.2059
34019,31745,26719,22209,17.2142
30379,35023,26193,22151,17.2156
30376,35195,26202,22153,17.2176
37730,39038,24111,32054,17.2239
37727,39210,24120,32056,17.226
35146,38908,24226,28761,17.2315
35143,39080,24235,28763,17.2336
35122,40284,24298,28777,17.2347
35119,40456,24307,28779,17.2367
31688,34291,25220,24788,17.2404
42644,28449,25552,25855,17.2477
42641,28621,25561,25857,17.2489
38995,32243,25053,25803,17.2525
38992,32415,25062,25805,17.2547
37377,31151,24323,29175,17.2673
37368,31667,24350,29181,17.2683
37365,31839,24359,29183,17.2703
38442,27227,24937,25934,17.272
38409,29119,25036,25956,17.2729
34808,30161,24393,25872,17.2774
34784,31537,24465,25888,17.2784
34772,32225,24501,25896,17.2826
34745,33773,24582,25914,17.2835
34742,33945,24591,25916,17.2854
34730,34633,24627,25924,17.288
36633,27666,25251,26436,17.2894
36624,28182,25278,26442,17.291
36559,27766,26064,25437,17.2989
36535,29142,26136,25453,17.2999
36523,29830,26172,25461,17.3016
36514,30346,26199,25467,17.3045
33909,31769,27178,20761,17.3065
33906,31941,27187,20763,17.3076
33897,32457,27214,20769,17.3085
33894,32629,27223,20771,17.3097
30272,34875,26643,20701,17.3171
30257,35735,26688,20711,17.3204
34422,29575,29017,23724,17.3279
31999,33856,28386,20282,17.3343
31975,35232,28458,20298,17.3364
31942,37124,28557,20320,17.3413
31933,37640,28584,20326,17.3429
31930,37812,28593,20328,17.3442
29599,38206,28684,20800,17.3482
29596,38378,28693,20802,17.35
34384,33730,25542,23058,17.3536
34381,33902,25551,23060,17.3548
34366,34762,25596,23070,17.3558
30720,38384,25088,23016,17.3607
30717,38556,25097,23018,17.3627
32697,30501,26839,22151,17.3706
31608,31796,26829,20918,17.4069
31578,33516,26919,20938,17.4096
31575,33688,26928,20940,17.4107
27944,36450,26375,20876,17.4235
27941,36622,26384,20878,17.4256
27932,37138,26411,20884,17.4283
27902,38858,26501,20904,17.4292
27899,39030,26510,20906,17.4312
27875,40406,26582,20922,17.4338
27247,37131,28770,21410,17.4448
27208,39367,28887,21436,17.4557
27190,40399,28941,21448,17.46
29814,31375,27098,21410,17.4648
29805,31891,27125,21416,17.4667
29802,32063,27134,21418,17.468
29784,33095,27188,21430,17.4705
27438,34349,27324,21912,17.4872
27417,35553,27387,21926,17.494
27402,36413,27432,21936,17.4953
27378,37789,27504,21952,17.498
27375,37961,27513,21954,17.4999
27354,39165,27576,21968,17.5009
27351,39337,27585,21970,17.5031
29716,32851,27983,20427,17.5079
29713,33023,27992,20429,17.5096
29695,34055,28046,20441,17.5106
29692,34227,28055,20443,17.5118
29653,36463,28172,20469,17.5128
29644,36979,28199,20475,17.5145
29680,33213,30320,20807,17.5184
29546,33380,30337,20839,17.5203
29677,33385,30329,20809,17.5214
29281,33542,30362,20901,17.5225
29412,33547,30354,20871,17.5235
29147,33709,30379,20933,17.5245
29278,33714,30371,20903,17.5257
29656,34589,30392,20823,17.5309
25421,41540,30546,20964,17.5421
27325,36685,28254,20939,17.5495
27316,37201,28281,20945,17.5539
27304,37889,28317,20953,17.5551
27301,38061,28326,20955,17.5572
27283,39093,28380,20967,17.5597
26786,35823,30560,21425,17.5658
27179,35838,30536,21335,17.5682
27310,35843,30528,21305,17.5699
27304,36187,30546,21309,17.5762
26637,36850,30622,21467,17.5853
26756,37543,30650,21445,17.5896
26887,37548,30642,21415,17.5912
26753,37715,30659,21447,17.5939
26613,38226,30694,21483,17.595
26601,38914,30730,21491,17.5989
26598,39086,30739,21493,17.6024
26577,40290,30802,21507,17.6062
32074,34273,25220,23221,17.6155
28443,37035,24667,23157,17.676
28434,37551,24694,23163,17.6787
28422,38239,24730,23171,17.6813
28407,39099,24775,23181,17.6856
28389,40131,24829,23193,17.6867
28368,41335,24892,23207,17.6893
28365,41507,24901,23209,17.6913
31239,30704,25368,25692,17.6953
30369,32076,26571,22326,17.7073
26759,33634,25955,22248,17.7241
26711,36386,26099,22280,17.7253
26708,36558,26108,22282,17.7273
26678,38278,26198,22302,17.7306
26669,38794,26225,22308,17.735
26651,39826,26279,22320,17.7362
26035,35863,28431,22800,17.7479
26017,36895,28485,22812,17.7581
30319,31616,25372,23687,17.7748
30316,31788,25381,23689,17.7761
33082,27177,26172,26244,17.781
27934,35106,25625,24195,17.8098
27931,35278,25634,24197,17.8119
27880,38202,25787,24231,17.8178
28566,32171,26867,22824,17.8612
26196,34801,27075,23322,17.9036
26166,36521,27165,23342,17.9064
26163,36693,27174,23344,17.9086
26139,38069,27246,23360,17.9097
26130,38585,27273,23366,17.9123
25657,33939,29381,23808,17.9254
25520,34278,29407,23842,17.9266
25776,34632,29409,23786,17.9316
25907,34637,29401,23756,17.9335
25642,34799,29426,23818,17.9365
25761,35492,29454,23796,17.9448
25892,35497,29446,23766,17.9467
25758,35664,29463,23798,17.9483
25889,35669,29455,23768,17.9501
25490,35998,29497,23862,17.9545
30227,32748,26239,22700,17.9893
32993,28137,27030,25255,17.9925
28495,32099,27671,21823,18.0021
28477,33131,27725,21835,18.0041
27935,32441,30040,22323,18.0065
28063,32618,30041,22295,18.0093
28194,32623,30033,22265,18.0104
26125,34729,27879,22321,18.0255
26104,35933,27942,22335,18.0284
26101,36105,27951,22337,18.0306
26065,38169,28059,22361,18.0316
25949,35602,30251,22737,18.0406
25550,35931,30293,22831,18.0462
25681,35936,30285,22801,18.048
25940,36118,30278,22743,18.0496
26071,36123,30270,22713,18.0513
26068,36295,30279,22715,18.0529
25535,36791,30338,22841,18.0597
25666,36796,30330,22811,18.0615
25922,37150,30332,22755,18.0658
26053,37155,30324,22725,18.0675
25374,38506,30436,22891,18.0877
36145,28313,25428,26805,18.0946
32514,31075,24875,26741,18.1037
32511,31247,24884,26743,18.1058
34360,27376,25670,27291,18.1069
34351,27892,25697,27297,18.1092
35240,32497,27031,20813,18.1438
35219,33701,27094,20827,18.1486
31615,34915,26460,20745,18.1505
31597,35947,26514,20757,18.1557
31573,37323,26586,20773,18.1585
32078,37564,24860,23050,18.164
32063,38424,24905,23060,18.1669
34016,31917,26728,22211,18.172
30382,34851,26184,22149,18.1753
30373,35367,26211,22155,18.1781
30370,35539,26220,22157,18.1801
37733,38866,24102,32052,18.1901
37724,39382,24129,32058,18.1928
35152,38564,24208,28757,18.1965
35140,39252,24244,28765,18.1993
35131,39768,24271,28771,18.2003
35128,39940,24280,28773,18.2024
35116,40628,24316,28781,18.2051
35107,41144,24343,28787,18.2077
42647,28277,25543,25853,18.2177
38397,29807,25072,25964,18.2404
34805,30333,24402,25874,18.2434
34787,31365,24456,25886,18.2461
34751,33429,24564,25910,18.2495
34748,33601,24573,25912,18.2516
34739,34117,24600,25918,18.2527
36544,28626,26109,25447,18.2689
33912,31597,27169,20759,18.2737
33891,32801,27232,20773,18.2775
33888,32973,27241,20775,18.2789
30266,35219,26661,20705,18.2846
30203,38831,26850,20747,18.2896
31978,35060,28449,20296,18.3024
31945,36952,28548,20318,18.3045
29602,38034,28675,20798,18.3137
34399,32870,25497,23048,18.3197
34396,33042,25506,23050,18.3212
34375,34246,25569,23064,18.3223
30759,36148,24971,22990,18.3296
30756,36320,24980,22992,18.3318
30714,38728,25106,23020,18.3329
35380,27322,26530,26089,18.3567
30906,29908,27099,22641,18.3643
31611,31624,26820,20916,18.3841
31581,33344,26910,20936,18.3858
27929,37310,26420,20886,18.4157
27911,38342,26474,20898,18.4172
27908,38514,26483,20900,18.4193
27896,39202,26519,20908,18.4205
27250,36959,28761,21408,18.4333
27211,39195,28878,21434,18.4411
29817,31203,27089,21408,18.4495
27444,34005,27306,21908,18.4825
27441,34177,27315,21910,18.4852
27408,36069,27414,21932,18.489
27405,36241,27423,21934,18.4911
27387,37273,27477,21946,18.4922
27384,37445,27486,21948,18.4946
27372,38133,27522,21956,18.496
27360,38821,27558,21964,18.4988
27357,38993,27567,21966,18.501
29722,32507,27965,20423,18.5046
29719,32679,27974,20425,18.506
29710,33195,28001,20431,18.5079
29689,34399,28064,20445,18.5102
29686,34571,28073,20447,18.5115
29656,36291,28163,20467,18.5125
29549,33208,30328,20837,18.5156
29284,33370,30353,20899,18.518
29415,33375,30345,20869,18.5192
29150,33537,30370,20931,18.5217
29659,34417,30383,20821,18.532
25165,41186,30544,21020,18.5487
27328,36513,28245,20937,18.554
27313,37373,28290,20947,18.5586
27292,38577,28353,20961,18.562
27176,36010,30545,21337,18.5798
26780,36167,30578,21429,18.5814
26911,36172,30570,21399,18.5831
26634,37022,30631,21469,18.5952
27277,37735,30627,21327,18.6041
26616,38054,30685,21481,18.6096
26604,38742,30721,21489,18.6132
26592,39430,30757,21497,18.6175
26580,40118,30793,21505,18.6251
32077,34101,25211,23219,18.6392
28446,36863,24658,23155,18.6793
28404,39271,24784,23183,18.6899
28392,39959,24820,23191,18.6913
28371,41163,24883,23205,18.6945
26735,35010,26027,22264,18.7444
26714,36214,26090,22278,18.7481
26666,38966,26234,22310,18.7579
26657,39482,26261,22316,18.7609
33085,27005,26163,26242,18.7908
27946,34418,25589,24187,18.8306
27943,34590,25598,24189,18.833
27919,35966,25670,24205,18.8346
28286,31491,29166,23252,18.8855
28417,31496,29158,23222,18.8867
28012,32169,29218,23320,18.8933
26199,34629,27066,23320,18.9287
26169,36349,27156,23340,18.9316
26157,37037,27192,23348,18.9346
25919,33949,29365,23748,18.9616
26050,33954,29357,23718,18.9636
25648,34455,29408,23814,18.9714
25645,34627,29417,23816,18.9743
25904,34809,29410,23758,18.9784
25770,34976,29427,23790,18.9811
25901,34981,29419,23760,18.9829
25636,35143,29444,23822,18.9852
25767,35148,29436,23792,18.9872
25630,35487,29462,23826,18.9912
25627,35659,29471,23828,18.9966
25478,36686,29533,23870,19.0044
28480,32959,27716,21833,19.0312
28328,32456,30016,22233,19.0338
28459,32461,30008,22203,19.0352
27932,32613,30049,22325,19.0365
26134,34213,27852,22315,19.0561
26107,35761,27933,22333,19.059
26083,37137,28005,22349,19.0602
26080,37309,28014,22351,19.0623
25827,35081,30232,22761,19.0664
25958,35086,30224,22731,19.0686
25824,35253,30241,22763,19.0704
25955,35258,30233,22733,19.0722
25559,35415,30266,22825,19.074
25690,35420,30258,22795,19.0762
25556,35587,30275,22827,19.0789
25684,35764,30276,22799,19.0828
25815,35769,30268,22769,19.0848
25812,35941,30277,22771,19.0884
25943,35946,30269,22741,19.0902
25547,36103,30302,22833,19.093
25544,36275,30311,22835,19.0972
25675,36280,30303,22805,19.099
25672,36452,30312,22807,19.1006
25803,36457,30304,22777,19.1024
25538,36619,30329,22839,19.1052
25794,36973,30331,22783,19.1116
25925,36978,30323,22753,19.1134
25529,37135,30356,22845,19.1152
25660,37140,30348,22815,19.1171
25371,38678,30445,22893,19.1472
36142,28485,25437,26807,19.1525
32481,32967,24974,26763,19.1603
32478,33139,24983,26765,19.1624
34363,27204,25661,27289,19.1637
34345,28236,25715,27301,19.1654
35216,33873,27103,20829,19.199
34013,32089,26737,22213,19.2162
34010,32261,26746,22215,19.2178
30391,34335,26157,22143,19.2192
30388,34507,26166,22145,19.2213
35149,38736,24217,28759,19.2393
35125,40112,24289,28775,19.2468
33525,31108,26042,25344,19.2552
38983,32931,25089,25811,19.2626
34799,30677,24420,25878,19.2747
34796,30849,24429,25880,19.2769
34754,33257,24555,25908,19.282
36538,28970,26127,25451,19.293
33915,31425,27160,20757,19.3004
33879,33489,27268,20781,19.3038
30269,35047,26652,20703,19.3087
30242,36595,26733,20721,19.3098
30239,36767,26742,20723,19.3119
31921,38328,28620,20334,19.3245
29620,37002,28621,20786,19.3303
29617,37174,28630,20788,19.3325
34402,32698,25488,23046,19.3368
34393,33214,25515,23052,19.3387
34390,33386,25524,23054,19.34
34378,34074,25560,23062,19.341
30762,35976,24962,22988,19.3483
30726,38040,25070,23012,19.3511
30723,38212,25079,23014,19.3533
33534,31021,25735,25539,19.3624
33198,28995,28714,25122,19.3835
31614,31452,26811,20914,19.4072
27914,38170,26465,20896,19.4315
27905,38686,26492,20902,19.4353
27253,36787,28752,21406,19.4469
27447,33833,27297,21906,19.4761
27393,36929,27459,21942,19.4853
27390,37101,27468,21944,19.4876
27381,37617,27495,21950,19.4887
27363,38649,27549,21962,19.496
29725,32335,27956,20421,19.5005
29707,33367,28010,20433,19.5036
29683,34743,28082,20449,19.5068
29674,35259,28109,20455,19.5088
29153,33365,30361,20929,19.5116
29543,33552,30346,20841,19.515
29674,33557,30338,20811,19.5166
29668,33901,30356,20815,19.5194
25293,41363,30545,20992,19.5408
27298,38233,28335,20957,19.5546
27295,38405,28344,20959,19.5569
27307,36015,30537,21307,19.5714
27173,36182,30554,21339,19.5758
27295,36703,30573,21315,19.5843
27152,37386,30617,21353,19.5934
27283,37391,30609,21323,19.5952
26884,37720,30651,21417,19.6016
27015,37725,30643,21387,19.6034
26595,39258,30748,21495,19.626
32080,33929,25202,23217,19.6369
28401,39443,24793,23185,19.6962
28374,40991,24874,23203,19.7
26753,33978,25973,22252,19.7407
26750,34150,25982,22254,19.7431
26726,35526,26054,22270,19.7462
26654,39654,26270,22318,19.7498
27949,34246,25580,24185,19.8197
27940,34762,25607,24191,19.8248
27925,35622,25652,24201,19.826
27922,35794,25661,24203,19.8282
28557,32687,26894,22830,19.8702
28027,31309,29173,23310,19.8768
28158,31314,29165,23280,19.878
28155,31486,29174,23282,19.8792
28018,31825,29200,23316,19.8854
28277,32007,29193,23258,19.8867
28408,32012,29185,23228,19.8878
28271,32351,29211,23262,19.8907
28402,32356,29203,23232,19.8919
28399,32528,29212,23234,19.8931
28265,32695,29229,23266,19.8963
26172,36177,27147,23338,19.9325
26160,36865,27183,23346,19.9358
25788,33944,29373,23778,19.9607
25773,34804,29418,23788,19.9797
25639,34971,29435,23820,19.9856
25633,35315,29453,23824,19.9979
26017,35846,29456,23740,20.0117
25481,36514,29524,23868,20.0147
28456,32633,30017,22205,20.0602
26131,34385,27861,22317,20.0761
26092,36621,27978,22343,20.0798
26089,36793,27987,22345,20.0821
26077,37481,28023,22353,20.0851
25696,35076,30240,22791,20.0869
25693,35248,30249,22793,20.0923
26086,35263,30225,22703,20.0967
25821,35425,30250,22765,20.102
25818,35597,30259,22767,20.1038
25553,35759,30284,22829,20.1073
26077,35779,30252,22709,20.1101
25809,36113,30286,22773,20.1209
25806,36285,30295,22775,20.129
25937,36290,30287,22745,20.1316
25541,36447,30320,22837,20.1348
25797,36801,30322,22781,20.1442
25532,36963,30347,22843,20.146
25663,36968,30339,22813,20.1478
26056,36983,30315,22723,20.1496
25791,37145,30340,22785,20.1557
25526,37307,30365,22847,20.1619
26047,37499,30342,22729,20.1638
25362,39194,30472,22899,20.1801
32508,31419,24893,26745,20.1935
34366,27032,25652,27287,20.1976
34348,28064,25706,27299,20.2002
34004,32605,26764,22219,20.2386
30397,33991,26139,22139,20.241
30394,34163,26148,22141,20.2435
30385,34679,26175,22147,20.2449
35104,41316,24352,28789,20.2592
34802,30505,24411,25876,20.2718
36541,28798,26118,25449,20.2855
33918,31253,27151,20755,20.2897
33885,33145,27250,20777,20.2923
30245,36423,26724,20719,20.3024
30236,36939,26751,20725,20.3055
31927,37984,28602,20330,20.316
29629,36486,28594,20780,20.3194
29626,36658,28603,20782,20.3215
29605,37862,28666,20796,20.3228
34387,33558,25533,23056,20.3312
30765,35804,24953,22986,20.3401
30729,37868,25061,23010,20.3431
33537,30849,25726,25537,20.3539
32620,31589,25721,23530,20.3671
30903,30080,27108,22643,20.3715
33201,28823,28705,25120,20.3761
27917,37998,26456,20894,20.4283
27256,36615,28743,21404,20.4435
29659,36119,28154,20465,20.4756
29409,33719,30363,20873,20.4813
29540,33724,30355,20843,20.4831
29537,33896,30364,20845,20.4846
29662,34245,30374,20819,20.4889
27262,40297,28443,20981,20.5258
27259,40469,28452,20983,20.5281
27042,36177,30562,21369,20.5429
27170,36354,30563,21341,20.546
27301,36359,30555,21311,20.5476
26774,36511,30596,21433,20.5505
27164,36698,30581,21345,20.5522
27021,37381,30625,21383,20.5626
27018,37553,30634,21385,20.57
27146,37730,30635,21357,20.5755
26878,38064,30669,21421,20.5809
32676,29400,28118,24782,20.7017
26756,33806,25964,22250,20.7257
26738,34838,26018,22262,20.7272
26723,35698,26063,22272,20.7319
27937,34934,25616,24193,20.7932
27928,35450,25643,24199,20.7991
28289,31319,29157,23250,20.8677
28024,31481,29182,23312,20.8691
28021,31653,29191,23314,20.8733
28280,31835,29184,23256,20.8749
28411,31840,29176,23226,20.8762
28015,31997,29209,23318,20.8774
28146,32002,29201,23288,20.8786
28405,32184,29194,23230,20.8812
28268,32523,29220,23264,20.8863
28396,32700,29221,23236,20.8881
26178,35833,27129,23334,20.9281
25785,34116,29382,23780,20.9531
25916,34121,29374,23750,20.9554
26032,34986,29411,23730,20.9735
25764,35320,29445,23794,20.9794
25895,35325,29437,23764,20.9814
25886,35841,29464,23770,20.9897
25487,36170,29506,23864,20.9955
28325,32628,30025,22235,21.011
27929,32785,30058,22327,21.0137
26128,34557,27870,22319,21.0298
26095,36449,27969,22341,21.0331
26086,36965,27996,22347,21.0381
26074,37653,28032,22355,21.0395
25565,35071,30248,22821,21.0429
26089,35091,30216,22701,21.0481
25562,35243,30257,22823,21.0513
25687,35592,30267,22797,21.0631
25946,35774,30260,22739,21.0748
25678,36108,30294,22803,21.0804
25934,36462,30296,22747,21.0923
26065,36467,30288,22717,21.0946
25800,36629,30313,22779,21.0966
25931,36634,30305,22749,21.0988
26059,36811,30306,22721,21.1033
25657,37312,30357,22817,21.1173
25916,37494,30350,22759,21.1191
25368,38850,30454,22895,21.1332
32505,31591,24902,26747,21.1428
34007,32433,26755,22217,21.1882
35098,41660,24370,28793,21.2087
35095,41832,24379,28795,21.2111
33882,33317,27259,20779,21.2311
30206,38659,26841,20745,21.2393
31924,38156,28611,20332,21.2449
29656,34938,28513,20762,21.2521
29653,35110,28522,20764,21.2547
29623,36830,28612,20784,21.2561
29614,37346,28639,20790,21.2593
29611,37518,28648,20792,21.2617
30768,35632,24944,22984,21.2679
30753,36492,24989,22994,21.2727
30696,39760,25160,23032,21.2742
32617,31761,25730,23532,21.2916
32106,29559,28690,23876,21.3929
29662,35947,28145,20463,21.4176
29671,33729,30347,20813,21.4229
27268,39953,28425,20977,21.457
27265,40125,28434,20979,21.4595
26777,36339,30587,21431,21.485
26908,36344,30579,21401,21.487
27298,36531,30564,21313,21.4886
26771,36683,30605,21435,21.4914
26902,36688,30597,21405,21.4931
27161,36870,30590,21347,21.4976
27292,36875,30582,21317,21.4993
26765,37027,30623,21439,21.501
26896,37032,30615,21409,21.5027
26762,37199,30632,21441,21.5057
26890,37376,30633,21413,21.5074
27149,37558,30626,21355,21.5218
27271,38079,30645,21331,21.5308
27268,38251,30654,21333,21.5345
32661,29357,28140,24777,21.6264
32643,29486,28171,24774,21.6284
26747,34322,25991,22256,21.6763
26717,36042,26081,22276,21.6779
30897,29022,28365,25279,21.8084
28152,31658,29183,23284,21.8259
28283,31663,29175,23254,21.8274
28149,31830,29192,23286,21.8286
28143,32174,29210,23290,21.8353
28274,32179,29202,23260,21.8371
26175,36005,27138,23336,21.8877
25654,34111,29390,23810,21.9232
26047,34126,29366,23720,21.9264
25779,34460,29400,23784,21.931
25910,34465,29392,23754,21.933
26038,34642,29393,23726,21.9356
25898,35153,29428,23762,21.9436
26029,35158,29420,23732,21.9457
26026,35330,29429,23734,21.9511
26023,35502,29438,23736,21.9529
26020,35674,29447,23738,21.9561
25624,35831,29480,23830,21.959
25755,35836,29472,23800,21.9611
25484,36342,29515,23866,21.9692
26098,36277,27960,22339,22.0149
26083,35435,30234,22705,22.0312
25669,36624,30321,22809,22.0517
25928,36806,30314,22751,22.0572
25919,37322,30341,22757,22.0671
26050,37327,30333,22727,22.0692
25523,37479,30374,22849,22.0725
25365,39022,30463,22897,22.0764
32484,32795,24965,26761,22.0912
35101,41488,24361,28791,22.1581
30218,37971,26805,20737,22.1895
30215,38143,26814,20739,22.1919
29662,34594,28495,20758,22.2074
29647,35454,28540,20768,22.2088
29644,35626,28549,20770,22.211
29608,37690,28657,20794,22.2174
30738,37352,25034,23004,22.2292
30735,37524,25043,23006,22.2315
30705,39244,25133,23026,22.233
30702,39416,25142,23028,22.2354
29671,35431,28118,20457,22.3752
29665,34073,30365,20817,22.3774
29653,34761,30401,20825,22.3803
29650,34933,30410,20827,22.3817
29638,35621,30446,20835,22.3885
27039,36349,30571,21371,22.4286
27036,36521,30580,21373,22.4317
27167,36526,30572,21343,22.4339
27033,36693,30589,21375,22.4382
26899,36860,30606,21407,22.4413
27030,36865,30598,21377,22.4429
27158,37042,30599,21349,22.4473
27289,37047,30591,21319,22.4494
27286,37219,30600,21321,22.4511
26759,37371,30641,21443,22.4559
27012,37897,30652,21389,22.4713
27143,37902,30644,21359,22.4731
27140,38074,30653,21361,22.475
27137,38246,30662,21363,22.478
34501,30135,26545,25687,22.4894
34642,29275,26306,25713,22.4974
34624,29404,26337,25710,22.4988
34582,30006,26417,25708,22.5127
34564,30135,26448,25705,22.5145
32679,29228,28109,24780,22.5991
32658,29529,28149,24779,22.6053
26744,34494,26000,22258,22.6472
26741,34666,26009,22260,22.6501
26720,35870,26072,22274,22.6514
30682,29721,26424,26732,22.7193
30664,29850,26455,26729,22.7212
30643,30151,26495,26728,22.7462
30900,28850,28356,25277,22.7731
26041,34470,29384,23724,22.8964
26014,36018,29465,23742,22.9166
28453,32805,30026,22207,22.9535
25952,35430,30242,22735,22.9866
26074,35951,30261,22711,22.9909
25788,37317,30349,22787,23.0065
25785,37489,30358,22789,23.0084
32499,31935,24920,26751,23.0292
32496,32107,24929,26753,23.0317
37643,28857,27864,24914,23.1056
34510,29265,28251,24525,23.1275
30224,37627,26787,20733,23.1345
30221,37799,26796,20735,23.1369
30209,38487,26832,20743,23.1382
29659,34766,28504,20760,23.1556
29650,35282,28531,20766,23.1587
29632,36314,28585,20778,23.1616
30744,37008,25016,23000,23.1734
30741,37180,25025,23002,23.1762
30732,37696,25052,23008,23.1794
30699,39588,25151,23030,23.185
32091,29516,28712,23871,23.2777
29665,35775,28136,20461,23.2928
26905,36516,30588,21403,23.3319
26768,36855,30614,21437,23.3415
27027,37037,30607,21379,23.3498
27024,37209,30616,21381,23.3517
27155,37214,30608,21351,23.3538
27280,37563,30618,21325,23.3613
26881,37892,30660,21419,23.3653
27274,37907,30636,21329,23.3694
27009,38069,30661,21391,23.3712
34627,29232,26328,25708,23.3832
34609,29361,26359,25705,23.3847
34714,28759,26182,25725,23.3933
34696,28888,26213,25722,23.3948
34852,28071,25952,25753,23.4079
30700,29592,26393,26735,23.6543
30628,30108,26517,26723,23.6559
30661,30022,26464,26731,23.6873
30673,30237,26451,26738,23.7135
30780,29409,28555,25252,23.726
30762,29538,28586,25249,23.728
28420,31324,29149,23220,23.7408
28414,31668,29167,23224,23.7433
26044,34298,29375,23722,23.8499
25883,36013,29473,23772,23.8641
32969,28610,27079,25256,23.8878
32951,28739,27110,25253,23.8892
28322,32800,30034,22237,23.9026
26062,36639,30297,22719,23.9397
25654,37484,30366,22819,23.9459
32502,31763,24911,26749,23.9717
32493,32279,24938,26755,23.9731
32490,32451,24947,26757,23.9755
36603,28873,27768,24458,24.0457
36733,28871,27780,24515,24.0471
36783,28720,27160,25193,24.0614
34640,29263,28263,24582,24.0733
34770,29261,28275,24639,24.0753
30230,37283,26769,20729,24.0836
30227,37455,26778,20731,24.0861
30212,38315,26823,20741,24.0899
29635,36142,28576,20776,24.1058
30747,36836,25007,22998,24.1167
33489,30892,25801,25524,24.1275
33471,31021,25832,25521,24.1304
35165,29185,27605,25079,24.1838
35147,29314,27636,25076,24.1852
35270,28583,27428,25099,24.1903
32109,29387,28681,23874,24.2451
25999,39803,27513,21679,24.2481
26078,39784,27560,21714,24.2499
29668,35603,28127,20459,24.2746
29647,35105,30419,20829,24.2787
29644,35277,30428,20831,24.28
29641,35449,30437,20833,24.2818
26893,37204,30624,21411,24.327
26750,37887,30668,21449,24.3381
27006,38241,30670,21393,24.3424
34825,27813,25987,25741,24.3481
34807,27942,26018,25738,24.3495
34573,29619,26421,25699,24.3509
34555,29748,26452,25696,24.3523
34858,27727,25934,25749,24.3579
34840,27856,25965,25746,24.3591
34678,29017,26244,25719,24.3609
34606,29533,26368,25707,24.3625
34588,29662,26399,25704,24.364
34855,27899,25943,25751,24.3654
34837,28028,25974,25748,24.3666
34654,29490,26293,25720,24.3679
34636,29619,26324,25717,24.3692
27888,41420,25328,23299,24.3988
27967,41401,25375,23334,24.4001
31173,30876,25474,25676,24.4337
31155,31005,25505,25673,24.4361
32920,28338,26451,26217,24.5603
32902,28467,26482,26214,24.5619
33061,27478,26212,26243,24.5703
33043,27607,26243,26240,24.5718
30646,29979,26486,26726,24.6241
30697,29764,26402,26737,24.659
30679,29893,26433,26734,24.661
30676,30065,26442,26736,24.681
30691,30108,26420,26741,24.691
30888,28635,28369,25270,24.701
30870,28764,28400,25267,24.7033
28464,31652,28670,25759,24.8295
28497,31566,28617,25767,24.8372
25651,34283,29399,23812,24.8589
25782,34288,29391,23782,24.8612
25752,36008,29481,23802,24.8677
26011,36190,29474,23744,24.8709
28060,32790,30050,22297,24.9041
32487,32623,24956,26759,24.9729
34862,31018,25574,25578,25.0249
34844,31147,25605,25575,25.0271
33425,46999,24409,28453,25.0415
36473,28875,27756,24401,25.0449
37123,28865,27816,24686,25.0468
37253,28863,27828,24743,25.0484
36393,28726,27124,25022,25.0564
30233,37111,26760,20727,25.0784
29641,35798,28558,20772,25.0999
30750,36664,24998,22996,25.1113
33507,30763,25770,25527,25.115
35183,29056,27574,25082,25.1964
27790,40396,27253,21189,25.2187
27869,40377,27300,21224,25.2202
25920,39822,27466,21644,25.2778
26157,39765,27607,21749,25.2808
26144,40878,28521,20797,25.3035
26875,38236,30678,21423,25.3334
34843,27684,25956,25744,25.345
34789,28071,26049,25735,25.3475
34591,29490,26390,25702,25.3489
34519,30006,26514,25690,25.3508
34750,28501,26120,25731,25.3538
34732,28630,26151,25728,25.3557
34660,29146,26275,25716,25.3571
34570,29791,26430,25701,25.36
34552,29920,26461,25698,25.3615
34657,29318,26284,25718,25.364
34639,29447,26315,25715,25.3655
34672,29361,26262,25723,25.3668
34600,29877,26386,25711,25.3687
27809,41439,25281,23264,25.4036
31209,30618,25412,25682,25.4291
31191,30747,25443,25679,25.4321
32673,29572,28127,24784,25.4738
25937,39796,26565,22305,25.4772
26016,39777,26612,22340,25.48
33064,27306,26203,26241,25.5859
26571,40713,25870,23999,25.6403
26650,40694,25917,24034,25.6418
30694,29936,26411,26739,25.6998
30798,29280,28524,25255,25.7144
28482,31523,28639,25762,25.8772
25913,34293,29383,23752,25.9243
25621,36003,29489,23832,25.9321
25618,36175,29498,23834,25.936
32861,29384,27265,25238,25.95
32843,29513,27296,25235,25.9514
28191,32795,30042,22267,25.9658
36083,28881,27720,24230,26.101
36213,28879,27732,24287,26.103
36863,28869,27792,24572,26.1053
37383,28861,27840,24800,26.1076
36653,28722,27148,25136,26.1297
34900,29259,28287,24696,26.1472
35030,29257,28299,24753,26.1491
29638,35970,28567,20774,26.1748
33525,30634,25739,25530,26.1908
35273,28411,27419,25097,26.2848
35255,28540,27450,25094,26.2867
35129,29443,27667,25073,26.2891
35162,29357,27614,25081,26.291
35144,29486,27645,25078,26.2925
27711,40415,27206,21154,26.3159
25762,39860,27372,21574,26.3698
25841,39841,27419,21609,26.3715
25907,40935,28380,20692,26.3906
25986,40916,28427,20727,26.3921
34861,27555,25925,25747,26.4268
34681,28845,26235,25717,26.429
34663,28974,26266,25714,26.4305
34537,29877,26483,25693,26.4336
34804,28114,26027,25740,26.4356
34786,28243,26058,25737,26.437
34534,30049,26492,25695,26.4419
34693,29060,26222,25724,26.4436
34675,29189,26253,25721,26.445
34744,28845,26138,25735,26.4478
34726,28974,26169,25732,26.4492
34618,29748,26355,25714,26.4506
27019,41629,24811,22914,26.4835
27098,41610,24858,22949,26.4857
31227,30489,25381,25685,26.5143
31167,31220,25492,25680,26.5445
25858,39815,26518,22270,26.5618
32998,27478,26309,26225,26.6667
32980,27607,26340,26222,26.6683
32938,28209,26420,26220,26.6781
32776,29370,26699,26193,26.6801
32758,29499,26730,26190,26.6817
32899,28639,26491,26216,26.6834
32881,28768,26522,26213,26.685
26413,40751,25776,23929,26.7281
26492,40732,25823,23964,26.7296
26729,40675,25964,24069,26.7311
30852,28893,28431,25264,26.8293
28500,31394,28608,25765,27.0278
25880,36185,29482,23774,27.084
25877,36357,29491,23776,27.0878
26008,36362,29483,23746,27.0901
32936,28696,27132,25248,27.0959
32918,28825,27163,25245,27.0976
32879,29255,27234,25241,27.0993
24844,40145,28162,22158,27.1136
24923,40126,28209,22193,27.1156
32707,28525,27875,26546,27.1897
32837,28523,27887,26603,27.1919
29846,45758,26787,20469,27.2044
39694,29446,27628,24538,27.235
39824,29444,27640,24595,27.2367
35823,28885,27696,24116,27.239
36343,28877,27744,24344,27.2408
36993,28867,27804,24629,27.2432
37513,28859,27852,24857,27.2466
36523,28724,27136,25079,27.2667
28694,43788,26965,20473,27.2825
27917,44061,28750,20466,27.3046
29029,44755,25181,22688,27.3183
33453,31150,25863,25518,27.3348
35219,28798,27512,25088,27.444
35201,28927,27543,25085,27.446
35111,29572,27698,25070,27.4481
35252,28712,27459,25096,27.4505
26605,40681,26548,20664,27.4692
26684,40662,26595,20699,27.4712
33427,29238,28770,24447,27.5254
33557,29236,28782,24504,27.5275
25670,40992,28239,20587,27.551
25749,40973,28286,20622,27.5524
26065,40897,28474,20762,27.554
34699,28716,26204,25720,27.6029
34645,29103,26297,25711,27.6054
34822,27985,25996,25743,27.6086
34768,28372,26089,25734,27.6111
34729,28802,26160,25730,27.615
34711,28931,26191,25727,27.6169
34603,29705,26377,25709,27.6195
34585,29834,26408,25706,27.621
34780,28587,26076,25741,27.6227
34762,28716,26107,25738,27.6244
34708,29103,26200,25729,27.6267
26940,41648,24764,22879,27.6517
27730,41458,25234,23229,27.6537
28362,41306,25610,23509,27.6561
31188,30919,25452,25681,27.7168
31170,31048,25483,25678,27.719
31203,30962,25430,25686,27.7267
31185,31091,25461,25683,27.729
31218,31005,25408,25691,27.7307
31200,31134,25439,25688,27.733
33217,29091,28126,25011,27.7402
33347,29089,28138,25068,27.7419
25305,39948,26189,22025,27.744
25384,39929,26236,22060,27.7458
26095,39758,26659,22375,27.7479
33016,27349,26278,26228,27.8888
32761,29327,26721,26188,27.8953
32743,29456,26752,26185,27.8972
33046,27435,26234,26238,27.8989
33028,27564,26265,26235,27.9005
32866,28725,26544,26208,27.902
32848,28854,26575,26205,27.9039
32917,28510,26460,26219,27.9076
32791,29413,26677,26198,27.9097
32773,29542,26708,26195,27.9113
26334,40770,25729,23894,27.9491
30834,29022,28462,25261,28.0741
25015,38994,27342,23180,28.0913
25094,38975,27389,23215,28.0942
25749,36180,29490,23804,28.3437
25615,36347,29507,23836,28.3492
32888,28739,27207,25235,28.351
32870,28868,27238,25232,28.3525
32954,28567,27101,25251,28.3565
32882,29083,27225,25239,28.3588
32864,29212,27256,25236,28.3605
32915,28997,27172,25247,28.3621
32897,29126,27203,25244,28.3639
24607,40202,28021,22053,28.3707
24686,40183,28068,22088,28.3723
32317,28531,27839,26375,28.4587
32447,28529,27851,26432,28.4612
30339,46687,25097,22754,28.4758
34859,31190,25583,25580,28.4862
36613,28623,27245,25143,28.4985
39304,29452,27592,24367,28.5146
39434,29450,27604,24424,28.5163
35953,28883,27708,24173,28.5206
34758,28978,25678,27130,28.5451
34837,28959,25725,27165,28.5472
28615,43807,26918,20438,28.5647
29187,44717,25275,22758,28.5868
33519,30978,25757,25534,28.6152
35365,27279,26552,26084,28.6379
35276,28239,27410,25095,28.7427
35237,28669,27481,25091,28.7466
35180,29228,27583,25084,28.7515
26526,40700,26501,20629,28.769
27553,40453,27112,21084,28.7712
27632,40434,27159,21119,28.7728
32257,29256,28662,23934,28.8328
32387,29254,28674,23991,28.8354
26236,39746,27654,21784,28.8403
25828,40954,28333,20657,28.8633
27528,34067,28213,20979,28.8738
27607,34048,28260,21014,28.8757
34771,28200,26080,25732,28.915
34753,28329,26111,25729,28.9174
34516,30178,26523,25692,28.9229
34819,28157,26005,25745,28.9249
34801,28286,26036,25742,28.9266
34621,29576,26346,25712,28.9292
34567,29963,26439,25703,28.9313
34549,30092,26470,25700,28.9329
34834,28200,25983,25750,28.935
34816,28329,26014,25747,28.9366
34690,29232,26231,25726,28.9398
26861,41667,24717,22844,28.9458
27177,41591,24905,22984,28.9488
28283,41325,25563,23474,28.9506
31206,30790,25421,25684,29.0308
31152,31177,25514,25675,29.0343
31221,30833,25399,25689,29.043
32957,29095,28102,24897,29.0567
33087,29093,28114,24954,29.0589
33607,29085,28162,25182,29.0609
25226,39967,26142,21990,29.0632
25621,39872,26377,22165,29.0656
25700,39853,26424,22200,29.0677
26490,39663,26894,22550,29.0693
26569,39644,26941,22585,29.0713
33034,27220,26247,26231,29.2487
32926,27994,26433,26213,29.251
32908,28123,26464,26210,29.2531
32905,28295,26473,26212,29.2552
32887,28424,26504,26209,29.2568
32956,28080,26389,26223,29.2615
32884,28596,26513,26211,29.2641
32830,28983,26606,26202,29.2664
32812,29112,26637,26199,29.2683
33025,27736,26274,26237,29.2722
33007,27865,26305,26234,29.2745
32809,29284,26646,26201,29.2763
26255,40789,25682,23859,29.3159
32726,28478,28506,26071,29.4522
32856,28476,28518,26128,29.455
30816,29151,28493,25258,29.46
24541,39108,27060,22970,29.4774
24620,39089,27107,23005,29.4795
25746,36352,29499,23806,29.7974
32906,28610,27176,25238,29.8013
32903,28782,27185,25240,29.8059
32885,28911,27216,25237,29.8076
32972,28438,27070,25254,29.8106
32900,28954,27194,25242,29.8125
32846,29341,27287,25233,29.8152
32828,29470,27318,25230,29.8171
32933,28868,27141,25250,29.819
24449,40240,27927,21983,29.8274
24528,40221,27974,22018,29.8292
24765,40164,28115,22123,29.8311
32577,28527,27863,26489,29.9452
31703,34380,26480,20774,29.9527
34671,29033,28543,25223,29.9663
39044,29456,27568,24253,29.9794
39174,29454,27580,24310,29.9813
39564,29448,27616,24481,29.9846
34600,29016,25584,27060,30.029
34679,28997,25631,27095,30.0309
34995,28921,25819,27235,30.0333
35074,28902,25866,27270,30.0358
28536,43826,26871,20403,30.0481
34407,29532,29039,23719,30.0544
29108,44736,25228,22723,30.069
30938,34906,25002,23046,30.0712
31017,34887,25049,23081,30.0731
33468,31193,25841,25523,30.0974
35350,27236,26574,26079,30.1268
35332,27365,26605,26076,30.1286
33183,28952,28736,25117,30.1403
33165,29081,28767,25114,30.1439
35096,29529,27720,25065,30.1929
35216,28970,27521,25090,30.1989
35198,29099,27552,25087,30.2011
26447,40719,26454,20594,30.2227
27000,40586,26783,20839,30.2254
27079,40567,26830,20874,30.2279
32647,29250,28698,24105,30.299
32777,29248,28710,24162,30.3016
33817,29232,28806,24618,30.3036
33947,29230,28818,24675,30.3061
25475,39586,29957,22273,30.3097
25554,39567,30004,22308,30.3125
27449,34086,28166,20944,30.3523
27765,34010,28354,21084,30.3549
27844,33991,28401,21119,30.3576
31218,35235,24547,26498,30.374
34735,28458,26142,25726,30.3795
34783,28415,26067,25739,30.3824
34765,28544,26098,25736,30.3844
34798,28458,26045,25744,30.3911
26782,41686,24670,22809,30.3981
27493,41515,25093,23124,30.4
27572,41496,25140,23159,30.4021
28046,41382,25422,23369,30.4048
28561,34780,24597,23166,30.4071
31119,31263,25567,25667,30.487
31224,30661,25390,25687,30.5203
31182,31263,25470,25685,30.537
32827,29097,28090,24840,30.5408
33477,29087,28150,25125,30.5446
25068,40005,26048,21920,30.5482
25542,39891,26330,22130,30.5503
25779,39834,26471,22235,30.5529
26411,39682,26847,22515,30.556
27084,33042,26116,22382,30.6065
27163,33023,26163,22417,30.609
33052,27091,26216,26234,30.8317
32944,27865,26402,26216,30.8343
32872,28381,26526,26204,30.8371
32854,28510,26557,26201,30.8391
32923,28166,26442,26215,30.8413
32779,29198,26690,26191,30.8437
32725,29585,26783,26182,30.8463
33010,27693,26296,26232,30.8489
32992,27822,26327,26229,30.8508
32794,29241,26668,26196,30.8552
32953,28252,26398,26225,30.8608
32935,28381,26429,26222,30.8627
32845,29026,26584,26207,30.8649
32827,29155,26615,26204,30.867
31556,28496,28398,25558,31.0391
31686,28494,28410,25615,31.0416
30885,28807,28378,25272,31.0523
24936,39013,27295,23145,31.0738
26042,38747,27953,23635,31.0771
23859,38929,29410,23494,31.0976
23938,38910,29457,23529,31.0996
32924,28481,27145,25241,31.4037
32975,28266,27061,25252,31.4089
32957,28395,27092,25249,31.411
37614,29478,27436,23626,31.5731
34363,29073,25443,26955,31.6328
34916,28940,25772,27200,31.6376
30859,34925,24955,23011,31.6889
33522,30806,25748,25532,31.7145
33516,31150,25766,25536,31.722
35368,27107,26543,26082,31.7496
35347,27408,26583,26081,31.7546
33186,28780,28727,25115,31.7623
35114,29400,27689,25068,31.8059
35234,28841,27490,25093,31.8101
35249,28884,27468,25098,31.8137
35231,29013,27499,25095,31.8159
26289,40757,26360,20524,31.8383
26921,40605,26736,20804,31.8409
27474,40472,27065,21049,31.8435
25607,40578,28710,21048,31.8468
32517,29252,28686,24048,31.933
33297,29240,28758,24390,31.9364
33687,29234,28794,24561,31.9397
26394,39708,27748,21854,31.9447
26473,39689,27795,21889,31.9473
25080,39681,29722,22098,31.9498
25159,39662,29769,22133,31.9531
25870,39491,30192,22448,31.9559
25949,39472,30239,22483,31.9584
27620,32935,27346,21966,31.9685
27699,32916,27393,22001,31.9717
27686,34029,28307,21049,32.007
27923,33972,28448,21154,32.0112
27154,35771,30693,21500,32.0268
27233,35752,30740,21535,32.0289
31139,35254,24500,26463,32.0382
34717,28587,26173,25723,32.045
34747,28673,26129,25733,32.0484
27414,41534,25046,23089,32.0566
27651,41477,25187,23194,32.0596
28204,41344,25516,23439,32.0623
28640,34761,24644,23201,32.0659
31137,31134,25536,25670,32.1164
25147,39986,26095,21955,32.1696
25463,39910,26283,22095,32.173
26174,39739,26706,22410,32.1774
26253,39720,26753,22445,32.1796
26648,39625,26988,22620,32.1819
26926,33080,26022,22312,32.2475
27005,33061,26069,22347,32.2496
28427,32719,26915,22977,32.2524
28506,32700,26962,23012,32.2547
33070,26962,26185,26237,32.3286
32962,27736,26371,26219,32.3318
32890,28252,26495,26207,32.335
32800,28897,26650,26192,32.3375
32782,29026,26681,26189,32.3402
32941,28037,26411,26218,32.3424
32797,29069,26659,26194,32.3449
32974,27951,26358,26226,32.3496
32971,28123,26367,26228,32.3558
32863,28897,26553,26210,32.3597
32377,29064,27349,27473,32.378
32456,29045,27396,27508,32.3799
31426,28498,28386,25501,32.5676
32206,28486,28458,25843,32.5708
32336,28484,28470,25900,32.5747
30879,29151,28396,25276,32.5841
30861,29280,28427,25273,32.587
24699,39070,27154,23040,32.5979
24778,39051,27201,23075,32.601
25489,38880,27624,23390,32.6039
25568,38861,27671,23425,32.6065
24333,38815,29692,23704,32.6247
24412,38796,29739,23739,32.6281
32960,28223,27083,25247,32.9844
32942,28352,27114,25244,32.9868
32816,29255,27331,25223,32.9905
32798,29384,27362,25220,32.993
32921,28653,27154,25243,32.997
32831,29298,27309,25228,32.9997
32813,29427,27340,25225,33.0019
26465,33277,27995,22445,33.0265
26544,33258,28042,22480,33.0287
32196,35309,24790,23059,33.1893
32275,35290,24837,23094,33.1921
30640,33590,26262,22240,33.2032
35571,37093,24371,28916,33.2131
39101,30676,25019,25820,33.222
39180,30657,25066,25855,33.2248
38134,29470,27484,23854,33.2274
38264,29468,27496,23911,33.2299
40214,29438,27676,24766,33.2327
34521,29035,25537,27025,33.3119
34429,30167,26404,26038,33.3238
34508,30148,26451,26073,33.3264
33486,31064,25810,25526,33.3825
33501,31107,25788,25531,33.3869
33483,31236,25819,25528,33.3903
33168,28909,28758,25112,33.4276
33150,29038,28789,25109,33.4308
35258,28368,27441,25092,33.4554
35267,28755,27437,25101,33.4589
26368,40738,26407,20559,33.4867
26842,40624,26689,20769,33.4909
27316,40510,26971,20979,33.4939
27395,40491,27018,21014,33.4966
26239,40426,29086,21328,33.4989
26318,40407,29133,21363,33.5016
33167,29242,28746,24333,33.5761
34077,29228,28830,24732,33.5816
26315,39727,27701,21819,33.5839
25396,39605,29910,22238,33.5897
25633,39548,30051,22343,33.5938
27541,32954,27299,21931,33.6011
26944,35785,30654,21495,33.65
27023,35766,30701,21530,33.6521
26996,35809,30599,21430,33.6606
27335,41553,24999,23054,33.6773
28125,41363,25469,23404,33.6817
26332,39701,26800,22480,33.8242
24386,39826,28398,22444,33.829
24465,39807,28445,22479,33.8322
26847,33099,25975,22277,33.8906
28348,32738,26868,22942,33.8959
32836,28639,26588,26198,33.9861
32959,27908,26380,26221,33.993
32833,28811,26597,26200,33.9959
32815,28940,26628,26197,33.9983
32989,27994,26336,26231,34.0017
31429,29292,26785,27053,34.019
31508,29273,26832,27088,34.0214
31036,28504,28350,25330,34.1262
31166,28502,28362,25387,34.1298
32076,28488,28446,25786,34.1338
32596,28480,28494,26014,34.1378
24857,39032,27248,23110,34.1634
25173,38956,27436,23250,34.1672
25884,38785,27859,23565,34.17
25963,38766,27906,23600,34.1735
24175,38853,29598,23634,34.1831
24254,38834,29645,23669,34.1863
24570,38758,29833,23809,34.1895
24649,38739,29880,23844,34.1926
32978,28094,27052,25250,34.6415
32834,29126,27300,25226,34.6457
32780,29513,27393,25217,34.6493
32939,28524,27123,25246,34.6522
32849,29169,27278,25231,34.6562
26228,33334,27854,22340,34.6753
26623,33239,28089,22515,34.6786
26702,33220,28136,22550,34.6819
30561,33609,26215,22205,34.8961
37912,37624,24133,32108,34.9033
35413,37131,24277,28846,34.908
35492,37112,24324,28881,34.9111
31931,33890,25343,24889,34.9143
37744,29476,27448,23683,34.9266
37874,29474,27460,23740,34.9301
38524,29464,27520,24025,34.9335
38654,29462,27532,24082,34.9374
39954,29442,27652,24652,34.9407
40084,29440,27664,24709,34.9442
34442,29054,25490,26990,35.0773
34350,30186,26357,26003,35.0825
30603,33939,26786,20831,35.0903
31096,34868,25096,23116,35.1199
33504,30935,25779,25529,35.1453
35132,29271,27658,25071,35.214
26763,40643,26642,20734,35.2372
27158,40548,26877,20909,35.2411
25686,40559,28757,21083,35.2453
25765,40540,28804,21118,35.248
29490,33509,27133,21511,35.2577
29569,33490,27180,21546,35.2604
32907,29246,28722,24219,35.3165
26552,39670,27842,21924,35.3259
25317,39624,29863,22203,35.329
25712,39529,30098,22378,35.3334
26028,39453,30286,22518,35.337
28015,32840,27581,22141,35.3423
28094,32821,27628,22176,35.3459
26865,35804,30607,21460,35.3878
27075,35790,30646,21465,35.3946
27256,41572,24952,23019,35.4088
24939,39693,28727,22689,35.5841
25018,39674,28774,22724,35.5873
27479,32947,26351,22557,35.6517
27558,32928,26398,22592,35.6577
32818,28768,26619,26195,35.7333
32764,29155,26712,26186,35.7376
33013,27521,26287,26230,35.7404
32995,27650,26318,26227,35.7425
32851,28682,26566,26203,35.7452
31350,29311,26738,27018,35.7596
31587,29254,26879,27123,35.7626
31666,29235,26926,27158,35.7666
31296,28500,28374,25444,35.8524
31816,28492,28422,25672,35.8571
31946,28490,28434,25729,35.8609
32466,28482,28482,25957,35.8647
30795,29452,28533,25257,35.8691
30777,29581,28564,25254,35.8726
30828,29366,28480,25265,35.8762
30810,29495,28511,25262,35.8792
30843,29409,28458,25270,35.8824
30825,29538,28489,25267,35.8862
25252,38937,27483,23285,35.8954
25331,38918,27530,23320,35.8995
25805,38804,27812,23530,35.9027
24017,38891,29504,23564,35.9081
24491,38777,29786,23774,35.9121
27742,31860,27833,23957,35.9346
27821,31841,27880,23992,35.9373
25736,33920,29428,23843,36.4844
25815,33901,29475,23878,36.4878
32852,28997,27269,25229,36.5057
32867,29040,27247,25234,36.5115
32795,29556,27371,25222,36.5151
26386,33296,27948,22410,36.5346
33632,30121,25497,27223,36.5797
33711,30102,25544,27258,36.5822
32710,29319,26274,28098,36.8538
32789,29300,26321,28133,36.8565
32354,35271,24884,23129,36.894
30482,33628,26168,22170,36.9091
37833,37643,24086,32073,36.9131
35255,37169,24183,28776,36.9172
35334,37150,24230,28811,36.9208
31852,33909,25296,24854,36.9252
38004,29472,27472,23797,36.9364
38394,29466,27508,23968,36.9408
38914,29458,27556,24196,36.9452
34271,30205,26310,25968,37.0332
30524,33958,26739,20796,37.0415
29145,33244,26333,22122,37.1039
29224,33225,26380,22157,37.1081
35240,28497,27472,25089,37.1557
35222,28626,27503,25086,37.1586
35213,29142,27530,25092,37.1611
35195,29271,27561,25089,37.1643
27237,40529,26924,20944,37.178
26160,40445,29039,21293,37.183
26476,40369,29227,21433,37.1869
26555,40350,29274,21468,37.1899
29411,33528,27086,21476,37.1958
29648,33471,27227,21581,37.1996
33037,29244,28734,24276,37.2481
26631,39651,27889,21959,37.2568
25238,39643,29816,22168,37.2628
25791,39510,30145,22413,37.2677
27778,32897,27440,22036,37.2761
25304,40737,30777,21251,37.2833
25383,40718,30824,21286,37.2874
26971,35742,30756,21595,37.3097
27050,35723,30803,21630,37.3122
27102,35747,30748,21565,37.3173
27181,35728,30795,21600,37.322
29425,33573,25878,25574,37.3337
29504,33554,25925,25609,37.3375
28956,34685,24832,23341,37.3422
29035,34666,24879,23376,37.3461
32904,29961,26337,26423,37.392
24544,39788,28492,22514,37.6279
27242,33004,26210,22452,37.6523
27321,32985,26257,22487,37.6571
27716,32890,26492,22662,37.6606
27795,32871,26539,22697,37.6646
33031,27392,26256,26233,37.6996
32977,27779,26349,26224,37.7037
32869,28553,26535,26206,37.7067
30955,29406,26503,26843,37.7174
31034,29387,26550,26878,37.7203
32298,29083,27302,27438,37.7252
32614,29007,27490,27578,37.7281
32693,28988,27537,27613,37.732
30813,29323,28502,25260,37.809
30882,28979,28387,25274,37.8202
30864,29108,28418,25271,37.8239
25410,38899,27577,23355,37.8446
25647,38842,27718,23460,37.8495
24096,38872,29551,23599,37.8532
27268,31974,27551,23747,37.8666
27347,31955,27598,23782,37.8694
25763,33877,29530,23943,38.0321
25842,33858,29577,23978,38.0364
26307,33315,27901,22375,38.1042
25775,35057,30287,22826,38.1321
25854,35038,30334,22861,38.136
32763,30330,24980,26838,38.1454
32842,30311,25027,26873,38.1488
34106,30007,25779,27433,38.1536
34185,29988,25826,27468,38.1578
32394,29395,26086,27958,38.2108
32473,29376,26133,27993,38.2148
32868,29281,26368,28168,38.22
31773,33928,25249,24819,38.2482
38784,29460,27544,24139,38.2547
37468,30444,24334,29202,38.2604
36154,29666,25183,26465,38.2646
36233,29647,25230,26500,38.2673
30366,33996,26645,20726,38.3483
34555,29401,29020,23779,38.3604
34685,29399,29032,23836,38.3641
33859,30429,25896,25673,38.3777
35255,29240,28460,24742,38.4044
29382,33187,26474,22227,38.4094
35168,29013,27596,25077,38.4416
35150,29142,27627,25074,38.4446
35159,29529,27623,25083,38.4488
26081,40464,28992,21258,38.4758
26397,40388,29180,21398,38.4796
26713,40312,29368,21538,38.4831
28305,33794,26428,20986,38.4884
28384,33775,26475,21021,38.4913
27936,32859,27534,22106,38.5457
28252,32783,27722,22246,38.5503
28331,32764,27769,22281,38.5534
24988,40813,30589,21111,38.5574
26892,35761,30709,21560,38.5705
28877,34704,24785,23306,38.5922
31324,30341,25397,25723,38.6147
31403,30322,25444,25758,38.6184
24860,39712,28680,22654,38.6975
25413,39579,29009,22899,38.7023
25492,39560,29056,22934,38.7058
27400,32966,26304,22522,38.7243
27637,32909,26445,22627,38.7291
28269,32757,26821,22907,38.7339
33067,27134,26194,26239,38.7568
33049,27263,26225,26236,38.76
28271,33826,25750,24321,38.7656
28350,33807,25797,24356,38.7694
30797,29444,26409,26773,38.7727
30876,29425,26456,26808,38.776
31192,29349,26644,26948,38.7798
31271,29330,26691,26983,38.784
32219,29102,27255,27403,38.7877
32535,29026,27443,27543,38.7926
32772,28969,27584,27648,38.7976
30867,28936,28409,25269,38.8426
30849,29065,28440,25266,38.8466
30846,29237,28449,25268,38.8606
25726,38823,27765,23495,38.8673
26478,32164,27081,23397,38.8776
26557,32145,27128,23432,38.8808
27663,31879,27786,23922,38.8855
27900,31822,27927,24027,38.8907
25684,33896,29483,23908,38.9632
26079,33801,29718,24083,38.9679
25946,33906,29467,23848,38.9848
26025,33887,29514,23883,38.9879
25998,33930,29412,23783,38.9922
25985,35043,30326,22831,39.0479
32605,30368,24886,26768,39.0598
32684,30349,24933,26803,39.0635
33395,30178,25356,27118,39.0675
33474,30159,25403,27153,39.0713
34027,30026,25732,27398,39.0754
32078,29471,25898,27818,39.1337
32631,29338,26227,28063,39.1378
31782,34361,26527,20809,39.1482
31861,34342,26574,20844,39.1534
37547,30425,24381,29237,39.1675
35127,29913,24572,26010,39.1781
35206,29894,24619,26045,39.1813
36312,29628,25277,26535,39.1853
36391,29609,25324,26570,39.191
30445,33977,26692,20761,39.2365
33622,30486,25755,25568,39.2549
35125,29242,28448,24685,39.2852
29303,33206,26427,22192,39.2894
33464,28647,28720,25232,39.298
35204,28755,27534,25083,39.3042
35177,29400,27592,25086,39.3085
25844,40521,28851,21153,39.3304
26634,40331,29321,21503,39.3357
28226,33813,26381,20951,39.3397
29174,33585,26945,21371,39.3428
29253,33566,26992,21406,39.346
29727,33452,27274,21616,39.3505
27857,32878,27487,22071,39.369
28173,32802,27675,22211,39.3736
28410,32745,27816,22316,39.3786
25225,40756,30730,21216,39.3821
25462,40699,30871,21321,39.3863
26734,35799,30615,21490,39.3972
27206,35795,30638,21435,39.4055
28798,34723,24738,23271,39.4149
29114,34647,24926,23411,39.419
29193,34628,24973,23446,39.4232
32430,30075,26055,26213,39.4381
32509,30056,26102,26248,39.4417
24781,39731,28633,22619,39.5356
25334,39598,28962,22864,39.5399
27874,32852,26586,22732,39.5499
27953,32833,26633,22767,39.5545
32746,29284,26743,26183,39.5725
32728,29413,26774,26180,39.5762
28034,33883,25609,24216,39.5811
28113,33864,25656,24251,39.5854
31113,29368,26597,26913,39.5943
32140,29121,27208,27368,39.6002
30831,29194,28471,25263,39.6349
26320,32202,26987,23327,39.6509
26636,32126,27175,23467,39.6566
27584,31898,27739,23887,39.6608
28295,31727,28162,24202,39.666
28374,31708,28209,24237,39.6705
25605,33915,29436,23873,39.7359
25921,33839,29624,24013,39.7405
26000,33820,29671,24048,39.7452
26131,33825,29663,24018,39.7561
25867,33925,29420,23813,39.7636
26104,33868,29561,23918,39.7689
23925,40023,30371,22577,39.7798
24004,40004,30418,22612,39.7828
25513,35047,30303,22886,39.8012
25906,35062,30279,22796,39.8269
26037,35067,30271,22766,39.8309
33316,30197,25309,27083,39.8411
33553,30140,25450,27188,39.8459
33948,30045,25685,27363,39.8505
32315,29414,26039,27923,39.876
32552,29357,26180,28028,39.8816
35038,30851,25637,25651,39.892
34890,29970,24431,25905,39.9034
35917,29723,25042,26360,39.9077
35996,29704,25089,26395,39.9123
33701,30467,25802,25603,39.9568
33780,30448,25849,25638,39.9616
33334,28649,28708,25175,39.9795
35186,28884,27565,25080,39.9856
26002,40483,28945,21223,40.0076
28068,33851,26287,20881,40.013
28147,33832,26334,20916,40.0165
28463,33756,26522,21056,40.0206
28542,33737,26569,21091,40.0254
29332,33547,27039,21441,40.0281
26710,39632,27936,21994,40.0379
25146,40775,30683,21181,40.0452
26813,35780,30662,21525,40.0532
27129,35704,30850,21665,40.0576
27208,35685,30897,21700,40.0616
27260,35709,30842,21635,40.0659
27127,35814,30591,21400,40.0718
27258,35819,30583,21370,40.0754
28719,34742,24691,23236,40.0843
29351,34590,25067,23516,40.0892
29430,34571,25114,23551,40.0938
31482,30303,25491,25793,40.1013
32746,29999,26243,26353,40.1047
32825,29980,26290,26388,40.109
24702,39750,28586,22584,40.1662
25255,39617,28915,22829,40.1707
28032,32814,26680,22802,40.1814
32710,29542,26805,26177,40.193
28192,33845,25703,24286,40.1984
28429,33788,25844,24391,40.2041
31824,29197,27020,27228,40.208
31903,29178,27067,27263,40.2127
25360,38568,30303,24159,40.2347
26399,32183,27034,23362,40.2395
27031,32031,27410,23642,40.2438
27110,32012,27457,23677,40.2488
27426,31936,27645,23817,40.2533
27505,31917,27692,23852,40.2577
28137,31765,28068,24132,40.2638
28216,31746,28115,24167,40.2696
26052,33844,29616,23983,40.3298
23846,40042,30324,22542,40.346
24241,39947,30559,22717,40.3495
26012,35000,30428,22931,40.3809
32921,30292,25074,26908,40.395
33000,30273,25121,26943,40.4
33869,30064,25638,27328,40.4056
34264,29969,25873,27503,40.4111
32157,29452,25945,27853,40.4303
34959,30870,25590,25616,40.4377
35048,29932,24525,25975,40.4428
35285,29875,24666,26080,40.4482
35364,29856,24713,26115,40.453
36075,29685,25136,26430,40.4576
36549,29571,25418,26640,40.4627
25923,40502,28898,21188,40.5119
28700,33699,26663,21161,40.5198
28779,33680,26710,21196,40.525
25067,40794,30636,21146,40.5349
29272,34609,25020,23481,40.5521
30062,34419,25490,23831,40.5571
30141,34400,25537,23866,40.5609
32193,30132,25914,26108,40.5704
32272,30113,25961,26143,40.5753
32667,30018,26196,26318,40.5787
24623,39769,28539,22549,40.6222
25097,39655,28821,22759,40.6273
28190,32776,26774,22872,40.6322
28508,33769,25891,24426,40.6474
31745,29216,26973,27193,40.6517
31982,29159,27114,27298,40.6575
25281,38587,30256,24124,40.6662
26715,32107,27222,23502,40.6722
27189,31993,27504,23712,40.6774
27979,31803,27974,24062,40.6849
28058,31784,28021,24097,40.6899
28453,31689,28256,24272,40.6959
25894,33882,29522,23913,40.723
26129,33935,29404,23753,40.7333
23767,40061,30277,22507,40.7376
24162,39966,30512,22682,40.7414
25592,35028,30350,22921,40.7464
25802,35014,30389,22926,40.7634
25881,34995,30436,22961,40.7668
25933,35019,30381,22896,40.7733
33237,30216,25262,27048,40.7826
33790,30083,25591,27293,40.7886
32236,29433,25992,27888,40.8054
34969,29951,24478,25940,40.8122
35522,29818,24807,26185,40.8198
35601,29799,24854,26220,40.8255
36470,29590,25371,26605,40.8314
28621,33718,26616,21126,40.8627
28937,33642,26804,21266,40.8682
29016,33623,26851,21301,40.8729
29588,34533,25208,23621,40.8849
29667,34514,25255,23656,40.8896
30220,34381,25584,23901,40.8943
31956,30189,25773,26003,40.8992
32035,30170,25820,26038,40.9039
32351,30094,26008,26178,40.9083
32588,30037,26149,26283,40.9124
25176,39636,28868,22794,40.9366
28111,32795,26727,22837,40.9417
32061,29140,27161,27333,40.9532
24728,38720,29927,23879,40.9589
24807,38701,29974,23914,40.9639
26873,32069,27316,23572,40.9684
26952,32050,27363,23607,40.9734
25973,33863,29569,23948,40.9915
24083,39985,30465,22647,41.0048
25829,34971,30491,23026,41.0097
25908,34952,30538,23061,41.0149
25644,35052,30295,22856,41.0257
33158,30235,25215,27013,41.0372
35443,29837,24760,26150,41.0462
35680,29780,24901,26255,41.0513
35759,29761,24948,26290,41.0567
28858,33661,26757,21231,41.0738
29095,33604,26898,21336,41.0787
29509,34552,25161,23586,41.0903
29983,34438,25443,23796,41.0956
31798,30227,25679,25933,41.1018
31877,30208,25726,25968,41.1069
32114,30151,25867,26073,41.1115
25123,38625,30162,24054,41.1313
25202,38606,30209,24089,41.1361
26794,32088,27269,23537,41.1403
26077,33911,29459,23818,41.1556
25750,34990,30444,22991,41.1622
25987,34933,30585,23096,41.1714
25723,35033,30342,22891,41.1801
26039,34957,30530,23031,41.1868
33079,30254,25168,26978,41.1976
35838,29742,24995,26325,41.2065
29825,34476,25349,23726,41.2266
29904,34457,25396,23761,41.2314
31640,30265,25585,25863,41.2364
31719,30246,25632,25898,41.2415
24965,38663,30068,23984,41.2572
25044,38644,30115,24019,41.2623
25671,35009,30397,22956,41.2737
25960,34976,30483,22996,41.2829
29746,34495,25302,23691,41.3026
31561,30284,25538,25828,41.3086
24886,38682,30021,23949,41.3208
