obj0,obj1,obj2
25318,32231,31984
25344,32205,32094
25370,32179,32204
25396,32153,32314
25422,32127,32424
25448,32101,32534
25474,32075,32644
25500,32049,32754
25526,32023,32864
25552,31997,32974
25578,31971,33084
25604,31945,33194
25630,31919,33304
25656,31893,33414
25682,31867,33524
25708,31841,33634
25734,31815,33744
25760,31789,33854
25786,31763,33964
25812,31737,34074
25838,31711,34184
25864,31685,34294
25890,31659,34404
25916,31633,34514
25942,31607,34624
25968,31581,34734
25994,31555,34844
26020,31529,34954
26046,31503,35064
26072,31477,35174
26098,31451,35284
26124,31425,35394
26150,31399,35504
26176,31373,35614
26202,31347,35724
26228,31321,35834
26254,31295,35944
26272,28853,37194
26611,27949,31941
26637,27923,32051
26663,27897,32161
26689,27871,32271
26715,27845,32381
26741,27819,32491
26767,27793,32601
26793,27767,32711
26819,27741,32821
26845,27715,32931
26871,27689,33041
26897,27663,33151
26923,27637,33261
26925,26531,31844
26951,26505,31954
26977,26479,32064
27003,26453,32174
27029,26427,32284
27055,26401,32394
27081,26375,32504
27107,26349,32614
27133,26323,32724
27159,26297,32834
27185,26271,32944
27211,26245,33054
27237,26219,33164
27263,26193,33274
27289,26167,33384
27315,26141,33494
27341,26115,33604
27367,26089,33714
27393,26063,33824
27419,26037,33934
27445,26011,34044
27471,25985,34154
27497,25959,34264
27523,25933,34374
27549,25907,34484
27565,24571,37151
27744,24560,37169
27879,23153,37054
26717,31327,31865
27395,33617,31783
27402,33612,31696
27409,33607,31609
27416,33602,31522
27423,33597,31435
27430,33592,31348
27437,33587,31261
27444,33582,31174
27451,33577,31087
27458,33572,31000
27465,33567,30913
27472,33562,30826
28058,23142,37072
27479,33557,30739
28237,23131,37090
28416,23120,37108
28595,23109,37126
28774,23098,37144
28953,23087,37162
29132,23076,37180
29311,23065,37198
29490,23054,37216
27486,33552,30652
29669,23043,37234
29720,23001,43356
29899,22990,43374
30078,22979,43392
30135,22171,36467
28779,29270,30609
28885,32648,30533
29093,27852,30512
30178,28366,30490
30599,27871,30465
30640,27871,30423
30681,27871,30381
30722,27871,30339
30763,27871,30297
31215,26988,30291
31222,26983,30204
31229,26978,30117
31236,26973,30030
31243,26968,29943
31250,26963,29856
30314,22160,36485
30493,22149,36503
30672,22138,36521
31257,26958,29769
30851,22127,36539
31030,22116,36557
31209,22105,36575
31388,22094,36593
31567,22083,36611
31746,22072,36629
31925,22061,36647
31976,22019,42769
31264,26953,29682
32155,22008,42787
32334,21997,42805
32513,21986,42823
32692,21975,42841
32871,21964,42859
33050,21953,42877
31271,26948,29595
33229,21942,42895
33408,21931,42913
33587,21920,42931
33766,21909,42949
33945,21898,42967
34067,21746,35849
34953,27873,29578
34960,27868,29491
34967,27863,29404
35908,21594,42151
35274,26450,29394
35281,26445,29307
36323,20764,35262
36366,26959,29285
36787,26464,29260
36828,26464,29218
36869,26464,29176
36910,26464,29134
36951,26464,29092
37403,25581,29086
37410,25576,28999
37417,25571,28912
37424,25566,28825
26280,31269,36054
26306,31243,36164
26332,31217,36274
26358,31191,36384
26384,31165,36494
26410,31139,36604
26436,31113,36714
26462,31087,36824
26488,31061,36934
26514,31035,37044
26540,31009,37154
37431,25561,28738
37438,25556,28651
37445,25551,28564
27575,25881,34594
27601,25855,34704
27627,25829,34814
27653,25803,34924
27679,25777,35034
27705,25751,35144
27731,25725,35254
27428,33586,31806
27435,33581,31719
27757,25699,35364
27442,33576,31632
27449,33571,31545
27456,33566,31458
27461,33555,31829
27468,33550,31742
27475,33545,31655
27482,33540,31568
27489,33535,31481
27496,33530,31394
27501,33519,31765
27508,33514,31678
27783,25673,35474
27515,33509,31591
27463,33561,31371
27522,33504,31504
27529,33499,31417
27534,33488,31788
27541,33483,31701
27548,33478,31614
27555,33473,31527
27562,33468,31440
27567,33457,31811
27574,33452,31724
27581,33447,31637
27809,25647,35584
27588,33442,31550
27595,33437,31463
27600,33426,31834
27607,33421,31747
27614,33416,31660
27621,33411,31573
27628,33406,31486
27635,33401,31399
27640,33390,31770
27602,33432,31376
27647,33385,31683
27654,33380,31596
27835,25621,35694
27661,33375,31509
27668,33370,31422
27673,33359,31793
27680,33354,31706
27687,33349,31619
27694,33344,31532
27569,33463,31353
27706,33328,31816
27713,33323,31729
27720,33318,31642
27739,33297,31839
27861,25595,35804
27746,33292,31752
28010,27045,31822
27536,33494,31330
27503,33525,31307
28431,26550,31797
27470,33556,31284
27642,33396,31312
28472,26550,31755
27887,25569,35914
27609,33427,31289
27913,25543,36024
27576,33458,31266
27939,25517,36134
28513,26550,31713
27543,33489,31243
27965,25491,36244
27510,33520,31220
27991,25465,36354
27477,33551,31197
28554,26550,31671
28017,25439,36464
27616,33422,31202
28043,25413,36574
27583,33453,31179
28595,26550,31629
28069,25387,36684
27550,33484,31156
28095,25361,36794
27517,33515,31133
28702,29325,31566
28121,25335,36904
27484,33546,31110
28147,25309,37014
28300,25324,36922
28326,25298,37032
28399,24265,36088
27590,33448,31092
28709,29320,31479
28274,25350,36812
27557,33479,31069
27524,33510,31046
28248,25376,36702
27491,33541,31023
28222,25402,36592
28196,25428,36482
28375,25417,36500
28716,29315,31392
27564,33474,30982
28170,25454,36372
28349,25443,36390
27531,33505,30959
28144,25480,36262
27498,33536,30936
28323,25469,36280
28118,25506,36152
28297,25495,36170
28723,29310,31305
28092,25532,36042
28271,25521,36060
27538,33500,30872
28066,25558,35932
28450,25510,36078
28245,25547,35950
28782,25514,36004
28603,25525,35986
28424,25536,35968
28961,25503,36022
27505,33531,30849
29140,25492,36040
29211,24710,36018
28040,25584,35822
28219,25573,35840
29114,25518,35930
28935,25529,35912
28756,25540,35894
29233,25497,31477
28577,25551,35876
28398,25562,35858
28730,29305,31218
29259,25471,31587
28014,25610,35712
29207,25523,31367
29285,25445,31697
29088,25544,35820
28909,25555,35802
28193,25599,35730
28730,25566,35784
28551,25577,35766
28372,25588,35748
29311,25419,31807
27988,25636,35602
29181,25549,31257
29062,25570,35710
28883,25581,35692
28167,25625,35620
28704,25592,35674
28525,25603,35656
28346,25614,35638
29337,25393,31917
27512,33526,30762
29363,25367,32027
27962,25662,35492
29848,23032,37252
29155,25575,31147
29036,25596,35600
28857,25607,35582
28678,25618,35564
28141,25651,35510
28499,25629,35546
28320,25640,35528
29389,25341,32137
28737,29300,31131
30027,23021,37270
37452,25546,28477
29415,25315,32247
27936,25688,35382
29129,25601,31037
29010,25622,35490
28831,25633,35472
28652,25644,35454
28115,25677,35400
28473,25655,35436
28294,25666,35418
29441,25289,32357
29467,25263,32467
27910,25714,35272
29103,25627,30927
28984,25648,35380
28805,25659,35362
28626,25670,35344
28447,25681,35326
28089,25703,35290
28268,25692,35308
29493,25237,32577
29519,25211,32687
27884,25740,35162
28958,25674,35270
28779,25685,35252
28600,25696,35234
28421,25707,35216
28063,25729,35180
28242,25718,35198
28744,29295,31044
29545,25185,32797
27858,25766,35052
29571,25159,32907
28932,25700,35160
28753,25711,35142
28574,25722,35124
28395,25733,35106
28037,25755,35070
28216,25744,35088
29597,25133,33017
29085,25715,35068
27832,25792,34942
29623,25107,33127
28906,25726,35050
28727,25737,35032
28548,25748,35014
28369,25759,34996
28011,25781,34960
28190,25770,34978
29649,25081,33237
28751,29290,30957
29059,25741,34958
28880,25752,34940
29675,25055,33347
27806,25818,34832
28701,25763,34922
28522,25774,34904
28343,25785,34886
27985,25807,34850
28164,25796,34868
29701,25029,33457
29033,25767,34848
28854,25778,34830
29727,25003,33567
27780,25844,34722
28675,25789,34812
28496,25800,34794
28317,25811,34776
27959,25833,34740
28138,25822,34758
29753,24977,33677
29007,25793,34738
29779,24951,33787
28828,25804,34720
28649,25815,34702
27754,25870,34612
28470,25826,34684
28291,25837,34666
27933,25859,34630
28112,25848,34648
29805,24925,33897
28758,29285,30870
28981,25819,34628
29831,24899,34007
28802,25830,34610
28623,25841,34592
27728,25896,34502
28444,25852,34574
28265,25863,34556
28086,25874,34538
27907,25885,34520
29857,24873,34117
29883,24847,34227
28955,25845,34518
28776,25856,34500
28597,25867,34482
27702,25922,34392
28418,25878,34464
28239,25889,34446
28060,25900,34428
27881,25911,34410
29909,24821,34337
29935,24795,34447
28929,25871,34408
28750,25882,34390
28765,29280,30783
28571,25893,34372
27676,25948,34282
28392,25904,34354
28213,25915,34336
28034,25926,34318
27855,25937,34300
29946,24284,35999
29961,24769,34557
29082,25886,34316
28903,25897,34298
28516,24262,36214
29987,24743,34667
28724,25908,34280
28578,24254,36106
28545,25919,34262
28366,25930,34244
27650,25974,34172
28695,24251,36232
29390,24699,36036
28187,25941,34226
28757,24243,36124
28008,25952,34208
27829,25963,34190
29569,24688,36054
28874,24240,36250
28936,24232,36142
29987,24284,35957
29748,24677,36072
29053,24229,36268
29115,24221,36160
29905,24284,36041
29864,24284,36083
29232,24218,36286
30013,24717,34777
29056,25912,34206
29294,24210,36178
28877,25923,34188
28698,25934,34170
29344,23172,37049
28519,25945,34152
29385,23172,37007
28340,25956,34134
27624,26000,34062
28161,25967,34116
27982,25978,34098
30028,24284,35915
27803,25989,34080
29411,24207,36304
29426,23172,36965
28772,29275,30696
30033,24484,35896
29467,23172,36923
29030,25938,34096
30039,24691,34887
28851,25949,34078
28672,25960,34060
28493,25971,34042
28314,25982,34024
29473,24199,36196
27598,26026,33952
28135,25993,34006
27956,26004,33988
30040,24479,35809
27777,26015,33970
29508,23172,36881
29549,23172,36839
29004,25964,33986
28825,25975,33968
26920,27808,32509
28646,25986,33950
29590,24196,36322
38164,20612,41564
28467,25997,33932
29652,24188,36214
30047,24474,35722
28288,26008,33914
27572,26052,33842
29769,24185,36340
28109,26019,33896
29831,24177,36232
27930,26030,33878
27751,26041,33860
29948,24174,36358
30010,24166,36250
30127,24163,36376
28978,25990,33876
30065,24665,34997
28799,26001,33858
28620,26012,33840
28441,26023,33822
28262,26034,33804
27546,26078,33732
28083,26045,33786
27904,26056,33768
30091,24639,35107
27725,26067,33750
26894,27834,32399
30117,24613,35217
28952,26016,33766
28773,26027,33748
28594,26038,33730
28415,26049,33712
28236,26060,33694
30143,24587,35327
27520,26104,33622
28057,26071,33676
27878,26082,33658
27699,26093,33640
30169,24561,35437
30069,24284,35873
28926,26042,33656
28747,26053,33638
26868,27860,32289
28568,26064,33620
30195,24535,35547
28389,26075,33602
30219,24468,35827
28210,26086,33584
30226,24463,35740
28031,26097,33566
27494,26130,33512
30304,23292,35123
27852,26108,33548
27673,26119,33530
30221,24509,35657
30189,24155,36268
29079,26057,33564
28900,26068,33546
28721,26079,33528
28542,26090,33510
28363,26101,33492
28184,26112,33474
28005,26123,33456
27468,26156,33402
27826,26134,33438
27647,26145,33420
26842,27886,32179
30084,24273,36059
30263,24262,36077
30125,24273,36017
28735,29294,31589
29053,26083,33454
28742,29289,31502
28749,29284,31415
28874,26094,33436
28756,29279,31328
28763,29274,31241
28695,26105,33418
28768,29263,31612
28775,29258,31525
28516,26116,33400
30166,24273,35975
28782,29253,31438
28789,29248,31351
28337,26127,33382
28796,29243,31264
28803,29238,31177
28808,29227,31548
28158,26138,33364
28770,29269,31154
28815,29222,31461
28822,29217,31374
27979,26149,33346
28829,29212,31287
27442,26182,33292
28836,29207,31200
30207,24273,35933
27800,26160,33328
28841,29196,31571
27621,26171,33310
28848,29191,31484
28855,29186,31397
28862,29181,31310
28869,29176,31223
30296,24602,35235
28874,29165,31594
28881,29160,31507
30248,24273,35891
28888,29155,31420
29027,26109,33344
28895,29150,31333
28902,29145,31246
28907,29134,31617
28848,26120,33326
28914,29129,31530
28921,29124,31443
28669,26131,33308
28928,29119,31356
26816,27912,32069
28935,29114,31269
28490,26142,33290
28947,29098,31553
28909,29140,31159
28311,26153,33272
30270,24628,35125
28954,29093,31466
28961,29088,31379
28980,29067,31576
28132,26164,33254
28876,29171,31136
27953,26175,33236
28987,29062,31489
27416,26208,33182
29009,27912,31556
27774,26186,33218
28843,29202,31113
27595,26197,33200
28810,29233,31090
30244,24654,35015
29001,26135,33234
28822,26146,33216
30423,24643,35033
28777,29264,31067
30602,24632,35051
28643,26157,33198
30781,24621,35069
28464,26168,33180
28285,26179,33162
30960,24610,35087
28106,26190,33144
30218,24680,34905
31139,24599,35105
27927,26201,33126
27390,26234,33072
30397,24669,34923
27748,26212,33108
26790,27938,31959
30576,24658,34941
30755,24647,34959
30934,24636,34977
31113,24625,34995
31292,24614,35013
31471,24603,35031
31650,24592,35049
27569,26223,33090
31829,24581,35067
29016,27907,31469
32008,24570,35085
28975,26161,33124
29086,27857,30599
28883,29166,31049
30192,24706,34795
28796,26172,33106
32187,24559,35103
28617,26183,33088
30371,24695,34813
31266,24640,34903
31445,24629,34921
31087,24651,34885
31624,24618,34939
28850,29197,31026
30908,24662,34867
31803,24607,34957
30729,24673,34849
31982,24596,34975
32366,24548,35121
30550,24684,34831
32161,24585,34993
32340,24574,35011
28438,26194,33070
32519,24563,35029
32698,24552,35047
28259,26205,33052
32877,24541,35065
28817,29228,31003
28080,26216,33034
33056,24530,35083
27901,26227,33016
27364,26260,32962
30166,24732,34685
33235,24519,35101
27722,26238,32998
28784,29259,30980
27543,26249,32980
30345,24721,34703
32135,24611,34883
31956,24622,34865
32314,24600,34901
31777,24633,34847
32493,24589,34919
31598,24644,34829
33414,24508,35119
32672,24578,34937
31419,24655,34811
32851,24567,34955
31240,24666,34793
33030,24556,34973
31061,24677,34775
33209,24545,34991
30882,24688,34757
33388,24534,35009
30703,24699,34739
33567,24523,35027
30524,24710,34721
33737,24500,33279
28949,26187,33014
33763,24474,33389
28770,26198,32996
28591,26209,32978
29023,27902,31382
30140,24758,34575
28412,26220,32960
32768,24599,33935
32589,24610,33917
32947,24588,33953
32465,24618,33878
33126,24577,33971
32288,24626,34791
33305,24566,33989
32109,24637,34773
33484,24555,34007
31930,24648,34755
33663,24544,34025
32823,24596,33914
32644,24607,33896
33002,24585,33932
31751,24659,34737
33711,24526,33169
33181,24574,33950
33360,24563,33968
31572,24670,34719
33539,24552,33986
28233,26231,32942
31393,24681,34701
30319,24747,34593
31214,24692,34683
31035,24703,34665
30856,24714,34647
32825,24593,34845
32646,24604,34827
33004,24582,34863
32467,24615,34809
33183,24571,34881
30677,24725,34629
33362,24560,34899
33541,24549,34917
30498,24736,34611
33789,24448,33499
32830,24591,33827
32651,24602,33809
33009,24580,33845
32472,24613,33791
33188,24569,33863
32458,24623,33965
33367,24558,33881
33546,24547,33899
28054,26242,32924
27875,26253,32906
27338,26286,32852
27696,26264,32888
27517,26275,32870
33815,24422,33609
28857,29192,30939
30114,24784,34465
29102,26202,32922
32444,24633,34139
32430,24643,34313
32262,24652,34681
32083,24663,34663
31904,24674,34645
31725,24685,34627
31546,24696,34609
31367,24707,34591
32451,24628,34052
31188,24718,34573
32437,24638,34226
31009,24729,34555
28923,26213,32904
30293,24773,34483
30830,24740,34537
30651,24751,34519
32423,24648,34400
30472,24762,34501
28824,29223,30916
28744,26224,32886
33841,24396,33719
28565,26235,32868
28791,29254,30893
28386,26246,32850
28207,26257,32832
30088,24810,34355
32409,24658,34574
32402,24663,34661
33867,24370,33829
32236,24678,34571
28028,26268,32814
32057,24689,34553
31878,24700,34535
31699,24711,34517
31520,24722,34499
32416,24653,34487
31341,24733,34481
31162,24744,34463
30983,24755,34445
30804,24766,34427
30267,24799,34373
30625,24777,34409
27849,26279,32796
29030,27897,31295
30446,24788,34391
27312,26312,32742
27670,26290,32778
27491,26301,32760
33893,24344,33939
29076,26228,32812
28897,26239,32794
32389,24693,34479
32210,24704,34461
30062,24836,34245
32031,24715,34443
28718,26250,32776
31852,24726,34425
31673,24737,34407
31494,24748,34389
31315,24759,34371
31136,24770,34353
30957,24781,34335
33919,24318,34049
30778,24792,34317
28539,26261,32758
30241,24825,34263
30599,24803,34299
30420,24814,34281
28360,26272,32740
28181,26283,32722
28002,26294,32704
33945,24292,34159
28831,29218,30829
27823,26305,32686
32363,24719,34369
32184,24730,34351
32005,24741,34333
31826,24752,34315
30036,24862,34135
31647,24763,34297
27286,26338,32632
31468,24774,34279
27644,26316,32668
31289,24785,34261
31110,24796,34243
28798,29249,30806
30931,24807,34225
30752,24818,34207
27465,26327,32650
30573,24829,34189
30215,24851,34153
30394,24840,34171
33971,24266,34269
29050,26254,32702
28871,26265,32684
29037,27892,31208
28692,26276,32666
28513,26287,32648
32337,24745,34259
33997,24240,34379
32158,24756,34241
31979,24767,34223
31800,24778,34205
31621,24789,34187
28334,26298,32630
31442,24800,34169
30010,24888,34025
31263,24811,34151
31084,24822,34133
30905,24833,34115
30726,24844,34097
28155,26309,32612
30547,24855,34079
30189,24877,34043
30368,24866,34061
27976,26320,32594
34023,24214,34489
27797,26331,32576
27260,26364,32522
27618,26342,32558
32311,24771,34149
27439,26353,32540
32132,24782,34131
31953,24793,34113
29024,26280,32592
31774,24804,34095
31595,24815,34077
34049,24188,34599
31416,24826,34059
31237,24837,34041
29984,24914,33915
31058,24848,34023
28845,26291,32574
30879,24859,34005
30700,24870,33987
30521,24881,33969
30163,24903,33933
30342,24892,33951
28666,26302,32556
28487,26313,32538
34075,24162,34709
28805,29244,30719
28308,26324,32520
29044,27887,31121
32285,24797,34039
28129,26335,32502
32106,24808,34021
31927,24819,34003
31748,24830,33985
31569,24841,33967
27950,26346,32484
31390,24852,33949
31211,24863,33931
34101,24136,34819
29958,24940,33805
31032,24874,33913
30853,24885,33895
27771,26357,32466
30674,24896,33877
30495,24907,33859
30137,24929,33823
30316,24918,33841
27234,26390,32412
27592,26368,32448
27413,26379,32430
28998,26306,32482
34127,24110,34929
28819,26317,32464
32438,24812,33947
32259,24823,33929
32080,24834,33911
31901,24845,33893
28640,26328,32446
31722,24856,33875
31543,24867,33857
31364,24878,33839
31185,24889,33821
29042,27881,31579
28461,26339,32428
31006,24900,33803
29932,24966,33695
34153,24084,35039
30827,24911,33785
29049,27876,31492
30648,24922,33767
29056,27871,31405
28282,26350,32410
30469,24933,33749
29063,27866,31318
30111,24955,33713
29070,27861,31231
30290,24944,33731
29075,27850,31602
28103,26361,32392
29082,27845,31515
29089,27840,31428
29096,27835,31341
27924,26372,32374
34587,22858,34883
32412,24838,33837
29051,27882,31034
32233,24849,33819
27745,26383,32356
32054,24860,33801
31875,24871,33783
31696,24882,33765
31517,24893,33747
29077,27856,31144
27566,26394,32338
27208,26416,32302
31338,24904,33729
31159,24915,33711
27387,26405,32320
30980,24926,33693
28972,26332,32372
30801,24937,33675
29906,24992,33585
30622,24948,33657
30443,24959,33639
28793,26343,32354
30085,24981,33603
30264,24970,33621
28614,26354,32336
28435,26365,32318
32386,24864,33727
32207,24875,33709
32028,24886,33691
31849,24897,33673
28256,26376,32300
31670,24908,33655
32565,24853,33745
31491,24919,33637
31312,24930,33619
28077,26387,32282
31133,24941,33601
32744,24842,33763
30954,24952,33583
35395,24116,30162
30775,24963,33565
27898,26398,32264
29880,25018,33475
30596,24974,33547
32923,24831,33781
30417,24985,33529
35369,24142,30052
29029,29186,31044
30238,24996,33511
30059,25007,33493
27719,26409,32246
33255,24835,33707
29036,29181,30957
33076,24846,33689
33425,24812,31959
32897,24857,33671
32718,24868,33653
35399,23303,34813
27540,26420,32228
27182,26442,32192
32539,24879,33635
32360,24890,33617
27361,26431,32210
28946,26358,32262
32181,24901,33599
33451,24786,32069
32002,24912,33581
31823,24923,33563
29058,27877,30947
28767,26369,32244
29084,27851,31057
31644,24934,33545
31465,24945,33527
35343,24168,29942
31286,24956,33509
28588,26380,32226
31107,24967,33491
30928,24978,33473
33477,24760,32179
30749,24989,33455
28409,26391,32208
29854,25044,33365
33399,24838,31849
30570,25000,33437
35421,24090,30272
30391,25011,33419
33229,24861,33597
30212,25022,33401
28230,26402,32190
33050,24872,33579
30033,25033,33383
32871,24883,33561
32692,24894,33543
33503,24734,32289
32513,24905,33525
28051,26413,32172
32334,24916,33507
35317,24194,29832
32155,24927,33489
35447,24064,30382
31976,24938,33471
27872,26424,32154
31797,24949,33453
31618,24960,33435
31439,24971,33417
27693,26435,32136
33529,24708,32399
31260,24982,33399
29099,26373,32170
31081,24993,33381
28189,27034,31840
27514,26446,32118
30902,25004,33363
27156,26468,32082
28390,26550,31839
33373,24864,31739
29564,23161,37025
30723,25015,33345
35473,24038,30492
28920,26384,32152
27335,26457,32100
30544,25026,33327
29828,25070,33255
33203,24887,33487
30365,25037,33309
35291,24220,29722
33555,24682,32509
33024,24898,33469
28741,26395,32134
29605,23161,36983
30186,25048,33291
32845,24909,33451
30007,25059,33273
29743,23150,37043
32666,24920,33433
32487,24931,33415
29784,23150,37001
28562,26406,32116
32308,24942,33397
29922,23139,37061
32129,24953,33379
29963,23139,37019
35499,24012,30602
29646,23161,36941
29091,27846,30970
31950,24964,33361
30101,23128,37079
33581,24656,32619
28383,26417,32098
31771,24975,33343
29825,23150,36959
31592,24986,33325
29065,27872,30860
29003,29212,30934
29010,29207,30847
31413,24997,33307
28204,26428,32080
30004,23139,36977
31234,25008,33289
29687,23161,36899
31055,25019,33271
28025,26439,32062
30876,25030,33253
33347,24890,31629
29866,23150,36917
33607,24630,32729
35525,23986,30712
30697,25041,33235
33177,24913,33377
30518,25052,33217
30045,23139,36935
27846,26450,32044
29802,25096,33145
29728,23161,36857
32998,24924,33359
30339,25063,33199
32819,24935,33341
30160,25074,33181
33685,24552,33059
32640,24946,33323
29907,23150,36875
29981,25085,33163
27667,26461,32026
33659,24578,32949
32461,24957,33305
33633,24604,32839
29073,26399,32060
32282,24968,33287
30086,23139,36893
35551,23960,30822
32103,24979,33269
27488,26472,32008
27130,26494,31972
30421,23289,35249
31924,24990,33251
28894,26410,32042
30483,23281,35141
31745,25001,33233
27309,26483,31990
31566,25012,33215
28715,26421,32024
31387,25023,33197
30600,23278,35267
31208,25034,33179
30662,23270,35159
31029,25045,33161
35577,23934,30932
33321,24916,31519
28536,26432,32006
30850,25056,33143
30779,23267,35285
30671,25067,33125
33151,24939,33267
30841,23259,35177
28357,26443,31988
32972,24950,33249
30492,25078,33107
29776,25122,33035
32793,24961,33231
30313,25089,33089
32614,24972,33213
30958,23256,35303
30134,25100,33071
28178,26454,31970
29955,25111,33053
32435,24983,33195
31020,23248,35195
29098,27841,30883
35603,23908,31042
32256,24994,33177
32077,25005,33159
27999,26465,31952
31137,23245,35321
31898,25016,33141
31199,23237,35213
31719,25027,33123
27820,26476,31934
29072,27867,30773
31540,25038,33105
31361,25049,33087
31316,23234,35339
31378,23226,35231
27641,26487,31916
31182,25060,33069
35629,23882,31152
33295,24942,31409
31003,25071,33051
30824,25082,33033
31495,23223,35357
27462,26498,31898
33125,24965,33157
27104,26520,31862
30645,25093,33015
31557,23215,35249
32946,24976,33139
30466,25104,32997
27283,26509,31880
32767,24987,33121
28977,29238,30824
29750,25148,32925
28984,29233,30737
30287,25115,32979
32588,24998,33103
31674,23212,35375
35655,23856,31262
32409,25009,33085
31736,23204,35267
30108,25126,32961
29929,25137,32943
32230,25020,33067
32051,25031,33049
31853,23201,35393
31872,25042,33031
31915,23193,35285
31693,25053,33013
31514,25064,32995
32032,23190,35411
35681,23830,31372
32104,22050,36665
31335,25075,32977
32094,23182,35303
28964,26476,31927
31156,25086,32959
33269,24968,31299
29005,26476,31885
30977,25097,32941
32211,23179,35429
28785,26487,31909
33099,24991,33047
30798,25108,32923
32273,23171,35321
32920,25002,33029
30619,25119,32905
28826,26487,31867
32741,25013,33011
28606,26498,31891
30440,25130,32887
32283,22039,36683
35707,23804,31482
32390,23168,35447
32562,25024,32993
29724,25174,32815
30261,25141,32869
28647,26498,31849
32452,23160,35339
32383,25035,32975
30082,25152,32851
32204,25046,32957
29903,25163,32833
32025,25057,32939
32569,23157,35465
32631,23149,35357
31846,25068,32921
28539,26524,31823
29079,27862,30686
31667,25079,32903
32462,22028,36701
35733,23778,31592
31488,25090,32885
32748,23146,35483
32810,23138,35375
31309,25101,32867
28718,26513,31841
33243,24994,31189
31130,25112,32849
28938,26502,31817
32927,23135,35501
28759,26513,31799
30951,25123,32831
33073,25017,32937
28580,26524,31781
32989,23127,35393
30772,25134,32813
32641,22017,36719
32894,25028,32919
35759,23752,31702
30593,25145,32795
32715,25039,32901
33106,23124,35519
30414,25156,32777
32536,25050,32883
33168,23116,35411
32357,25061,32865
30235,25167,32759
29698,25200,32705
32178,25072,32847
30056,25178,32741
32820,22006,36737
33285,23113,35537
28979,26502,31775
29877,25189,32723
31999,25083,32829
33347,23105,35429
31820,25094,32811
35785,23726,31812
28951,29264,30714
28800,26513,31757
28958,29259,30627
31641,25105,32793
33464,23102,35555
28621,26524,31739
31462,25116,32775
33526,23094,35447
32999,21995,36755
31283,25127,32757
33217,25020,31079
31104,25138,32739
33643,23091,35573
33705,23083,35465
35280,24441,33604
33047,25043,32827
30925,25149,32721
35811,23700,31922
32868,25054,32809
30746,25160,32703
33178,21984,36773
32689,25065,32791
33822,23080,35591
30567,25171,32685
33884,23072,35483
32510,25076,32773
30388,25182,32667
29091,26517,31725
32331,25087,32755
28692,26539,31731
30209,25193,32649
29672,25226,32595
34001,23069,35609
32152,25098,32737
28912,26528,31707
34063,23061,35501
30030,25204,32631
28733,26539,31689
35837,23674,32032
31973,25109,32719
33357,21973,36791
29851,25215,32613
31794,25120,32701
31615,25131,32683
31436,25142,32665
35254,24467,33494
33191,25046,30969
31257,25153,32647
33536,21962,36809
35863,23648,32142
31078,25164,32629
28953,26528,31665
33021,25069,32717
30899,25175,32611
32842,25080,32699
30720,25186,32593
28774,26539,31647
32663,25091,32681
33715,21951,36827
30541,25197,32575
32484,25102,32663
30362,25208,32557
32305,25113,32645
35889,23622,32252
30183,25219,32539
32126,25124,32627
29646,25252,32485
30004,25230,32521
31947,25135,32609
35228,24493,33384
29825,25241,32503
33894,21940,36845
35269,24493,33342
31768,25146,32591
31589,25157,32573
31410,25168,32555
35915,23596,32362
33165,25072,30859
31231,25179,32537
31052,25190,32519
32995,25095,32607
30873,25201,32501
32816,25106,32589
32637,25117,32571
30694,25212,32483
35941,23570,32472
32458,25128,32553
30515,25223,32465
35202,24519,33274
32279,25139,32535
30336,25234,32447
35243,24519,33232
32100,25150,32517
30157,25245,32429
29620,25278,32375
31921,25161,32499
29978,25256,32411
29799,25267,32393
31742,25172,32481
35967,23544,32582
31563,25183,32463
35284,24519,33190
33139,25098,30749
31384,25194,32445
31205,25205,32427
32969,25121,32497
31026,25216,32409
32790,25132,32479
30847,25227,32391
35993,23518,32692
35176,24545,33164
32611,25143,32461
35217,24545,33122
30668,25238,32373
32432,25154,32443
30489,25249,32355
32253,25165,32425
30310,25260,32337
32074,25176,32407
30131,25271,32319
36019,23492,32802
31895,25187,32389
29594,25304,32265
35258,24545,33080
29952,25282,32301
31716,25198,32371
29773,25293,32283
31537,25209,32353
33113,25124,30639
31358,25220,32335
35150,24571,33054
31179,25231,32317
36045,23466,32912
35191,24571,33012
32943,25147,32387
31000,25242,32299
32764,25158,32369
30821,25253,32281
32585,25169,32351
30642,25264,32263
32406,25180,32333
30463,25275,32245
29105,27836,30796
32227,25191,32315
36071,23440,33022
35232,24571,32970
29112,27831,30709
29119,27826,30622
30284,25286,32227
29131,27810,30906
32048,25202,32297
34180,23058,35627
30105,25297,32209
31869,25213,32279
29138,27805,30819
29145,27800,30732
34242,23050,35519
29568,25330,32155
29171,27774,30842
29926,25308,32191
31690,25224,32261
35124,24597,32944
29747,25319,32173
34359,23047,35645
31511,25235,32243
35165,24597,32902
29350,27763,30860
35273,24571,32928
36097,23414,33132
34421,23039,35537
29529,27752,30878
31332,25246,32225
33096,25162,32295
29708,27741,30896
34538,23036,35663
31153,25257,32207
32917,25173,32277
29887,27730,30914
37459,25541,28390
30974,25268,32189
30398,27723,30858
32738,25184,32259
30577,27712,30876
30795,25279,32171
32559,25195,32241
30756,27701,30894
35206,24597,32860
36123,23388,33242
30219,27734,30840
30935,27690,30912
30616,25290,32153
32380,25206,32223
31166,27023,30900
32201,25217,32205
30437,25301,32135
32022,25228,32187
30040,27745,30822
30258,25312,32117
35098,24623,32834
35139,24623,32792
31843,25239,32169
30079,25323,32099
35247,24597,32818
36134,22877,34794
29542,25356,32045
31664,25250,32151
29900,25334,32081
31173,27018,30813
29861,27756,30804
31088,27705,30820
36149,23362,33352
29721,25345,32063
31485,25261,32133
35288,24597,32776
33070,25188,32185
31306,25272,32115
32891,25199,32167
29682,27767,30786
31127,25283,32097
35180,24623,32750
30909,27716,30802
32712,25210,32149
30948,25294,32079
29317,27794,30837
36175,23336,33462
29324,27789,30750
32533,25221,32131
30769,25305,32061
29503,27778,30768
30730,27727,30784
32354,25232,32113
30590,25316,32043
35072,24649,32724
32175,25243,32095
35113,24649,32682
35221,24623,32708
30411,25327,32025
31996,25254,32077
30551,27738,30766
36052,22877,34878
30232,25338,32007
36093,22877,34836
36175,22877,34752
31817,25265,32059
35262,24623,32666
30053,25349,31989
31638,25276,32041
29516,25382,31935
29874,25360,31971
30372,27749,30748
35154,24649,32640
31459,25287,32023
29695,25371,31953
36201,23310,33572
33044,25214,32075
31280,25298,32005
32865,25225,32057
30193,27760,30730
31101,25309,31987
32686,25236,32039
30922,25320,31969
31180,27013,30726
35046,24675,32614
32507,25247,32021
35087,24675,32572
35195,24649,32598
30743,25331,31951
30014,27771,30712
36216,22877,34710
32328,25258,32003
30564,25342,31933
32149,25269,31985
35236,24649,32556
30385,25353,31915
31970,25280,31967
29835,27782,30694
31062,27731,30710
36221,23077,34691
30206,25364,31897
31791,25291,31949
35128,24675,32530
36227,23284,33682
30027,25375,31879
31612,25302,31931
29656,27793,30676
30883,27742,30692
29490,25408,31825
29848,25386,31861
31433,25313,31913
35277,24649,32514
29669,25397,31843
33018,25240,31965
29291,27820,30727
31254,25324,31895
29298,27815,30640
35020,24701,32504
32839,25251,31947
29477,27804,30658
30704,27753,30674
35061,24701,32462
35169,24675,32488
31075,25335,31877
36228,23072,34604
32660,25262,31929
30896,25346,31859
32481,25273,31911
35210,24675,32446
34704,22855,35009
30525,27764,30656
30717,25357,31841
32302,25284,31893
34821,22852,35135
34938,22849,35261
30538,25368,31823
32123,25295,31875
35055,22846,35387
35102,24701,32420
35172,22843,35513
30359,25379,31805
30346,27775,30638
31944,25306,31857
35289,22840,35639
31187,27008,30639
35406,22837,35765
30180,25390,31787
36235,23067,34517
31765,25317,31839
35532,21765,35844
35573,21765,35802
35251,24675,32404
30001,25401,31769
31586,25328,31821
30167,27786,30620
34994,24727,32394
29464,25434,31715
29822,25412,31751
31407,25339,31803
35143,24701,32378
35035,24727,32352
32992,25266,31855
35614,21765,35760
29643,25423,31733
31228,25350,31785
30357,28355,30508
32813,25277,31837
29988,27797,30602
30558,27871,30507
35655,21765,35718
31049,25361,31767
35184,24701,32336
32634,25288,31819
36253,23258,33792
30870,25372,31749
32455,25299,31801
29809,27808,30584
35076,24727,32310
35696,21765,35676
30691,25383,31731
32276,25310,31783
30512,25394,31713
32097,25321,31765
35225,24701,32294
35737,21765,35634
29630,27819,30566
31194,27003,30552
30333,25405,31695
31918,25332,31747
31199,26992,30923
36279,23232,33902
31201,26998,30465
31206,26987,30836
31213,26982,30749
34968,24753,32284
31739,25343,31729
30154,25416,31677
31220,26977,30662
29265,27846,30617
35117,24727,32268
35009,24753,32242
31227,26972,30575
29272,27841,30530
31234,26967,30488
29451,27830,30548
31560,25354,31711
31239,26956,30859
29975,25427,31659
31246,26951,30772
31253,26946,30685
31381,25365,31693
32966,25292,31745
29796,25438,31641
31260,26941,30598
29438,25460,31605
35158,24727,32226
31267,26936,30511
36305,23206,34012
31272,26925,30882
29617,25449,31623
31202,25376,31675
32787,25303,31727
31279,26920,30795
31286,26915,30708
31293,26910,30621
35050,24753,32200
31300,26905,30534
32608,25314,31709
31023,25387,31657
31305,26894,30905
31312,26889,30818
32429,25325,31691
30844,25398,31639
31319,26884,30731
31132,27797,30595
31326,26879,30644
31333,26874,30557
36331,23180,34122
31340,26869,30470
35199,24727,32184
32250,25336,31673
30665,25409,31621
31345,26858,30841
31173,27797,30553
31352,26853,30754
32071,25347,31655
31359,26848,30667
30486,25420,31603
31307,26900,30447
31366,26843,30580
34942,24779,32174
30953,27808,30577
31373,26838,30493
35091,24753,32158
31378,26827,30864
34983,24779,32132
31892,25358,31637
30307,25431,31585
31385,26822,30777
30994,27808,30535
31274,26931,30424
31392,26817,30690
31399,26812,30603
31713,25369,31619
36357,23154,34232
31406,26807,30516
30128,25442,31567
31411,26796,30887
30774,27819,30559
35132,24753,32116
31241,26962,30401
31418,26791,30800
31534,25380,31601
31425,26786,30713
29949,25453,31549
31432,26781,30626
30815,27819,30517
31439,26776,30539
32940,25318,31635
31444,26765,30910
31355,25391,31583
29770,25464,31531
31208,26993,30378
35024,24779,32090
29412,25486,31495
31451,26760,30823
31458,26755,30736
32761,25329,31617
31176,25402,31565
31465,26750,30649
29591,25475,31513
36383,23128,34342
31472,26745,30562
31479,26740,30475
31484,26729,30846
32582,25340,31599
30997,25413,31547
31446,26771,30452
35173,24753,32074
31491,26724,30759
36257,22877,34668
31498,26719,30672
32403,25351,31581
30707,27845,30491
31505,26714,30585
30818,25424,31529
31517,26698,30869
31413,26802,30429
34916,24805,32064
32224,25362,31563
35065,24779,32048
31524,26693,30782
30639,25435,31511
34957,24805,32022
31531,26688,30695
36409,23102,34452
31550,26667,30892
36492,21885,33918
31380,26833,30406
32045,25373,31545
30886,27834,30509
30460,25446,31493
31557,26662,30805
31106,27823,30485
31583,26636,30915
31866,25384,31527
35106,24779,32006
31347,26864,30383
30281,25457,31475
30927,27834,30467
31687,25395,31509
32094,26629,30859
31729,26656,30910
30102,25468,31457
31314,26895,30360
32273,26618,30877
31736,26651,30823
33093,25333,31543
34998,24805,31980
30748,27845,30449
31915,26640,30841
31508,25406,31491
32452,26607,30895
29923,25479,31439
32631,26596,30913
32914,25344,31525
31281,26926,30337
31329,25417,31473
32799,26542,30736
29744,25490,31421
35147,24779,31964
29386,25512,31385
32735,25355,31507
31150,25428,31455
31147,27823,30443
29565,25501,31403
31248,26957,30314
32556,25366,31489
30971,25439,31437
34890,24831,31954
35039,24805,31938
34931,24831,31912
32377,25377,31471
32784,26611,30821
32825,26516,30846
30792,25450,31419
30968,27834,30425
32198,25388,31453
31453,26766,30365
30613,25461,31401
35080,24805,31896
32605,26622,30803
32019,25399,31435
30789,27845,30407
30434,25472,31383
31420,26797,30342
31840,25410,31417
34972,24831,31870
32426,26633,30785
30255,25483,31365
31387,26828,30319
31661,25421,31399
30076,25494,31347
33067,25359,31433
32247,26644,30767
31482,25432,31381
35121,24805,31854
31354,26859,30296
32888,25370,31415
29897,25505,31329
31303,25443,31363
32068,26655,30749
32709,25381,31397
31321,26890,30273
29718,25516,31311
34864,24857,31844
36292,22874,34878
35013,24831,31828
29360,25538,31275
36333,22874,34836
31124,25454,31345
34905,24857,31802
31703,26682,30800
29539,25527,31293
32530,25392,31379
31710,26677,30713
31889,26666,30731
30860,27860,30399
31288,26921,30250
30945,25465,31327
31080,27849,30375
32351,25403,31361
36374,22874,34794
35054,24831,31786
38590,23256,33456
30901,27860,30357
30766,25476,31309
38597,23251,33369
31255,26952,30227
32172,25414,31343
38604,23246,33282
30587,25487,31291
38611,23241,33195
34946,24857,31760
31993,25425,31325
38618,23236,33108
38625,23231,33021
38632,23226,32934
30408,25498,31273
38639,23221,32847
31814,25436,31307
32758,26637,30711
38569,23271,33717
38646,23216,32760
35095,24831,31744
30229,25509,31255
31635,25447,31289
38653,23211,32673
31121,27849,30333
33041,25385,31323
31427,26792,30255
38660,23206,32586
32579,26648,30693
38576,23266,33630
30050,25520,31237
31456,25458,31271
38777,23203,32712
38583,23261,33543
34987,24857,31718
34838,24883,31734
38894,23200,32838
32862,25396,31305
39011,23197,32964
34879,24883,31692
29871,25531,31219
31394,26823,30232
39128,23194,33090
31277,25469,31253
32400,26659,30675
30942,27860,30315
39245,23191,33216
32683,25407,31287
39362,23188,33342
29692,25542,31201
39479,23185,33468
31098,25480,31235
29334,25564,31165
31361,26854,30209
39596,23182,33594
35028,24857,31676
32504,25418,31269
39713,23179,33720
32221,26670,30657
29513,25553,31183
39830,23176,33846
30919,25491,31217
32325,25429,31251
31328,26885,30186
32937,26626,30729
34920,24883,31650
30740,25502,31199
32042,26681,30639
32146,25440,31233
31295,26916,30163
31677,26708,30690
30561,25513,31181
31684,26703,30603
31967,25451,31215
31863,26692,30621
35069,24857,31634
33090,26641,30637
30382,25524,31163
31262,26947,30140
31788,25462,31197
30203,25535,31145
34961,24883,31608
34812,24909,31624
31609,25473,31179
32911,26652,30619
34853,24909,31582
30024,25546,31127
31430,25484,31161
32732,26663,30601
29845,25557,31109
35002,24883,31566
31251,25495,31143
29666,25568,31091
31072,25506,31125
32553,26674,30583
29308,25590,31055
31401,26818,30145
34894,24909,31540
29487,25579,31073
30893,25517,31107
32374,26685,30565
31368,26849,30122
30714,25528,31089
35043,24883,31524
31335,26880,30099
30535,25539,31071
32195,26696,30547
33422,26645,30563
33601,26634,30581
34935,24909,31498
34786,24935,31514
33780,26623,30599
30356,25550,31053
34827,24935,31472
33959,26612,30617
31302,26911,30076
32016,26707,30529
34138,26601,30635
33243,26656,30545
30177,25561,31035
34198,25638,30617
31651,26734,30580
31658,26729,30493
31269,26942,30053
34976,24909,31456
31837,26718,30511
29998,25572,31017
33064,26667,30527
34291,26616,30543
34470,26605,30561
29819,25583,30999
34619,25143,30592
34868,24935,31430
32885,26678,30509
34112,26627,30525
29640,25594,30981
29282,25616,30945
35017,24909,31414
29461,25605,30963
32706,26689,30491
33933,26638,30507
34649,26594,30579
34660,25143,30550
34909,24935,31388
34760,24961,31404
32527,26700,30473
33754,26649,30489
34801,24961,31362
31375,26844,30035
32348,26711,30455
33575,26660,30471
34950,24935,31346
31342,26875,30012
32169,26722,30437
34701,25143,30508
33396,26671,30453
31309,26906,29989
34623,26620,30469
34842,24961,31320
31990,26733,30419
33217,26682,30435
31276,26937,29966
34444,26631,30451
34991,24935,31304
31625,26760,30470
31632,26755,30383
31811,26744,30401
33038,26693,30417
34265,26642,30433
34883,24961,31278
34734,24987,31294
34775,24987,31252
34742,25143,30466
32859,26704,30399
34086,26653,30415
34924,24961,31236
32680,26715,30381
33907,26664,30397
34816,24987,31210
32501,26726,30363
33728,26675,30379
34783,25143,30424
31349,26870,29925
34965,24961,31194
32322,26737,30345
33549,26686,30361
34776,26635,30377
31316,26901,29902
34857,24987,31168
32143,26748,30327
33370,26697,30343
34597,26646,30359
34708,25013,31184
34749,25013,31142
31283,26932,29879
31964,26759,30309
33191,26708,30325
34418,26657,30341
34955,26624,30395
35134,26613,30413
34898,24987,31126
35197,26505,30351
31599,26786,30360
31606,26781,30273
31785,26770,30291
33012,26719,30307
34239,26668,30323
34790,25013,31100
32833,26730,30289
34060,26679,30305
34939,24987,31084
32654,26741,30271
33881,26690,30287
35108,26639,30303
35204,26500,30264
35211,26495,30177
35218,26490,30090
35225,26485,30003
35230,26474,30374
34831,25013,31058
35237,26469,30287
34682,25039,31074
35244,26464,30200
32475,26752,30253
33702,26701,30269
35251,26459,30113
34929,26650,30285
34723,25039,31032
35258,26454,30026
35263,26443,30397
35270,26438,30310
35277,26433,30223
31323,26896,29815
35284,26428,30136
32296,26763,30235
33523,26712,30251
34750,26661,30267
34872,25013,31016
31290,26927,29792
33344,26723,30233
34571,26672,30249
32117,26774,30217
35265,26449,29939
34764,25039,30990
35232,26480,29916
34392,26683,30231
33165,26734,30215
31938,26785,30199
34913,25013,30974
31573,26812,30250
31580,26807,30163
31759,26796,30181
34213,26694,30213
32986,26745,30197
34805,25039,30948
34656,25065,30964
34697,25065,30922
34034,26705,30195
32807,26756,30179
34846,25039,30906
35082,26665,30193
33855,26716,30177
32628,26767,30161
34578,25143,30634
34738,25065,30880
34903,26676,30175
33676,26727,30159
32449,26778,30143
35272,26444,29852
34887,25039,30864
34724,26687,30157
31297,26922,29705
33497,26738,30141
32270,26789,30125
35239,26475,29829
34545,26698,30139
34779,25065,30838
33318,26749,30123
32091,26800,30107
34630,25091,30854
34671,25091,30812
34366,26709,30121
33139,26760,30105
31912,26811,30089
34820,25065,30796
31547,26838,30140
34187,26720,30103
31554,26833,30053
32960,26771,30087
31733,26822,30071
34712,25091,30770
34008,26731,30085
32781,26782,30069
34861,25065,30754
35056,26691,30083
33829,26742,30067
32602,26793,30051
35279,26439,29765
34753,25091,30728
34877,26702,30065
33650,26753,30049
34604,25117,30744
32423,26804,30033
34645,25117,30702
35246,26470,29742
34698,26713,30047
33471,26764,30031
32244,26815,30015
34794,25091,30686
34519,26724,30029
33292,26775,30013
32065,26826,29997
34686,25117,30660
34340,26735,30011
33113,26786,29995
31886,26837,29979
34835,25091,30644
34161,26746,29993
31521,26864,30030
32934,26797,29977
31528,26859,29943
31707,26848,29961
34727,25117,30618
35209,26706,29991
33982,26757,29975
32755,26808,29959
35286,26434,29678
35030,26717,29973
33803,26768,29957
32576,26819,29941
34768,25117,30576
35253,26465,29655
34851,26728,29955
33624,26779,29939
32397,26830,29923
34672,26739,29937
33445,26790,29921
32218,26841,29905
34809,25117,30534
34493,26750,29919
33266,26801,29903
32039,26852,29887
34314,26761,29901
33087,26812,29885
31860,26863,29869
34135,26772,29883
31495,26890,29920
32908,26823,29867
31502,26885,29833
31681,26874,29851
35260,26460,29568
33956,26783,29865
32729,26834,29849
33777,26794,29847
32550,26845,29831
33598,26805,29829
32371,26856,29813
33419,26816,29811
32192,26867,29795
33240,26827,29793
32013,26878,29777
33061,26838,29775
31834,26889,29759
35267,26455,29481
32882,26849,29757
31469,26916,29810
31476,26911,29723
31655,26900,29741
32703,26860,29739
32524,26871,29721
36609,21882,34044
34993,27837,29514
36726,21879,34170
36843,21876,34296
32345,26882,29703
36960,21873,34422
37077,21870,34548
37194,21867,34674
37311,21864,34800
32166,26893,29685
37428,21861,34926
37545,21858,35052
37662,21855,35178
31987,26904,29667
31808,26915,29649
31443,26942,29700
31450,26937,29613
31629,26926,29631
35293,26429,29591
35300,26424,29504
35307,26419,29417
35319,26403,29701
35326,26398,29614
35333,26393,29527
35359,26367,29637
36891,26360,29700
37040,26334,29684
37354,25616,29695
36932,26360,29658
37361,25611,29608
37081,26334,29642
36973,26360,29616
36824,26386,29632
36865,26386,29590
37014,26360,29574
37368,25606,29521
36906,26386,29548
37055,26360,29532
36947,26386,29506
37375,25601,29434
37382,25596,29347
37387,25585,29718
37394,25580,29631
37389,25591,29260
37401,25575,29544
37408,25570,29457
37415,25565,29370
36798,26412,29522
37422,25560,29283
37427,25549,29654
37434,25544,29567
36839,26412,29480
37441,25539,29480
37448,25534,29393
37455,25529,29306
37460,25518,29677
37467,25513,29590
37474,25508,29503
37481,25503,29416
37488,25498,29329
37493,25487,29700
37500,25482,29613
37507,25477,29526
37514,25472,29439
37521,25467,29352
36988,26386,29464
37528,25462,29265
37533,25451,29636
37540,25446,29549
37547,25441,29462
37554,25436,29375
37561,25431,29288
37566,25420,29659
37573,25415,29572
37495,25493,29242
37580,25410,29485
37587,25405,29398
37594,25400,29311
37599,25389,29682
37606,25384,29595
37613,25379,29508
37620,25374,29421
37627,25369,29334
37632,25358,29705
36880,26412,29438
37462,25524,29219
37639,25353,29618
37646,25348,29531
37653,25343,29444
37660,25338,29357
37667,25333,29270
37672,25322,29641
37679,25317,29554
37686,25312,29467
37693,25307,29380
37634,25364,29247
37429,25555,29196
37705,25291,29664
37712,25286,29577
37029,26386,29422
37719,25281,29490
37738,25260,29687
37745,25255,29600
37601,25395,29224
37771,25229,29710
37396,25586,29173
37568,25426,29201
36921,26412,29396
37535,25457,29178
36772,26438,29412
37502,25488,29155
36813,26438,29370
37469,25519,29132
36962,26412,29354
37641,25359,29160
36746,26464,29302
37436,25550,29109
37608,25390,29137
36854,26438,29328
37575,25421,29114
37003,26412,29312
37542,25452,29091
37509,25483,29068
36895,26438,29286
37476,25514,29045
37443,25545,29022
37615,25385,29050
37582,25416,29027
36936,26438,29244
37549,25447,29004
37516,25478,28981
37483,25509,28958
36977,26438,29202
37450,25540,28935
37589,25411,28940
37556,25442,28917
37523,25473,28894
37490,25504,28871
37457,25535,28848
37563,25437,28830
37530,25468,28807
37497,25499,28784
37464,25530,28761
37537,25463,28720
37504,25494,28697
37471,25525,28674
37511,25489,28610
37478,25520,28587
37485,25515,28500
