obj0,obj1,obj2,obj3,obj4,cpu
16037,13856,20893,11832,11768,0.0507652
10162,17673,20490,13437,13301,0.0667486
15142,15530,19079,12283,12650,0.0882184
8961,19221,17506,13564,14291,0.112411
17695,14618,16264,12382,12470,0.127598
10431,16844,18069,11785,12274,0.186647
12089,17606,13440,12335,12976,0.200737
16956,16010,20016,13222,12031,0.266386
12715,18725,17972,13461,12693,0.270894
18614,16772,15387,13772,12733,0.280217
14373,19487,13343,14011,13395,0.287575
9536,18518,16255,12236,13156,0.29649
17406,14771,18508,12552,12623,0.363358
17389,14780,18640,12562,12632,0.365522
11528,17903,17796,12665,13273,0.372479
11511,17912,17928,12675,13282,0.375368
15397,15635,20054,12553,12560,0.38746
15414,15642,20119,12571,12554,0.390096
10335,18847,19310,13082,12874,0.394002
10352,18854,19375,13100,12868,0.397719
9522,19452,19651,14158,14093,0.433947
17440,14753,18244,12532,12605,0.456776
17423,14762,18376,12542,12614,0.458944
17117,14924,20752,12722,12776,0.46101
17100,14933,20884,12732,12785,0.463019
12021,17642,13968,12375,13012,0.469828
12004,17651,14100,12385,13021,0.472715
15176,15544,19209,12319,12638,0.488892
15193,15551,19274,12337,12632,0.490876
15431,15649,20184,12589,12548,0.492833
15448,15656,20249,12607,12542,0.494874
10046,18728,18205,12776,12976,0.498315
10063,18735,18270,12794,12970,0.501899
9505,19445,19586,14140,14099,0.553426
17525,14708,17584,12482,12560,0.580566
17508,14717,17716,12492,12569,0.582707
17134,14915,20620,12712,12767,0.586501
18597,16781,15519,13782,12742,0.59179
18580,16790,15651,13792,12751,0.593638
12072,17615,13572,12345,12985,0.596246
12055,17624,13704,12355,12994,0.598855
11647,17840,16872,12595,13210,0.601433
11630,17849,17004,12605,13219,0.60413
15159,15537,19144,12301,12644,0.617727
15346,15614,19859,12499,12578,0.620511
15363,15621,19924,12517,12572,0.622286
15584,15712,20769,12751,12494,0.625766
15601,15719,20834,12769,12488,0.627512
9842,18644,17425,12560,13048,0.630789
9859,18651,17490,12578,13042,0.634337
10199,18791,18790,12938,12922,0.637719
10216,18798,18855,12956,12916,0.641111
9012,19242,17701,13618,14273,0.714556
9029,19249,17766,13636,14267,0.716325
17678,14627,16396,12392,12479,0.755628
17457,14744,18112,12522,12596,0.757747
17270,14843,19564,12632,12695,0.760524
17253,14852,19696,12642,12704,0.762378
18529,16817,16047,13822,12778,0.769458
18512,16826,16179,13832,12787,0.771265
12038,17633,13836,12365,13003,0.777288
11868,17723,15156,12465,13093,0.781573
11851,17732,15288,12475,13102,0.784232
11562,17885,17532,12645,13255,0.786833
11545,17894,17664,12655,13264,0.789441
11494,17921,18060,12685,13291,0.793769
15210,15558,19339,12355,12626,0.802177
15227,15565,19404,12373,12620,0.804047
15380,15628,19989,12535,12566,0.805878
15533,15691,20574,12697,12512,0.808504
15550,15698,20639,12715,12506,0.810279
9791,18623,17230,12506,13066,0.817211
9808,18630,17295,12524,13060,0.820763
9995,18707,18010,12722,12994,0.82413
10012,18714,18075,12740,12988,0.827382
10165,18777,18660,12902,12934,0.830668
10182,18784,18725,12920,12928,0.833925
10318,18840,19245,13064,12880,0.837279
8978,19228,17571,13582,14285,0.949927
8995,19235,17636,13600,14279,0.951673
9386,19396,19131,14014,14141,0.95343
9403,19403,19196,14032,14135,0.95519
11166,16697,18489,11939,12358,0.997409
11271,16676,18549,11961,12370,0.999449
17610,14663,16924,12432,12515,1.01662
17593,14672,17056,12442,12524,1.01859
17491,14726,17848,12502,12578,1.02139
17338,14807,19036,12592,12659,1.02331
17321,14816,19168,12602,12668,1.02518
17236,14861,19828,12652,12713,1.02704
17219,14870,19960,12662,12722,1.0289
18563,16799,15783,13802,12760,1.03523
11953,17678,14496,12415,13048,1.04936
11936,17687,14628,12425,13057,1.05223
11834,17741,15420,12485,13111,1.05604
11817,17750,15552,12495,13120,1.05873
11613,17858,17136,12615,13228,1.06136
11596,17867,17268,12625,13237,1.06398
15312,15600,19729,12463,12590,1.07894
15329,15607,19794,12481,12584,1.08076
15465,15663,20314,12625,12536,1.08508
15567,15705,20704,12733,12500,1.08687
16026,15894,22459,13219,12338,1.08951
9723,18595,16970,12434,13090,1.09457
9740,18602,17035,12452,13084,1.09793
9825,18637,17360,12542,13054,1.10124
9927,18679,17750,12650,13018,1.10638
9944,18686,17815,12668,13012,1.1097
10029,18721,18140,12758,12982,1.11305
10080,18742,18335,12812,12964,1.11804
10097,18749,18400,12830,12958,1.12128
10233,18805,18920,12974,12910,1.12966
10386,18868,19505,13136,12856,1.13632
10403,18875,19570,13154,12850,1.13955
9250,19340,18611,13870,14189,1.28706
9267,19347,18676,13888,14183,1.28884
9454,19424,19391,14086,14117,1.29061
9471,19431,19456,14104,14111,1.29237
11061,16718,18429,11917,12346,1.33901
14946,15941,20649,12731,12790,1.3416
15051,15920,20709,12753,12802,1.34327
12820,18704,18032,13483,12705,1.35965
17661,14636,16528,12402,12488,1.36331
17644,14645,16660,12412,12497,1.36532
17559,14690,17320,12462,12542,1.36737
17542,14699,17452,12472,12551,1.36939
17474,14735,17980,12512,12587,1.37141
17355,14798,18904,12582,12650,1.37423
17287,14834,19432,12622,12686,1.37699
17168,14897,20356,12692,12749,1.38141
17151,14906,20488,12702,12758,1.38333
18546,16808,15915,13812,12769,1.38696
11987,17660,14232,12395,13030,1.40362
11970,17669,14364,12405,13039,1.40635
11885,17714,15024,12455,13084,1.40902
11732,17795,16212,12545,13165,1.41703
11715,17804,16344,12555,13174,1.41974
11579,17876,17400,12635,13246,1.42584
15295,15593,19664,12445,12596,1.44055
15499,15677,20444,12661,12524,1.44496
15516,15684,20509,12679,12518,1.44677
15941,15859,22134,13129,12368,1.45027
15958,15866,22199,13147,12362,1.45205
9604,18546,16515,12308,13132,1.45545
9621,18553,16580,12326,13126,1.459
9774,18616,17165,12488,13072,1.46245
9876,18658,17555,12596,13036,1.47607
9961,18693,17880,12686,13006,1.48117
10148,18770,18595,12884,12940,1.49546
10284,18826,19115,13028,12892,1.51086
10301,18833,19180,13046,12886,1.51419
10369,18861,19440,13118,12862,1.51948
10420,18882,19635,13172,12844,1.52459
11891,19599,14685,13580,13618,1.5659
11857,19601,14752,13572,13633,1.56979
9199,19319,18416,13816,14207,1.68857
9216,19326,18481,13834,14201,1.69054
9284,19354,18741,13906,14177,1.69357
9420,19410,19261,14050,14129,1.69558
9437,19417,19326,14068,14123,1.69756
9488,19438,19521,14122,14105,1.69951
10956,16739,18369,11895,12334,1.74861
12006,16529,18969,12115,12454,1.75145
12111,16508,19029,12137,12466,1.75407
17627,14654,16792,12422,12506,1.77845
17576,14681,17188,12452,12533,1.78157
17372,14789,18772,12572,12641,1.78931
17304,14825,19300,12612,12677,1.79146
17185,14888,20224,12682,12740,1.79461
11902,17705,14892,12445,13075,1.83168
11783,17768,15816,12515,13138,1.84238
11766,17777,15948,12525,13147,1.84539
11664,17831,16740,12585,13201,1.84833
15244,15572,19469,12391,12614,1.8811
15482,15670,20379,12643,12530,1.88332
15924,15852,22069,13111,12374,1.88834
15992,15880,22329,13183,12350,1.89158
16009,15887,22394,13201,12344,1.89365
9553,18525,16320,12254,13150,1.89921
9638,18560,16645,12344,13120,1.9032
9655,18567,16710,12362,13114,1.90699
9757,18609,17100,12470,13078,1.91258
9893,18665,17620,12614,13030,1.93532
9978,18700,17945,12704,13000,1.94281
10131,18763,18530,12866,12946,1.96559
10267,18819,19050,13010,12898,1.98077
16953,16643,18581,13499,13352,2.00234
16919,16645,18648,13491,13367,2.00471
17344,16628,17909,13605,13181,2.00708
17310,16630,17976,13597,13196,2.00952
11925,19597,14618,13588,13603,2.04287
11874,19608,14817,13590,13627,2.05695
11840,19610,14884,13582,13642,2.06116
9046,19256,17831,13654,14261,2.19256
9063,19263,17896,13672,14255,2.19467
9233,19333,18546,13852,14195,2.19672
9318,19368,18871,13942,14165,2.19966
9335,19375,18936,13960,14159,2.20169
10641,16802,18189,11829,12298,2.27108
10746,16781,18249,11851,12310,2.27317
11796,16571,18849,12071,12430,2.27536
11901,16550,18909,12093,12442,2.27751
13686,16193,19929,12467,12646,2.27957
13791,16172,19989,12489,12658,2.2815
17202,14879,20092,12672,12731,2.31462
14802,17069,15132,12917,13297,2.32223
14907,17048,15192,12939,13309,2.32423
11919,17696,14760,12435,13066,2.36562
11800,17759,15684,12505,13129,2.3839
11749,17786,16080,12535,13156,2.38903
11681,17822,16608,12575,13192,2.39443
15278,15586,19599,12427,12602,2.42891
15805,15803,21614,12985,12416,2.43394
15822,15810,21679,13003,12410,2.43633
15975,15873,22264,13165,12356,2.43844
9587,18539,16450,12290,13138,2.44686
9706,18588,16905,12416,13096,2.45632
9910,18672,17685,12632,13024,2.48858
10114,18756,18465,12848,12952,2.51192
10250,18812,18985,12992,12904,2.5293
17327,16621,17844,13587,13187,2.56652
17293,16623,17911,13579,13202,2.56954
17480,16620,17641,13637,13121,2.57569
17446,16622,17708,13629,13136,2.57818
11109,19645,16226,13396,13963,2.63264
11908,19606,14750,13598,13612,2.64088
9148,19298,18221,13762,14225,2.79092
9165,19305,18286,13780,14219,2.79311
9301,19361,18806,13924,14171,2.79801
9352,19382,19001,13978,14153,2.80103
10536,16823,18129,11807,12286,2.86073
10851,16760,18309,11873,12322,2.86293
11376,16655,18609,11983,12382,2.86592
11481,16634,18669,12005,12394,2.86811
13266,16277,19689,12379,12598,2.87208
13371,16256,19749,12401,12610,2.87417
13896,16151,20049,12511,12670,2.8771
15554,16913,15420,13061,13372,2.90059
15659,16892,15480,13083,13384,2.90282
13962,17237,14652,12741,13201,2.9115
14067,17216,14712,12763,13213,2.91365
17217,16586,16512,13423,13573,2.91587
17322,16565,16572,13445,13585,2.91803
12160,17603,13764,12377,13006,2.93271
11698,17813,16476,12565,13183,3.03079
15261,15579,19534,12409,12608,3.07566
15788,15796,21549,12967,12422,3.07798
15839,15817,21744,13021,12404,3.08096
15856,15824,21809,13039,12398,3.08314
9570,18532,16385,12272,13144,3.09447
9672,18574,16775,12380,13108,3.10967
9689,18581,16840,12398,13102,3.11354
17463,16613,17576,13619,13127,3.23149
17429,16615,17643,13611,13142,3.2344
17259,16625,17978,13571,13217,3.23854
17514,16618,17574,13645,13106,3.24607
17378,16626,17842,13613,13166,3.2496
17106,16642,18378,13549,13286,3.2533
17072,16644,18445,13541,13301,3.256
11823,19603,14819,13564,13648,3.30885
9097,19277,18026,13708,14243,3.49299
9114,19284,18091,13726,14237,3.49533
9182,19312,18351,13798,14213,3.49752
9369,19389,19066,13996,14147,3.50244
11691,16592,18789,12049,12418,3.56937
12426,16445,19209,12203,12502,3.5728
12531,16424,19269,12225,12514,3.57557
13476,16235,19809,12423,12622,3.57924
14001,16130,20109,12533,12682,3.58224
12719,17480,13800,12467,13048,3.60183
12824,17459,13860,12489,13060,3.60412
15869,16850,15600,13127,13408,3.6063
15974,16829,15660,13149,13420,3.60854
13752,17279,14532,12697,13177,3.6231
13857,17258,14592,12719,13189,3.62526
14172,17195,14772,12785,13225,3.6275
14277,17174,14832,12807,13237,3.62972
16272,16775,15972,13225,13465,3.63203
16377,16754,16032,13247,13477,3.63436
15205,16994,15504,13015,13354,3.65016
15310,16973,15564,13037,13366,3.65231
15652,15740,21029,12823,12470,3.82362
15669,15747,21094,12841,12464,3.82578
15890,15838,21939,13075,12386,3.82979
15907,15845,22004,13093,12380,3.83202
17531,16609,17442,13635,13097,4.01692
17361,16619,17777,13595,13172,4.01971
17157,16631,18179,13547,13262,4.02335
17123,16633,18246,13539,13277,4.02599
17412,16624,17775,13621,13151,4.03608
17140,16640,18311,13557,13271,4.03895
11449,19625,15556,13476,13813,4.09908
11415,19627,15623,13468,13828,4.10354
11194,19648,16157,13430,13927,4.11393
11160,19650,16224,13422,13942,4.11818
9080,19270,17961,13690,14249,4.30442
9131,19291,18156,13744,14231,4.30777
11586,16613,18729,12027,12406,4.36382
12321,16466,19149,12181,12490,4.36743
12741,16382,19389,12269,12538,4.37088
12846,16361,19449,12291,12550,4.37365
13581,16214,19869,12445,12634,4.37722
14421,16046,20349,12621,12730,4.37943
14526,16025,20409,12643,12742,4.38161
12194,17585,13500,12357,12988,4.38915
15344,16955,15300,13017,13348,4.39222
15449,16934,15360,13039,13360,4.3946
15764,16871,15540,13105,13396,4.39702
16079,16808,15720,13171,13432,4.40103
12492,17531,13812,12433,13033,4.41181
12597,17510,13872,12455,13045,4.41414
14382,17153,14892,12829,13249,4.42006
14487,17132,14952,12851,13261,4.42279
15432,16943,15492,13049,13369,4.42527
15537,16922,15552,13071,13381,4.42736
16902,16649,16332,13357,13537,4.42948
17007,16628,16392,13379,13549,4.43204
17637,16502,16752,13511,13621,4.43452
13420,17351,14484,12641,13150,4.44582
13525,17330,14544,12663,13162,4.44817
16570,16721,16284,13301,13510,4.4505
16675,16700,16344,13323,13522,4.45285
14478,19466,13403,14033,13407,4.62013
15618,15726,20899,12787,12482,4.62269
15635,15733,20964,12805,12476,4.62482
15703,15761,21224,12877,12452,4.6272
15720,15768,21289,12895,12446,4.62952
15873,15831,21874,13057,12392,4.63272
11051,18371,17950,12770,13210,4.71669
11156,18350,18010,12792,13222,4.71896
10049,18665,17875,12690,13024,4.75253
10154,18644,17935,12712,13036,4.75499
10361,18665,18385,12842,13012,4.77174
10321,18777,18915,12978,12928,4.80398
10426,18756,18975,13000,12940,4.80607
17497,16611,17509,13627,13112,4.84822
17395,16617,17710,13603,13157,4.85315
17225,16627,18045,13563,13232,4.85683
17191,16629,18112,13555,13247,4.85972
17089,16635,18313,13531,13292,4.8635
17174,16638,18244,13565,13256,4.87014
11721,19609,15020,13540,13693,4.92993
11687,19611,15087,13532,13708,4.93464
11143,19643,16159,13404,13948,4.93922
11364,19638,15822,13470,13852,4.95145
11330,19640,15889,13462,13867,4.95606
12216,16487,19089,12159,12478,5.18982
12636,16403,19329,12247,12526,5.19399
12951,16340,19509,12313,12562,5.19755
14106,16109,20169,12555,12694,5.20191
14211,16088,20229,12577,12706,5.20428
14841,15962,20589,12709,12778,5.20664
12404,17543,13620,12401,13012,5.21144
12509,17522,13680,12423,13024,5.21376
13454,17333,14220,12621,13132,5.21625
13559,17312,14280,12643,13144,5.21871
16394,16745,15900,13237,13468,5.22497
16499,16724,15960,13259,13480,5.22774
12387,17552,13752,12411,13021,5.24457
12807,17468,13992,12499,13069,5.24764
12912,17447,14052,12521,13081,5.25003
14697,17090,15072,12895,13285,5.25455
15012,17027,15252,12961,13321,5.25898
15747,16880,15672,13115,13405,5.26139
15852,16859,15732,13137,13417,5.26352
16482,16733,16092,13269,13489,5.26668
17112,16607,16452,13401,13561,5.26901
17427,16544,16632,13467,13597,5.27352
13105,17414,14304,12575,13114,5.28024
13210,17393,14364,12597,13126,5.28278
13735,17288,14664,12707,13186,5.28539
13840,17267,14724,12729,13198,5.28762
16255,16784,16104,13235,13474,5.28969
16360,16763,16164,13257,13486,5.29183
16780,16679,16404,13345,13534,5.29424
16885,16658,16464,13367,13546,5.29678
15686,15754,21159,12859,12458,5.4601
15771,15789,21484,12949,12428,5.46364
11426,18140,17335,12632,13372,5.46901
11531,18119,17395,12654,13384,5.47117
10631,18455,17710,12682,13162,5.58943
10736,18434,17770,12704,13174,5.59158
10963,18399,17955,12766,13192,5.60131
11068,18378,18015,12788,13204,5.60347
10665,18469,17840,12718,13150,5.60577
10770,18448,17900,12740,13162,5.6079
10682,18476,17905,12736,13144,5.61022
10787,18455,17965,12758,13156,5.61225
10279,18567,17730,12666,13090,5.61464
10384,18546,17790,12688,13102,5.61695
10259,18623,17995,12734,13048,5.63288
10364,18602,18055,12756,13060,5.63545
10222,18672,18195,12784,13012,5.64947
10327,18651,18255,12806,13024,5.6516
10256,18686,18325,12820,13000,5.6581
10290,18700,18455,12856,12988,5.66507
10395,18679,18515,12878,13000,5.66718
10270,18756,18720,12924,12946,5.68236
10287,18763,18785,12942,12940,5.68457
10392,18742,18845,12964,12952,5.68674
17021,16639,18447,13515,13322,5.74314
16987,16641,18514,13507,13337,5.74629
17208,16636,18177,13573,13241,5.74928
11789,19605,14886,13556,13663,5.80818
11755,19607,14953,13548,13678,5.81284
11585,19617,15288,13508,13753,5.81752
11551,19619,15355,13500,13768,5.82215
11347,19631,15757,13452,13858,5.82666
11313,19633,15824,13444,13873,5.83127
11772,19614,15018,13566,13672,5.84854
11738,19616,15085,13558,13687,5.85285
11262,19644,16023,13446,13897,5.85754
11228,19646,16090,13438,13912,5.8622
13056,16319,19569,12335,12574,6.0417
14316,16067,20289,12599,12718,6.04616
14631,16004,20469,12665,12754,6.05033
12299,17564,13560,12379,13000,6.05274
12614,17501,13740,12445,13036,6.05666
13139,17396,14040,12555,13096,6.06038
13244,17375,14100,12577,13108,6.0628
13874,17249,14460,12709,13180,6.06541
13979,17228,14520,12731,13192,6.06833
16184,16787,15780,13193,13444,6.07174
17339,16556,16440,13435,13576,6.07424
17444,16535,16500,13457,13588,6.0767
12177,17594,13632,12367,12997,6.07904
12282,17573,13692,12389,13009,6.0811
12702,17489,13932,12477,13057,6.08471
13227,17384,14232,12587,13117,6.08711
13332,17363,14292,12609,13129,6.08936
14592,17111,15012,12873,13273,6.09167
15117,17006,15312,12983,13333,6.09513
15222,16985,15372,13005,13345,6.09778
15642,16901,15612,13093,13393,6.10044
16167,16796,15912,13203,13453,6.10357
16587,16712,16152,13291,13501,6.10754
17532,16523,16692,13489,13609,6.11189
12265,17582,13824,12399,13018,6.11626
13315,17372,14424,12619,13138,6.11887
13630,17309,14604,12685,13174,6.12289
14995,17036,15384,12971,13330,6.12544
15100,17015,15444,12993,13342,6.12755
16150,16805,16044,13213,13462,6.12989
16465,16742,16224,13279,13498,6.13301
17410,16553,16764,13477,13606,6.13812
17515,16532,16824,13499,13618,6.14044
15754,15782,21419,12931,12434,6.31614
9851,18455,16435,12302,13192,6.32005
9956,18434,16495,12324,13204,6.32236
10268,18434,17005,12476,13192,6.39143
10373,18413,17065,12498,13204,6.39388
11139,18343,17945,12774,13228,6.45931
11244,18322,18005,12796,13240,6.4615
10106,18560,17410,12572,13102,6.46825
10211,18539,17470,12594,13114,6.4704
10841,18413,17830,12726,13186,6.47354
10858,18420,17895,12744,13180,6.48006
10560,18490,17780,12696,13138,6.48728
10157,18581,17605,12626,13084,6.49493
10262,18560,17665,12648,13096,6.49753
9964,18630,17550,12600,13054,6.50505
10699,18483,17970,12754,13138,6.5075
10804,18462,18030,12776,13150,6.50973
10225,18609,17865,12698,13060,6.52029
10330,18588,17925,12720,13072,6.52253
10310,18644,18190,12788,13030,6.53776
10415,18623,18250,12810,13042,6.5401
10117,18693,18135,12762,13000,6.54244
10239,18679,18260,12802,13006,6.54731
10344,18658,18320,12824,13018,6.54955
10151,18707,18265,12798,12988,6.55284
10168,18714,18330,12816,12982,6.55655
10185,18721,18395,12834,12976,6.55929
10358,18728,18715,12928,12964,6.57672
10375,18735,18780,12946,12958,6.58124
10409,18749,18910,12982,12946,6.59093
17055,16637,18380,13523,13307,6.63653
17276,16632,18043,13589,13211,6.64174
17242,16634,18110,13581,13226,6.64438
16970,16650,18646,13517,13346,6.64719
11619,19615,15221,13516,13738,6.69749
11483,19623,15489,13484,13798,6.70444
11381,19629,15690,13460,13843,6.71101
11177,19641,16092,13412,13933,6.71749
11806,19612,14951,13574,13657,6.73761
11602,19624,15353,13526,13747,6.74237
11568,19626,15420,13518,13762,6.74715
11296,19642,15956,13454,13882,6.75222
13161,16298,19629,12357,12586,6.93042
14736,15983,20529,12687,12766,6.93567
13034,17417,13980,12533,13084,6.94269
13349,17354,14160,12599,13120,6.94609
13664,17291,14340,12665,13156,6.95047
14924,17039,15060,12929,13300,6.95314
15029,17018,15120,12951,13312,6.95584
16289,16766,15840,13215,13456,6.95843
16709,16682,16080,13303,13504,6.96188
16814,16661,16140,13325,13516,6.96449
17549,16514,16560,13479,13600,6.96806
13122,17405,14172,12565,13105,6.97576
13542,17321,14412,12653,13153,6.97913
13647,17300,14472,12675,13165,6.98141
15327,16964,15432,13027,13357,6.9874
15957,16838,15792,13159,13429,6.99285
16062,16817,15852,13181,13441,6.9955
16692,16691,16212,13313,13513,6.99886
12790,17477,14124,12509,13078,7.00301
12895,17456,14184,12531,13090,7.00537
14890,17057,15324,12949,13318,7.01118
15940,16847,15924,13169,13438,7.01616
16045,16826,15984,13191,13450,7.01872
16990,16637,16524,13389,13558,7.0229
17095,16616,16584,13411,13570,7.02528
15737,15775,21354,12913,12440,7.15835
9746,18476,16375,12280,13180,7.16185
10586,18308,16855,12456,13276,7.16511
10691,18287,16915,12478,13288,7.16789
10393,18357,16800,12430,13246,7.18378
10498,18336,16860,12452,13258,7.18634
10847,18287,17170,12554,13282,7.20499
10952,18266,17230,12576,13294,7.20731
10864,18294,17235,12572,13276,7.21424
10969,18273,17295,12594,13288,7.2167
9953,18497,16825,12410,13156,7.23583
10058,18476,16885,12432,13168,7.23842
11528,18182,17725,12740,13336,7.24083
9777,18553,16835,12402,13120,7.25947
9882,18532,16895,12424,13132,7.26168
10580,18434,17515,12628,13180,7.29042
10685,18413,17575,12650,13192,7.2926
10387,18483,17460,12602,13150,7.29506
10492,18462,17520,12624,13162,7.2975
10509,18469,17585,12642,13156,7.29996
10614,18448,17645,12664,13168,7.30217
11349,18301,18065,12818,13252,7.3054
9896,18602,17290,12528,13078,7.30802
10001,18581,17350,12550,13090,7.31051
10316,18518,17530,12616,13126,7.31293
10421,18497,17590,12638,13138,7.31576
10946,18392,17890,12748,13198,7.3183
10753,18441,17835,12722,13168,7.32355
10140,18574,17540,12608,13090,7.33107
10245,18553,17600,12630,13102,7.33353
10875,18427,17960,12762,13174,7.33611
10980,18406,18020,12784,13186,7.33843
10052,18602,17545,12604,13072,7.34088
10367,18539,17725,12670,13108,7.34413
10472,18518,17785,12692,13120,7.34665
10174,18588,17670,12644,13078,7.35196
10489,18525,17850,12710,13114,7.3554
10594,18504,17910,12732,13126,7.35806
10716,18490,18035,12772,13132,7.36337
10015,18651,17745,12654,13036,7.37294
10032,18658,17810,12672,13030,7.37977
10137,18637,17870,12694,13042,7.38208
10100,18686,18070,12744,13006,7.39424
10134,18700,18200,12780,12994,7.40382
10273,18693,18390,12838,12994,7.41073
10378,18672,18450,12860,13006,7.41316
10253,18749,18655,12906,12952,7.43029
10304,18770,18850,12960,12934,7.4398
10355,18791,19045,13014,12916,7.44744
10389,18805,19175,13050,12904,7.45479
17004,16648,18579,13525,13331,7.4742
11653,19613,15154,13524,13723,7.51549
11517,19621,15422,13492,13783,7.52652
11245,19637,15958,13428,13903,7.54415
11211,19639,16025,13420,13918,7.54892
11636,19622,15286,13534,13732,7.58147
11466,19632,15621,13494,13807,7.5883
11432,19634,15688,13486,13822,7.5933
12929,17438,13920,12511,13072,7.72917
13769,17270,14400,12687,13168,7.73519
14819,17060,15000,12907,13288,7.73897
15239,16976,15240,12995,13336,7.74237
16604,16703,16020,13281,13492,7.74876
16919,16640,16200,13347,13528,7.75278
17654,16493,16620,13501,13612,7.75635
13017,17426,14112,12543,13093,7.7589
13437,17342,14352,12631,13141,7.76221
16797,16670,16272,13335,13525,7.77266
12475,17540,13944,12443,13042,7.77656
12580,17519,14004,12465,13054,7.77904
13000,17435,14244,12553,13102,7.78232
14155,17204,14904,12795,13234,7.78498
14260,17183,14964,12817,13246,7.7874
15835,16868,15864,13147,13426,7.78967
17305,16574,16704,13455,13594,7.7964
17620,16511,16884,13521,13630,7.79992
9641,18497,16315,12258,13168,7.89457
10481,18329,16795,12434,13264,7.89755
11111,18203,17155,12566,13336,7.90145
11216,18182,17215,12588,13348,7.90396
9763,18483,16440,12298,13174,7.91565
9868,18462,16500,12320,13186,7.91822
11548,18126,17460,12672,13378,7.92086
9675,18511,16445,12294,13156,7.92637
9797,18497,16570,12334,13162,7.92907
9902,18476,16630,12356,13174,7.93195
9919,18483,16695,12374,13168,7.93808
10024,18462,16755,12396,13180,7.94058
11074,18252,17355,12616,13300,7.94312
11179,18231,17415,12638,13312,7.94576
10146,18448,16880,12436,13186,7.94869
10251,18427,16940,12458,13198,7.95118
9848,18518,16765,12388,13144,7.954
10163,18455,16945,12454,13180,7.95834
11423,18203,17665,12718,13324,7.96104
10180,18462,17010,12472,13174,7.96448
10285,18441,17070,12494,13186,7.96698
10756,18378,17505,12636,13216,7.97977
10861,18357,17565,12658,13228,7.98229
10265,18497,17335,12562,13144,7.98897
10370,18476,17395,12584,13156,7.99129
11420,18266,17995,12804,13276,7.99389
10282,18504,17400,12580,13138,7.99899
9879,18595,17225,12510,13084,8.00526
9984,18574,17285,12532,13096,8.00796
10719,18427,17705,12686,13180,8.01127
10526,18476,17650,12660,13150,8.02227
10543,18483,17715,12678,13144,8.02768
10648,18462,17775,12700,13156,8.03022
9930,18616,17420,12564,13066,8.03562
10035,18595,17480,12586,13078,8.03823
10350,18532,17660,12652,13114,8.04151
9947,18623,17485,12582,13060,8.04891
10577,18497,17845,12714,13132,8.05415
10892,18434,18025,12780,13168,8.05812
10069,18609,17610,12622,13066,8.06338
10191,18595,17735,12662,13072,8.07557
10296,18574,17795,12684,13084,8.07808
10120,18630,17805,12676,13048,8.08521
10066,18672,17940,12708,13018,8.09924
10171,18651,18000,12730,13030,8.10158
10398,18616,18185,12792,13048,8.10407
10205,18665,18130,12766,13018,8.10944
10429,18693,18645,12914,12988,8.12217
10372,18798,19110,13032,12910,8.15064
10406,18812,19240,13068,12898,8.1602
17038,16646,18512,13533,13316,8.16981
11279,19635,15891,13436,13888,8.22508
11704,19618,15152,13550,13702,8.25956
11534,19628,15487,13510,13777,8.27084
11398,19636,15755,13478,13837,8.27552
14504,17123,14820,12841,13252,8.40749
14609,17102,14880,12863,13264,8.4105
15134,16997,15180,12973,13324,8.41335
17234,16577,16380,13413,13564,8.41965
12370,17561,13884,12421,13030,8.43231
12685,17498,14064,12487,13066,8.43559
14050,17225,14844,12773,13222,8.44098
14470,17141,15084,12861,13270,8.44433
14575,17120,15144,12883,13282,8.44676
15730,16889,15804,13125,13414,8.44921
17200,16595,16644,13433,13582,8.45241
10166,18392,16615,12368,13228,8.5234
10271,18371,16675,12390,13240,8.52636
11006,18224,17095,12544,13324,8.52916
11321,18161,17275,12610,13360,8.53279
9658,18504,16380,12276,13162,8.54161
10183,18399,16680,12386,13222,8.54427
10288,18378,16740,12408,13234,8.54694
10603,18315,16920,12474,13270,8.54966
10708,18294,16980,12496,13282,8.55218
11040,18238,17225,12580,13312,8.5547
11145,18217,17285,12602,13324,8.55856
9692,18518,16510,12312,13150,8.56211
10217,18413,16810,12422,13210,8.56533
10322,18392,16870,12444,13222,8.56817
9814,18504,16635,12352,13156,8.5749
10444,18378,16995,12484,13228,8.57827
10549,18357,17055,12506,13240,8.58119
11284,18210,17475,12660,13324,8.58606
11389,18189,17535,12682,13336,8.58886
9726,18532,16640,12348,13138,8.59239
10566,18364,17120,12524,13234,8.59498
10671,18343,17180,12546,13246,8.59819
9743,18539,16705,12366,13132,8.60174
10898,18308,17365,12608,13264,8.6059
11003,18287,17425,12630,13276,8.60852
10075,18483,16950,12450,13162,8.61111
10390,18420,17130,12516,13198,8.61444
10495,18399,17190,12538,13210,8.61735
9987,18511,16955,12446,13144,8.61996
10092,18490,17015,12468,13156,8.62258
10004,18518,17020,12464,13138,8.62507
10109,18497,17080,12486,13150,8.62737
10441,18441,17325,12570,13180,8.62981
10546,18420,17385,12592,13192,8.6321
9828,18574,17030,12456,13102,8.64017
10160,18518,17275,12540,13132,8.6426
10475,18455,17455,12606,13168,8.64595
11000,18350,17755,12716,13228,8.64953
11105,18329,17815,12738,13240,8.65188
9862,18588,17160,12492,13090,8.65444
9967,18567,17220,12514,13102,8.65713
10089,18553,17345,12554,13108,8.66579
10194,18532,17405,12576,13120,8.66857
10824,18406,17765,12708,13192,8.67109
10929,18385,17825,12730,13204,8.67363
9913,18609,17355,12546,13072,8.67978
10018,18588,17415,12568,13084,8.68278
10455,18511,17720,12674,13126,8.69355
9981,18637,17615,12618,13048,8.71035
10506,18532,17915,12728,13108,8.71302
10611,18511,17975,12750,13120,8.71574
10540,18546,18045,12764,13096,8.72467
10276,18630,18060,12752,13042,8.73502
10381,18609,18120,12774,13054,8.73766
10188,18658,18065,12748,13024,8.74021
10293,18637,18125,12770,13036,8.74247
10202,18728,18460,12852,12970,8.74832
10219,18735,18525,12870,12964,8.75192
10236,18742,18590,12888,12958,8.75441
10341,18721,18650,12910,12970,8.75695
10423,18819,19305,13086,12892,8.7765
11670,19620,15219,13542,13717,8.88629
11500,19630,15554,13502,13792,8.89857
14084,17207,14580,12753,13204,9.05159
14189,17186,14640,12775,13216,9.05481
14714,17081,14940,12885,13276,9.05913
17024,16619,16260,13369,13540,9.06386
17129,16598,16320,13391,13552,9.06693
13945,17246,14784,12751,13210,9.07485
14365,17162,15024,12839,13258,9.07939
14785,17078,15264,12927,13306,9.08262
15520,16931,15684,13081,13390,9.086
15625,16910,15744,13103,13402,9.08828
10061,18413,16555,12346,13216,9.13131
10376,18350,16735,12412,13252,9.13513
10796,18266,16975,12500,13300,9.1392
10901,18245,17035,12522,13312,9.14178
10078,18420,16620,12364,13210,9.15137
10813,18273,17040,12518,13294,9.15943
10200,18406,16745,12404,13216,9.16227
10305,18385,16805,12426,13228,9.16502
10112,18434,16750,12400,13198,9.17364
10427,18371,16930,12466,13234,9.17756
10532,18350,16990,12488,13246,9.18097
11057,18245,17290,12598,13306,9.18457
9709,18525,16575,12330,13144,9.18731
10129,18441,16815,12418,13192,9.19059
10234,18420,16875,12440,13204,9.19324
10654,18336,17115,12528,13252,9.19635
10759,18315,17175,12550,13264,9.19915
11494,18168,17595,12704,13348,9.20346
9831,18511,16700,12370,13150,9.20932
10461,18385,17060,12502,13222,9.21194
10986,18280,17360,12612,13282,9.21573
11091,18259,17420,12634,13294,9.21847
10583,18371,17185,12542,13228,9.22279
10688,18350,17245,12564,13240,9.22638
11108,18266,17485,12652,13288,9.22929
11213,18245,17545,12674,13300,9.23298
9970,18504,16890,12428,13150,9.23596
9899,18539,16960,12442,13126,9.25194
10231,18483,17205,12526,13156,9.26019
10336,18462,17265,12548,13168,9.26278
10651,18399,17445,12614,13204,9.26575
11071,18315,17685,12702,13252,9.26926
11176,18294,17745,12724,13264,9.27178
11403,18259,17930,12786,13282,9.27463
11508,18238,17990,12808,13294,9.27714
9845,18581,17095,12474,13096,9.27992
9950,18560,17155,12496,13108,9.2823
10895,18371,17695,12694,13216,9.28672
11315,18287,17935,12782,13264,9.29038
10177,18525,17340,12558,13126,9.29558
10404,18490,17525,12620,13144,9.3056
11034,18364,17885,12752,13216,9.31116
10438,18504,17655,12656,13132,9.31649
10086,18616,17675,12640,13060,9.32905
10401,18553,17855,12706,13096,9.3317
10435,18567,17985,12742,13084,9.34171
10083,18679,18005,12726,13012,9.35546
10412,18686,18580,12896,12994,9.36008
10324,18714,18585,12892,12976,9.36611
11367,19623,16083,13468,13909,9.52623
14399,17144,14760,12819,13240,9.65563
14680,17099,15204,12905,13294,9.66839
15415,16952,15624,13059,13378,9.67302
9973,18441,16560,12342,13198,9.70859
11128,18210,17220,12584,13330,9.71236
11233,18189,17280,12606,13342,9.71524
9780,18490,16505,12316,13168,9.71878
10410,18364,16865,12448,13240,9.72169
10515,18343,16925,12470,13252,9.72533
10007,18455,16690,12378,13186,9.73198
10742,18308,17110,12532,13270,9.73695
10339,18399,16935,12462,13216,9.74976
10041,18469,16820,12414,13174,9.75843
10356,18406,17000,12480,13210,9.76219
10881,18301,17300,12590,13270,9.76604
11406,18196,17600,12700,13330,9.76962
11511,18175,17660,12722,13342,9.77223
10478,18392,17125,12520,13216,9.77528
10793,18329,17305,12586,13252,9.77922
11318,18224,17605,12696,13312,9.78454
9865,18525,16830,12406,13138,9.7883
10302,18448,17135,12512,13180,9.79652
10407,18427,17195,12534,13192,9.79943
9794,18560,16900,12420,13114,9.80213
10214,18476,17140,12508,13162,9.80565
10319,18455,17200,12530,13174,9.80877
9916,18546,17025,12460,13120,9.81153
10021,18525,17085,12482,13132,9.81412
10966,18336,17625,12680,13240,9.82049
11386,18252,17865,12768,13288,9.82406
11491,18231,17925,12790,13300,9.82678
11298,18280,17870,12764,13270,9.82962
10055,18539,17215,12518,13120,9.83476
10790,18392,17635,12672,13204,9.83929
11210,18308,17875,12760,13252,9.84292
10072,18546,17280,12536,13114,9.84563
10299,18511,17465,12598,13132,9.85373
10123,18567,17475,12590,13096,9.85936
10228,18546,17535,12612,13108,9.86209
10103,18623,17740,12658,13054,9.87021
10208,18602,17800,12680,13066,9.87313
10452,18574,18050,12760,13078,9.8777
10307,18707,18520,12874,12982,9.8858
11758,19592,15214,13546,13735,9.92859
11863,19571,15274,13568,13747,9.9317
11795,19575,15408,13552,13777,9.93958
11659,19583,15676,13520,13837,9.95775
11764,19562,15736,13542,13849,9.96156
11696,19566,15870,13526,13879,9.96915
11662,19568,15937,13518,13894,9.97418
14294,17165,14700,12797,13228,10.2314
10918,18252,17100,12540,13306,10.263
11023,18231,17160,12562,13318,10.2664
11443,18147,17400,12650,13366,10.2699
9885,18469,16565,12338,13180,10.2745
9990,18448,16625,12360,13192,10.2779
10935,18259,17165,12558,13300,10.2829
10637,18329,17050,12510,13258,10.2935
9936,18490,16760,12392,13162,10.3058
10776,18322,17240,12568,13258,10.3111
11196,18238,17480,12656,13306,10.3156
11301,18217,17540,12678,13318,10.3189
9760,18546,16770,12384,13126,10.3327
10197,18469,17075,12490,13168,10.3422
11037,18301,17555,12666,13264,10.3456
11142,18280,17615,12688,13276,10.3491
10739,18371,17440,12618,13222,10.3559
10844,18350,17500,12640,13234,10.359
9811,18567,16965,12438,13108,10.3623
10126,18504,17145,12504,13144,10.3668
11281,18273,17805,12746,13276,10.3737
11193,18301,17810,12742,13258,10.3824
10597,18441,17580,12646,13174,10.3948
10333,18525,17595,12634,13120,10.4018
9998,18644,17680,12636,13042,10.4057
10313,18581,17860,12702,13078,10.4101
10242,18616,17930,12716,13054,10.4129
10347,18595,17990,12738,13066,10.4164
10338,18784,18980,12996,12922,10.4235
11690,19596,15348,13530,13765,10.4657
11554,19604,15616,13498,13825,10.4837
11730,19564,15803,13534,13864,10.4896
11486,19608,15750,13482,13855,10.4937
11591,19587,15810,13504,13867,10.497
11452,19610,15817,13474,13870,10.501
11282,19620,16152,13434,13945,10.5243
11387,19599,16212,13456,13957,10.5274
11469,19617,15882,13492,13864,10.5982
11645,19577,16069,13528,13903,10.6012
11338,18168,17340,12628,13354,10.7624
10095,18427,16685,12382,13204,10.7697
10830,18280,17105,12536,13288,10.7732
11162,18224,17350,12620,13318,10.7821
11267,18203,17410,12642,13330,10.7863
10810,18336,17370,12604,13246,10.7988
10915,18315,17430,12626,13258,10.8022
10827,18343,17435,12622,13240,10.8078
10932,18322,17495,12644,13252,10.8108
11247,18259,17675,12710,13288,10.8152
10424,18434,17260,12552,13186,10.82
11159,18287,17680,12706,13270,10.8238
11264,18266,17740,12728,13282,10.8272
10143,18511,17210,12522,13138,10.8406
10248,18490,17270,12544,13150,10.8439
10628,18518,18040,12768,13114,10.8553
11894,19584,14946,13578,13675,10.8767
11792,19590,15147,13554,13720,10.8917
11761,19577,15475,13544,13792,10.9026
11625,19585,15743,13512,13852,10.9169
11557,19589,15877,13496,13882,10.9245
11316,19618,16085,13442,13930,10.9438
11421,19597,16145,13464,13942,10.9469
11843,19595,15145,13580,13699,10.971
11812,19582,15473,13570,13771,10.9937
11435,19619,15949,13484,13879,11.0336
11472,19602,16143,13490,13921,11.0425
11577,19581,16203,13512,13933,11.0462
11438,19604,16210,13482,13936,11.0495
10620,18322,16985,12492,13264,11.134
11250,18196,17345,12624,13336,11.1375
11355,18175,17405,12646,13348,11.1407
11372,18182,17470,12664,13342,11.1457
11477,18161,17530,12686,13354,11.1493
10705,18357,17310,12582,13234,11.1528
11440,18210,17730,12736,13318,11.1577
10512,18406,17255,12556,13204,11.1642
10617,18385,17315,12578,13216,11.1674
11352,18238,17735,12732,13300,11.1736
10529,18413,17320,12574,13198,11.1783
10634,18392,17380,12596,13210,11.1818
11054,18308,17620,12684,13258,11.1854
11474,18224,17860,12772,13306,11.1896
10038,18532,17150,12500,13126,11.1961
10353,18469,17330,12566,13162,11.2013
10702,18420,17640,12668,13186,11.2054
10523,18539,17980,12746,13102,11.2089
11860,19586,15013,13570,13690,11.2252
11656,19598,15415,13522,13780,11.2453
11588,19602,15549,13506,13810,11.2532
11520,19606,15683,13490,13840,11.2578
11384,19614,15951,13458,13900,11.2695
11526,19576,16205,13486,13954,11.2792
11248,19622,16219,13426,13960,11.2893
11809,19597,15212,13572,13714,11.3021
11707,19603,15413,13548,13759,11.3195
11642,19592,15808,13530,13846,11.3451
11747,19571,15868,13552,13858,11.3485
11503,19615,15815,13500,13849,11.3521
11608,19594,15875,13522,13861,11.3556
11540,19598,16009,13506,13891,11.3658
11401,19621,16016,13476,13894,11.3703
11333,19625,16150,13460,13924,11.3797
10725,18301,17045,12514,13276,11.4314
11565,18133,17525,12690,13372,11.4371
10600,18378,17250,12560,13222,11.4481
11335,18231,17670,12714,13306,11.4518
10722,18364,17375,12600,13228,11.4583
11457,18217,17795,12754,13312,11.4628
10949,18329,17560,12662,13246,11.4739
11369,18245,17800,12750,13294,11.4771
9933,18553,17090,12478,13114,11.4811
11088,18322,17750,12720,13246,11.4847
11227,18315,17940,12778,13246,11.4882
11332,18294,18000,12800,13258,11.4907
10418,18560,17920,12724,13090,11.4937
11826,19588,15080,13562,13705,11.5016
11628,19570,16004,13510,13909,11.531
11733,19549,16064,13532,13921,11.534
11877,19593,15078,13588,13684,11.5619
11846,19580,15406,13578,13756,11.5715
11537,19613,15748,13508,13834,11.596
11713,19573,15935,13544,13873,11.6046
11679,19575,16002,13536,13888,11.6084
11460,18154,17465,12668,13360,11.6527
11230,18252,17610,12692,13294,11.6605
10983,18343,17690,12698,13234,11.6734
10912,18378,17760,12712,13210,11.6777
11017,18357,17820,12734,13222,11.6808
11437,18273,18060,12822,13270,11.6836
11829,19573,15341,13560,13762,11.6928
11727,19579,15542,13536,13807,11.6969
11523,19591,15944,13488,13897,11.704
11699,19551,16131,13524,13936,11.713
11560,19574,16138,13494,13939,11.7194
11665,19553,16198,13516,13951,11.7226
11741,19601,15346,13556,13744,11.7352
11639,19607,15547,13532,13789,11.7419
11744,19586,15607,13554,13801,11.7454
11710,19588,15674,13546,13816,11.7486
11781,19569,15801,13560,13843,11.7521
11574,19596,15942,13514,13876,11.7677
11611,19579,16136,13520,13918,11.7707
11716,19558,16196,13542,13930,11.7735
11020,18294,17490,12648,13270,11.8007
11125,18273,17550,12670,13282,11.8042
10878,18364,17630,12676,13222,11.8075
10807,18399,17700,12690,13198,11.8117
11122,18336,17880,12756,13234,11.8163
11724,19594,15281,13538,13750,11.8226
11622,19600,15482,13514,13795,11.8271
11418,19612,15884,13466,13885,11.8352
11489,19593,16011,13480,13912,11.8432
11594,19572,16071,13502,13924,11.8467
11455,19595,16078,13472,13927,11.8502
11778,19584,15540,13562,13786,11.8657
11605,19609,15614,13524,13804,11.8735
11571,19611,15681,13516,13819,11.8781
11676,19590,15741,13538,13831,11.8812
11506,19600,16076,13498,13906,11.8892
11299,19627,16217,13452,13939,11.9
10773,18385,17570,12654,13210,11.9122
11693,19581,15609,13528,13822,11.9251
11350,19616,16018,13450,13915,11.9394
11673,19605,15480,13540,13774,11.9493
10458,18448,17390,12588,13174,11.9691
10668,18406,17510,12632,13198,11.9861
11798,19560,15669,13550,13834,11.9905
11775,19599,15279,13564,13729,11.9965
10563,18427,17450,12610,13186,12.0013
