obj0,obj1,obj2,cpu
22344,24682,27526,0.617503
22958,23992,26531,0.625618
23231,24455,25290,0.713977
23845,23765,24295,0.734719
26928,20288,24422,0.948846
24046,22600,25566,0.951535
27542,19598,23427,0.962092
24660,21910,24571,0.964758
29804,22734,20406,1.0682
26922,25046,21550,1.07097
27815,20061,22186,1.07328
24933,22373,23330,1.07716
30418,22044,19411,1.10027
27536,24356,20555,1.10312
28429,19371,21191,1.10546
25547,21683,22335,1.10956
29562,22229,20855,1.18932
26680,24541,21999,1.19208
30503,21598,20783,1.29842
30625,21729,20759,1.299
26523,22731,22143,1.30681
26645,22862,22119,1.30833
23597,24848,25218,1.32869
23719,24979,25194,1.32975
25177,22635,23282,1.33389
25299,22766,23258,1.33536
29405,20419,20999,1.34847
29527,20550,20975,1.34906
24211,24158,24223,1.35401
24333,24289,24199,1.35503
25791,21945,22287,1.36048
25913,22076,22263,1.36197
27377,23648,21975,1.36249
27499,23779,21951,1.364
28303,20585,22090,1.3789
28425,20716,22066,1.37958
23353,24586,25266,1.38005
23475,24717,25242,1.3811
25055,22504,23306,1.38733
25421,22897,23234,1.38784
28917,19895,21095,1.39704
29039,20026,21071,1.39762
30015,21074,20879,1.39807
30137,21205,20855,1.39865
23967,23896,24271,1.40206
24089,24027,24247,1.40306
24577,24551,24151,1.40353
24699,24682,24127,1.40454
25669,21814,22311,1.41063
26035,22207,22239,1.41111
26157,22338,22215,1.41261
26767,22993,22095,1.41316
26889,23124,22071,1.41474
28059,20323,22138,1.43069
28181,20454,22114,1.43143
23841,25110,25170,1.43558
28673,19633,21143,1.44675
28795,19764,21119,1.4477
29161,20157,21047,1.44817
29283,20288,21023,1.44876
29771,20812,20927,1.44923
29893,20943,20903,1.4498
30259,21336,20831,1.45026
30381,21467,20807,1.45085
30869,21991,20711,1.45131
24455,24420,24175,1.45568
24821,24813,24103,1.45617
26279,22469,22191,1.46675
27011,23255,22047,1.46898
27133,23386,22023,1.47047
27621,23910,21927,1.47098
27743,24041,21903,1.4725
27937,20192,22162,1.49935
28551,19502,21167,1.52778
29649,20681,20951,1.53095
30747,21860,20735,1.53407
26401,22600,22167,1.55912
27255,23517,21999,1.56697
27865,24172,21879,1.57045
24476,22520,25666,2.03428
24562,22504,25686,2.0353
27352,24966,21650,2.05733
27438,24950,21670,2.05831
28826,24116,20855,2.06707
28912,24100,20875,2.06806
24132,22584,25586,2.22455
24218,22568,25606,2.22556
25090,21830,24671,2.23536
25176,21814,24691,2.23632
27008,25030,21570,2.25304
27094,25014,21590,2.25398
27966,24276,20655,2.26162
28052,24260,20675,2.26258
22774,24602,27626,2.45123
22860,24586,27646,2.45261
24304,22552,25626,2.45428
24390,22536,25646,2.45527
24648,22488,25706,2.45575
24746,21894,24591,2.46486
24832,21878,24611,2.46581
25434,21766,24751,2.46632
25520,21750,24771,2.46728
27180,24998,21610,2.48311
27266,24982,21630,2.48408
27524,24934,21690,2.48454
27622,24340,20575,2.50128
27708,24324,20595,2.50225
28310,24212,20735,2.50272
28396,24196,20755,2.50371
29170,24052,20935,2.50418
29256,24036,20955,2.50514
22516,24650,27566,2.72318
22602,24634,27586,2.72417
23388,23912,26631,2.72979
23474,23896,26651,2.73057
24918,21862,24631,2.73998
25004,21846,24651,2.74099
25262,21798,24711,2.74151
25348,21782,24731,2.7425
25363,22293,23430,2.76956
25449,22277,23450,2.77069
27794,24308,20615,2.781
27880,24292,20635,2.78203
28138,24244,20695,2.78252
28224,24228,20715,2.78358
28482,24180,20775,2.78409
28568,24164,20795,2.78514
28998,24084,20895,2.78565
29084,24068,20915,2.78685
29428,24004,20995,2.78736
26837,21443,22635,2.82752
26923,21427,22655,2.82863
26766,24525,22019,3.00958
26852,24509,22039,3.01059
22430,24666,27546,3.01109
22688,24618,27606,3.01206
22946,24570,27666,3.01315
23130,23960,26571,3.01543
23216,23944,26591,3.01665
23646,23864,26691,3.01714
23732,23848,26711,3.01775
25019,22357,23350,3.04736
25105,22341,23370,3.04835
25141,22488,23326,3.05021
25263,22619,23302,3.05168
25385,22750,23278,3.05307
25507,22881,23254,3.05448
28654,24148,20815,3.06422
28740,24132,20835,3.06521
29342,24020,20975,3.06895
25977,21603,22435,3.09392
26063,21587,22455,3.09508
27783,21267,22855,3.09557
26938,24493,22059,3.18151
24024,23678,26083,3.18511
23044,23976,26551,3.1861
23302,23928,26611,3.18697
23560,23880,26671,3.18784
23818,23832,26731,3.1887
25191,22325,23390,3.20655
25277,22309,23410,3.20757
25535,22261,23470,3.20808
25633,21667,22355,3.24554
25719,21651,22375,3.24666
26321,21539,22515,3.24716
26407,21523,22535,3.24816
27181,21379,22715,3.24864
27267,21363,22735,3.24961
25755,21798,22331,3.26449
25877,21929,22307,3.26863
25999,22060,22283,3.27003
26121,22191,22259,3.27146
26243,22322,22235,3.27286
26731,22846,22139,3.27838
26853,22977,22115,3.27978
24036,23090,25801,3.31597
24034,23188,25848,3.31654
24638,22988,25088,3.31982
24636,23086,25135,3.32037
26912,25536,21785,3.32316
26910,25634,21832,3.32376
23661,24375,25390,3.32423
23747,24359,25410,3.32485
27514,25434,21072,3.33527
27512,25532,21119,3.33583
24791,23589,24515,3.34041
24877,23573,24535,3.34099
25805,21635,22395,3.36392
25891,21619,22415,3.36491
26149,21571,22475,3.36542
26235,21555,22495,3.36639
26493,21507,22555,3.36687
26579,21491,22575,3.36786
27009,21411,22675,3.36834
27095,21395,22695,3.36932
27439,21331,22775,3.3698
27525,21315,22795,3.37086
26365,22453,22211,3.38961
26975,23108,22091,3.3961
27097,23239,22067,3.39751
27219,23370,22043,3.39891
27585,23763,21971,3.40308
27707,23894,21947,3.40448
27829,24025,21923,3.40588
24042,22796,25660,3.42307
24040,22894,25707,3.42364
24030,23384,25942,3.42408
24028,23482,25989,3.42466
24650,22400,24806,3.42511
24648,22498,24853,3.4257
24626,23576,25370,3.42616
26918,25242,21644,3.4291
26916,25340,21691,3.42966
26906,25830,21926,3.43012
26904,25928,21973,3.43068
23403,24423,25330,3.43118
23489,24407,25350,3.4318
23439,24570,25286,3.43325
23561,24701,25262,3.43413
23683,24832,25238,3.43501
23805,24963,25214,3.43589
27526,24846,20790,3.43963
27524,24944,20837,3.44022
27502,26022,21354,3.44068
27500,26120,21401,3.44124
24275,23685,24395,3.44451
24361,23669,24415,3.44511
26665,21475,22595,3.47399
26751,21459,22615,3.47499
27353,21347,22755,3.47858
27611,21299,22815,3.47907
27697,21283,22835,3.48005
26487,22584,22187,3.48613
26609,22715,22163,3.4876
27341,23501,22019,3.49261
27463,23632,21995,3.49403
27951,24156,21899,3.49894
24044,22698,25613,3.50474
24038,22992,25754,3.50561
24032,23286,25895,3.5065
24026,23580,26036,3.50736
24656,22106,24665,3.50822
24654,22204,24712,3.50879
24644,22694,24947,3.50924
24642,22792,24994,3.50981
24632,23282,25229,3.51032
24630,23380,25276,3.51092
26920,25144,21597,3.5126
26914,25438,21738,3.51349
26908,25732,21879,3.51434
23317,24439,25310,3.51604
23575,24391,25370,3.51693
23833,24343,25430,3.5178
24911,23451,23847,3.52153
24909,23549,23894,3.52213
27532,24552,20649,3.52362
27530,24650,20696,3.5242
27520,25140,20931,3.52465
27518,25238,20978,3.52522
27508,25728,21213,3.52567
27506,25826,21260,3.52624
27496,26316,21495,3.52669
27494,26414,21542,3.52726
24017,23733,24335,3.52772
24103,23717,24355,3.52834
24533,23637,24455,3.5288
24619,23621,24475,3.52942
24053,23880,24291,3.53384
24175,24011,24267,3.53472
24297,24142,24243,3.5356
24419,24273,24219,3.5365
24658,22008,24618,3.56461
24652,22302,24759,3.56552
24646,22596,24900,3.56642
24640,22890,25041,3.56731
24634,23184,25182,3.56819
24628,23478,25323,3.56906
24923,22863,23565,3.57481
24921,22961,23612,3.5754
24899,24039,24129,3.57587
24897,24137,24176,3.57644
27534,24454,20602,3.57789
27528,24748,20743,3.57875
27522,25042,20884,3.5796
27516,25336,21025,3.58046
27510,25630,21166,3.58133
27504,25924,21307,3.58218
27498,26218,21448,3.58306
23931,23749,24315,3.58396
24189,23701,24375,3.58486
24447,23653,24435,3.58575
24705,23605,24495,3.58663
24541,24404,24195,3.59131
24663,24535,24171,3.59223
24785,24666,24147,3.59313
25525,22761,22852,3.5949
25523,22859,22899,3.59555
26676,24737,22093,3.59987
24929,22569,23424,3.60499
24927,22667,23471,3.60557
24917,23157,23706,3.60605
24915,23255,23753,3.60664
24905,23745,23988,3.6071
24903,23843,24035,3.60769
25537,22173,22570,3.62053
25535,22271,22617,3.62118
25513,23349,23134,3.62166
25511,23447,23181,3.62223
26678,24639,22046,3.62556
24931,22471,23377,3.62645
24925,22765,23518,3.62732
24919,23059,23659,3.62819
24913,23353,23800,3.62907
24907,23647,23941,3.62995
24901,23941,24082,3.63084
25543,21879,22429,3.63262
25541,21977,22476,3.63319
25531,22467,22711,3.63366
25529,22565,22758,3.63424
25519,23055,22993,3.63474
25517,23153,23040,3.63533
25545,21781,22382,3.64226
25539,22075,22523,3.64316
25533,22369,22664,3.64404
25527,22663,22805,3.64491
25521,22957,22946,3.64578
25515,23251,23087,3.64665
25509,23545,23228,3.64752
