obj0,obj1,obj2,cpu
5231,6890,1067,0
6355,1214,5566,0
6808,1666,4303,0
5971,1245,5708,0
6202,2540,3137,0
2605,3090,6155,0
5274,1509,5461,0
1207,6382,5485,0
4799,7103,1273,0
1696,6622,4451,0
1899,6027,4281,0
6827,6651,758,0
6658,6842,757,0
5863,6396,932,0
5694,6587,931,0
6441,3185,2512,0
6304,3853,2098,0
6143,4402,1789,0
3784,4403,2996,0
6535,1248,5303,0
5370,1451,5603,0
6548,2116,3611,0
5894,2287,3517,0
5962,2457,3293,0
5969,2657,3089,0
6195,2340,3341,0
3418,4751,3130,0
2348,5460,3932,0
4814,1683,5653,0
1262,5718,6393,0
1603,5789,5083,0
4304,5626,2046,0
4573,4023,2689,0
4536,6857,1480,0
3912,6140,2125,0
1480,6539,4906,0
6218,7007,780,0
6387,6816,781,0
6303,6231,909,0
6276,5706,1120,0
6492,6157,934,0
5375,3031,2947,0
5785,3306,2596,0
5487,3521,2522,0
6109,3495,2366,0
6332,4328,1814,0
6465,5632,1145,0
3933,3741,3360,0
4032,3295,3623,0
6439,1306,5161,0
6055,1337,5303,0
6507,1613,4479,0
5829,1777,4493,0
6213,1746,4351,0
6740,1359,4985,0
5875,1303,5566,0
6151,1279,5445,0
6247,2063,3787,0
5277,2258,3869,0
5024,2531,3592,0
5126,1943,4612,0
2913,4577,3824,0
2537,5162,3857,0
2635,4796,4026,0
2019,4927,4972,0
3570,2360,5586,0
4039,2217,4951,0
3406,2425,6176,0
3779,2195,5851,0
4910,1625,5795,0
2151,3725,6229,0
1673,4475,6376,0
1417,5044,6493,0
1319,5410,6324,0
3222,6756,2685,0
3568,5986,2488,0
3435,6539,2507,0
2092,6029,4049,0
4423,6557,1615,0
5118,6590,1202,0
4145,6613,1849,0
5948,4044,2057,0
5515,3996,2238,0
6836,1301,5127,0
4584,1961,4977,0
4454,2410,4263,0
2784,4134,4390,0
4055,2857,4026,0
1876,4432,5819,0
1969,5598,4489,0
3694,2277,5633,0
3317,2710,5393,0
2925,2809,6364,0
3530,2342,6223,0
1277,5953,5693,0
1295,5617,6129,0
4444,5052,2240,0
5334,4194,2207,0
4258,6913,1714,0
2988,6947,2910,0
2728,6585,3205,0
3091,6385,2870,0
5370,6398,1161,0
5539,6207,1162,0
5261,3364,2734,0
5152,3505,2685,0
4971,3703,2654,0
3742,3608,3637,0
5510,2318,3659,0
4086,2545,4428,0
4126,2827,3996,0
3897,2407,4879,0
4742,2407,4021,0
4133,3027,3792,0
4062,3057,3822,0
3092,3677,4387,0
3062,3915,4188,0
2235,5010,4517,0
3655,2278,5804,0
3308,3030,4888,0
4743,1713,5683,0
1358,5352,6195,0
1778,4798,5650,0
4936,4514,2242,0
2494,6776,3430,0
2426,6725,3505,0
2941,6368,3027,0
1921,6540,4164,0
4801,3005,3330,0
5306,3719,2491,0
2117,4561,5141,0
2144,5611,4171,0
2951,3058,5527,0
2942,3378,5022,0
2988,3628,4599,0
3529,6901,2396,0
2875,6158,3156,0
4910,2864,3379,0
2132,5377,4387,0
2814,3896,4589,0
3464,2734,5097,0
2273,4122,5329,0
2554,3789,5159,0
2664,3597,5224,0
2767,4483,4126,0
2792,3242,5540,0
3550,4438,3230,0
3699,6357,2303,0
3870,3137,3966,0
5439,4021,2271,0
6256,4353,1847,0
6389,5657,1178,0
5062,3521,2793,0
3412,3056,4709,0
2333,4644,4686,0
5104,4005,2434,0
2669,4849,3957,0
2403,5437,3929,0
3059,3468,4701,0
2625,3629,5261,0
3226,3081,4980,0
2127,3840,6302,0
5203,1539,5491,0
3796,3672,3583,0
5211,4545,2099,0
6061,3995,2115,0
5397,3537,2630,0
3944,2735,4356,0
3341,3216,4607,0
3490,2471,5532,0
3697,4118,3320,0
2646,4423,4381,0
6514,1799,4175,0
2872,3131,5594,0
3284,5026,3202,0
5619,2130,4017,0
5224,2404,3794,0
6000,2253,3703,0
4789,2784,3625,0
5246,2872,3286,0
5581,2888,3123,0
4888,3778,2720,0
2914,4163,4216,0
5730,5092,1601,0
4863,2323,4157,0
4012,2947,4038,0
3901,5907,2251,0
3813,5723,2405,0
5213,3864,2483,0
4751,4417,2426,0
2437,3526,5992,0
3562,4970,2968,0
5270,2511,3643,0
6058,4428,1861,0
4680,2925,3576,0
3941,2977,4068,0
2323,3895,5543,0
6168,2223,3701,0
4092,2836,4092,0
5406,4903,1831,0
4780,3203,3266,0
4628,2527,4063,0
6134,6422,908,0
6164,7116,801,0
5687,1955,4261,0
5544,1526,5283,0
1694,5619,5040,0
3660,2359,5472,0
4124,2135,5169,0
3458,3329,4253,0
1909,6405,4273,0
3625,2942,4532,0
2474,4372,4720,0
2354,3835,5554,0
2596,3410,5650,0
1332,5645,6066,0
2639,6508,3327,0
5787,6328,1040,0
5760,5803,1251,0
5237,6096,1381,0
5264,6621,1170,0
4800,6584,1445,0
4020,6628,1984,0
3742,6684,2218,0
5318,1966,4473,0
3735,3408,3841,0
3428,3567,4054,0
1420,6165,5307,0
4434,4749,2401,0
2707,6559,3252,0
3201,6730,2732,0
2325,5034,4356,0
2504,4134,4919,0
4412,5251,2172,0
4687,6284,1580,0
3634,2622,5037,0
2219,3912,5803,0
6777,2070,3689,0
5511,1419,5900,0
3957,5603,2318,0
4119,5270,2356,0
4096,6030,2044,0
4087,5469,2288,0
4283,6874,1777,0
6473,1623,4597,0
5009,1675,5435,0
4154,2370,4672,0
3783,3686,3540,0
2112,5810,4103,0
1400,5832,5640,0
5734,5254,1520,0
2230,5011,4556,0
4719,6085,1648,0
4164,2263,4850,0
4989,2261,4111,0
1626,5432,5466,0
1314,6208,5593,0
2324,4073,5355,0
4064,2537,4531,0
2400,3578,5857,0
3989,5404,2386,0
1535,5602,5509,0
1423,5475,6023,0
1452,5966,5375,0
2176,4215,5453,0
3649,3992,3493,0
5250,2141,4229,0
4531,2563,4135,0
4602,2533,4105,0
3969,5958,2176,0
5001,1860,4981,0
3847,3374,3923,0
6323,4752,1662,0
5797,5491,1416,0
2930,6135,3153,0
4962,2144,4471,0
4235,5795,2050,0
4628,2270,4540,0
4630,2144,4798,0
2013,4158,5961,0
3720,3962,3463,0
4559,2174,4828,0
4557,2300,4570,0
4983,5854,1690,0
5052,5685,1686,0
2610,4054,4893,0
4702,1852,5477,0
5352,1503,5422,0
6437,1929,4035,0
3416,6601,2531,0
2677,5084,3861,0
3558,4673,3134,0
6362,1436,5021,0
6663,1489,4845,0
1277,6180,5656,0
2816,4529,4047,0
5839,5081,1584,0
6136,1876,4211,0
5604,1390,5710,0
4239,2021,5659,0
1498,5574,5572,0
1969,5825,4452,0
2394,3735,5645,0
2082,3998,6261,0
1631,4937,6066,0
2480,4324,4776,0
4299,5814,2040,0
5115,3219,3103,0
5711,4670,1848,0
5220,5106,1855,0
4998,5226,1921,0
2382,4690,4607,0
4807,1759,5396,0
1681,4710,6280,0
3114,6741,2831,0
2178,4841,4846,0
1834,4894,5509,0
2793,4103,4471,0
6459,5171,1428,0
5415,5464,1587,0
5344,5849,1430,0
5752,1907,4353,0
4386,1961,5436,0
5376,4654,2011,0
4370,5208,2301,0
3952,5168,2591,0
1425,5279,6397,0
3182,6792,2756,0
2011,4158,6159,0
2039,5396,4660,0
5122,5969,1496,0
4994,5847,1627,0
4606,3460,3193,0
4822,3687,2907,0
2027,5162,4876,0
5915,5056,1551,0
6346,5220,1370,0
6230,3487,2392,0
5336,2856,3178,0
5898,2641,3141,0
6018,3189,2644,0
5503,1818,4679,0
5030,1969,4715,0
6258,3962,2108,0
5891,2441,3345,0
5556,2425,3508,0
5714,3290,2648,0
5671,2872,3015,0
4794,2805,3534,0
5941,5605,1282,0
6074,4571,1793,0
6535,5146,1395,0
5563,2625,3304,0
6599,3123,2642,0
6579,2833,2868,0
4748,2698,3685,0
4495,2118,4867,0
6507,4671,1679,0
5329,2656,3382,0
5021,2574,3660,0
4975,2467,3811,0
4788,2514,3870,0
5624,3855,2287,0
6286,2646,3063,0
5581,2334,3607,0
5080,3562,2703,0
4586,4781,2317,0
5443,4053,2256,0
5078,4243,2319,0
3171,2817,5782,0
4985,1747,5455,0
5130,2152,4246,0
3449,2598,5580,0
5715,1590,5085,0
5882,2387,3431,0
5587,3381,2610,0
6152,4963,1545,0
4560,2561,4015,0
4456,4915,2347,0
4729,3062,3348,0
3568,2434,5959,0
6293,2846,2859,0
5911,3570,2380,0
3297,4450,3664,0
5638,4411,1988,0
5273,4601,2051,0
5140,5878,1595,0
6210,4801,1604,0
4080,4960,2642,0
3925,4290,3144,0
6179,5488,1334,0
5819,4213,2019,0
4563,5541,2005,0
4424,5114,2279,0
4260,2521,4424,0
4270,2414,4602,0
4233,2948,3894,0
6399,4727,1629,0
6237,5326,1393,0
4160,3359,3584,0
4240,3148,3690,0
5180,1739,5237,0
4666,2182,4669,0
6434,2985,2716,0
5778,4592,1852,0
5113,5353,1806,0
5282,5162,1807,0
4375,2758,3966,0
4914,2199,4364,0
6368,5414,1359,0
4843,2729,3561,0
4676,5841,1870,0
3446,3788,4028,0
4554,4980,2249,0
4187,2745,4213,0
4595,5342,2073,0
3757,2830,4719,0
4118,2711,4352,0
2584,4860,4114,0
2031,5161,4756,0
3226,4396,3718,0
5737,3806,2345,0
5086,3160,3150,0
4985,5286,1871,0
3492,6357,2558,0
2077,4661,5190,0
2129,4795,4925,0
3550,4863,3076,0
4251,4579,2707,0
3882,5443,2548,0
4855,5420,1901,0
3479,5724,2753,0
3325,3950,3981,0
4012,5309,2518,0
3547,5775,2678,0
3424,6306,2633,0
3277,6174,2805,0
1979,5027,5021,0
3618,4914,3001,0
3744,6040,2463,0
2681,5381,3695,0
6157,3168,2773,0
5609,3835,2378,0
2551,4400,4581,0
2177,5971,4047,0
5528,5238,1649,0
1522,5367,5767,0
1979,5579,4634,0
1432,6300,5198,0
1620,5001,5936,0
3006,6529,2971,0
5009,4691,2147,0
4586,5735,1912,0
4517,5904,1916,0
2223,6400,3864,0
1763,5496,5089,0
2772,6720,3196,0
2704,6669,3271,0
4535,4190,2712,0
5204,5049,1879,0
5333,4880,1917,0
1705,6457,4619,0
5223,3794,2557,0
5011,4010,2531,0
4581,2199,4586,0
5865,5630,1315,0
5737,5219,1579,0
5173,2271,4089,0
4592,3286,3345,0
3659,2754,4762,0
4634,2818,3727,0
5359,2003,4402,0
4192,2696,4180,0
6265,4914,1603,0
4492,3008,3655,0
5092,1980,4599,0
5653,1556,5246,0
5668,6038,1200,0
4773,6554,1542,0
5205,6341,1336,0
6102,1913,4198,0
4600,3807,2973,0
4547,2236,4573,0
4340,2270,4775,0
3699,2911,4561,0
3492,2945,4763,0
2978,3217,5269,0
6194,5299,1446,0
4384,3580,3259,0
4458,3045,3642,0
4885,2014,4801,0
4262,2564,4377,0
3777,2617,4959,0
2857,3604,4953,0
2907,3377,5167,0
2783,4139,4570,0
4055,2598,4579,0
3058,3106,5323,0
3267,3751,4224,0
3839,3190,4117,0
4558,3323,3332,0
5718,1944,4340,0
4356,2771,4027,0
3628,3071,4459,0
2579,4290,4809,0
4567,2904,3691,0
4529,2885,3744,0
4578,2651,3961,0
3411,2506,5844,0
4161,2244,4936,0
6504,4639,1706,0
3731,2329,5442,0
4025,3095,3827,0
4900,6014,1694,0
5289,4737,2010,0
6141,4970,1608,0
4494,1860,6055,0
4891,5057,2045,0
4918,5582,1834,0
6315,4713,1681,0
3279,4229,3690,0
6633,5362,1358,0
6566,4963,1543,0
4002,3923,3188,0
4892,1677,5614,0
3636,4271,3322,0
3629,6384,2353,0
3907,6328,2119,0
4811,2589,3849,0
5241,2096,4333,0
3563,6174,2482,0
3752,5876,2407,0
2167,4481,5315,0
2497,3929,5194,0
5467,1656,5143,0
4699,2114,4698,0
4998,5493,1770,0
4696,2352,4307,0
5759,4170,2099,0
4624,3794,2877,0
4101,3477,3451,0
4870,3187,3158,0
4060,3399,3548,0
4269,2607,4214,0
3327,6524,2653,0
3090,4019,4113,0
2975,3782,4571,0
4127,2797,4142,0
3620,3171,4299,0
4863,2987,3362,0
1641,5786,5186,0
2812,4238,4315,0
2714,4604,4146,0
5144,1564,5902,0
4128,5831,2112,0
4238,5430,2233,0
4829,5684,1769,0
4652,4269,2593,0
1732,5616,5143,0
2612,4166,4736,0
2099,4294,5741,0
2149,4067,5955,0
5406,5905,1382,0
3312,2629,5725,0
2560,3248,6114,0
3232,2740,5671,0
4471,1879,5654,0
2159,3960,6133,0
5224,4980,1903,0
5352,5391,1639,0
5243,4352,2231,0
4124,3039,3854,0
4195,3009,3824,0
4817,2880,3513,0
3595,4193,3419,0
2386,5457,4035,0
2182,5608,4274,0
2321,5053,4460,0
3395,6575,2578,0
4012,2560,4600,0
5090,2756,3488,0
2550,3355,5936,0
2479,3515,5834,0
2489,3408,6012,0
2219,4615,5050,0
2416,4334,4943,0
2429,3742,5620,0
1490,5963,5478,0
1438,5829,5743,0
4633,4726,2367,0
4407,5239,2234,0
5606,4843,1784,0
5787,4645,1815,0
4053,3199,3752,0
4689,3385,3127,0
4275,2898,3878,0
5858,2125,3981,0
2755,4682,4049,0
2575,5159,3960,0
2697,4001,4773,0
2896,3323,5308,0
3262,2975,5174,0
2825,3483,5206,0
4857,2696,3698,0
5205,3203,2995,0
2525,4902,4221,0
2502,4476,4645,0
2547,3702,5408,0
2618,3542,5510,0
4257,4973,2459,0
5578,4368,2068,0
5424,4154,2262,0
4202,3209,3620,0
3342,2864,5228,0
3272,2868,5352,0
5097,2956,3284,0
5432,2972,3121,0
5425,2772,3325,0
4118,5528,2273,0
3222,2847,5493,0
5733,2062,4110,0
5627,2441,3456,0
6068,2078,3947,0
5489,2030,4275,0
5172,3295,2911,0
5383,2409,3621,0
4235,2761,4138,0
3828,2800,4689,0
3837,2480,5194,0
6037,2926,2880,0
5889,2587,3227,0
5390,2609,3417,0
6030,2726,3084,0
4954,2179,4427,0
4848,2558,3773,0
4382,2958,3762,0
4261,3091,3753,0
4821,2795,3556,0
4814,2595,3760,0
5588,2534,3403,0
4864,2107,4655,0
5399,1958,4503,0
5507,3311,2748,0
5201,2033,4517,0
5988,2008,4085,0
5051,3428,2902,0
5535,3786,2464,0
5691,2662,3241,0
5730,4144,2196,0
5702,3669,2480,0
5928,4069,2182,0
5535,4734,1869,0
5024,3935,2572,0
5863,4070,2129,0
4453,4127,2883,0
4953,3965,2602,0
5920,2183,3841,0
5190,2441,3781,0
5359,3951,2409,0
4671,4347,2564,0
5867,2170,3877,0
6436,1460,4989,0
6182,1426,5244,0
5875,1884,4342,0
6504,1767,4307,0
1420,5985,5584,0
2112,5630,4380,0
5665,2237,3866,0
5621,1850,4597,0
5042,2214,4333,0
1824,4515,6208,0
3964,4724,2855,0
5932,4164,2077,0
3036,5116,3503,0
6210,1900,4179,0
2327,4255,5285,0
1438,5422,6057,0
4789,5126,2095,0
5473,5302,1646,0
4659,5260,2125,0
6169,1751,4470,0
1693,6142,5005,0
2616,5040,4028,0
1490,5556,5792,0
5401,1598,5402,0
2164,4198,5793,0
1568,5084,6325,0
2228,4701,5022,0
3621,4408,3200,0
2918,4523,3958,0
2170,4967,4804,0
2268,4601,4973,0
1641,5379,5500,0
1502,5871,5406,0
2820,4889,3789,0
2484,4684,4518,0
2386,5050,4349,0
1961,5888,4502,0
2015,4461,5805,0
2027,4472,5651,0
3290,4047,3969,0
1629,5368,5654,0
3889,5375,2513,0
2413,5418,4074,0
4737,3738,2888,0
4172,4309,2919,0
5924,7119,917,0
5400,6699,1068,0
5755,7310,916,0
5739,5653,1357,0
5570,5844,1356,0
5073,6649,1349,0
5741,4972,1741,0
4960,6349,1484,0
5070,5948,1605,0
4313,3952,3121,0
3243,3582,4438,0
5396,2056,4337,0
5731,2072,4174,0
5427,1996,4436,0
4745,3973,2792,0
4780,2296,4363,0
5886,1616,5036,0
6279,1520,4987,0
5325,2040,4389,0
5976,4994,1649,0
4700,3133,3404,0
4989,6114,1622,0
5452,5811,1486,0
6424,2294,3419,0
3743,5315,2651,0
5182,2469,3722,0
6414,2838,2885,0
6431,2494,3215,0
4109,4967,2517,0
6476,2017,3865,0
6123,2241,3595,0
4955,2700,3596,0
5506,2212,3947,0
6127,2595,3219,0
5709,4761,1856,0
4154,5868,2103,0
4611,4732,2358,0
5204,4770,2055,0
6120,2395,3423,0
6572,2633,3072,0
4804,2660,3764,0
4968,1967,4831,0
5533,2969,3077,0
5516,3313,2747,0
5820,3212,2743,0
4806,5090,2090,0
6120,1847,4327,0
6229,1862,4249,0
5165,2813,3392,0
5009,4412,2323,0
5306,3200,2951,0
5780,4320,2039,0
5599,4518,2008,0
5739,2272,3737,0
4813,2340,4269,0
4683,2364,4341,0
5569,4580,1992,0
3768,5901,2393,0
3636,3489,3916,0
4463,5934,1980,0
4541,2034,5173,0
2973,5618,3322,0
3229,5049,3205,0
2898,3680,4925,0
4470,2064,5203,0
2883,5780,3405,0
3133,4770,3536,0
2905,5007,3693,0
3188,6097,2927,0
3490,5957,2627,0
3424,5747,2756,0
5271,1877,4803,0
3613,5449,2681,0
3698,2885,4665,0
3176,3461,4723,0
3812,2493,5168,0
3841,2421,5338,0
3689,3205,4160,0
3411,3424,4362,0
3282,4108,3900,0
2993,5399,3376,0
3256,6148,2852,0
3567,4089,3494,0
6159,2178,3805,0
3627,3371,4095,0
5942,5581,1340,0
3939,6129,2187,0
3553,3906,3712,0
5761,5779,1309,0
4080,2772,4282,0
5968,6130,1071,0
4673,6367,1634,0
4647,5818,1903,0
5238,6072,1439,0
3594,3984,3615,0
2901,4317,4188,0
5270,4877,2020,0
2623,4536,4390,0
4009,2802,4312,0
4160,2661,4336,0
5474,2156,4123,0
2566,4980,4124,0
4049,5728,2308,0
5633,5368,1573,0
3938,2962,4210,0
3406,4491,3494,0
4068,5271,2534,0
3929,5826,2348,0
4209,6330,1909,0
4279,2500,4392,0
4814,2351,4240,0
2544,3979,5162,0
6107,5897,1119,0
3862,6221,2269,0
5742,6087,1182,0
6800,6126,969,0
3377,3212,4716,0
4774,2223,4559,0
2755,3374,5710,0
2940,3720,4748,0
2594,3752,5376,0
3794,6170,2344,0
3011,3560,4850,0
2662,3939,4950,0
2733,3779,5052,0
2604,3645,5554,0
4640,2631,3877,0
4754,3026,3400,0
5275,3920,2435,0
6124,1950,4172,0
6467,2721,2995,0
4281,3226,3593,0
5570,3389,2679,0
4696,3662,2988,0
4817,3529,2997,0
5175,2482,3725,0
5373,2407,3711,0
5480,2602,3438,0
5992,2793,3035,0
5456,3722,2466,0
6106,3928,2112,0
5289,2877,3248,0
5282,2677,3452,0
4633,3159,3391,0
5067,3906,2574,0
5551,2072,4241,0
5980,3664,2328,0
5782,3739,2342,0
4747,2826,3604,0
5487,2802,3234,0
5794,2868,3049,0
6243,3260,2526,0
4998,3331,3028,0
4647,2831,3673,0
4948,4377,2349,0
4950,3696,2733,0
4599,3196,3378,0
4903,4914,2156,0
6137,3970,2082,0
4518,2929,3684,0
5087,4804,2075,0
5583,4234,2120,0
6204,4369,1897,0
5957,4605,1813,0
6015,4443,1872,0
5114,5329,1864,0
5493,1803,4907,0
5277,1850,5025,0
6042,4968,1661,0
5640,1866,4591,0
5609,1969,4431,0
6424,1697,4445,0
6356,1390,5127,0
6123,1644,4621,0
6130,1830,4317,0
5925,1749,4593,0
6259,1272,5424,0
5711,1504,5372,0
5891,1538,5109,0
5745,1715,4856,0
5539,3881,2359,0
5734,4239,2091,0
5081,4679,2129,0
5068,5023,2000,0
5276,5037,1861,0
5198,4889,1970,0
5083,3998,2513,0
5337,5072,1835,0
5704,4345,2072,0
5669,2113,4170,0
2197,5335,4529,0
2453,4766,4412,0
2310,4271,5259,0
2212,4637,5090,0
3771,3583,3703,0
2890,3994,4430,0
2612,4680,4286,0
5679,1512,5370,0
4576,5807,1917,0
4686,6803,1408,0
2893,5311,3575,0
4021,5870,2274,0
3618,6151,2479,0
2474,3624,5699,0
1766,5864,5034,0
5651,1877,4546,0
2456,4155,4990,0
2126,4707,5111,0
4247,4219,2965,0
2473,5235,4100,0
3157,2803,5790,0
1784,5301,5507,0
2108,5270,4638,0
1987,5262,4925,0
5430,2019,4350,0
3373,4076,3808,0
3493,4269,3559,0
3032,4756,3761,0
3354,4824,3373,0
4319,2605,4218,0
2189,4422,5240,0
4272,2277,4741,0
3807,6845,2162,0
2316,3913,5676,0
5585,1563,5212,0
4817,2021,4767,0
4814,2259,4376,0
2366,3686,5890,0
4192,3114,3782,0
5798,1433,5426,0
5978,1467,5163,0
3694,6545,2297,0
1766,6420,4622,0
1884,4667,5723,0
1961,4385,5945,0
4177,2795,4146,0
6182,1402,5284,0
4569,4945,2327,0
5537,6612,1133,0
4777,5575,1914,0
3392,6685,2597,0
4507,6444,1627,0
5323,5980,1448,0
5933,5910,1182,0
6052,6322,957,0
5928,5579,1382,0
3942,2383,5380,0
2987,3266,5221,0
4600,2855,3714,0
3421,3105,4661,0
3910,3030,4219,0
3314,3422,4540,0
4868,2228,4471,0
4744,2311,4424,0
6050,1686,4803,0
4493,3439,3308,0
5066,4958,2099,0
3294,3915,3982,0
2892,2945,6007,0
2824,5017,3709,0
4040,2149,5709,0
3820,2991,4315,0
2791,4028,4609,0
2883,3265,5502,0
3115,5475,3171,0
4065,2203,5373,0
3994,2233,5403,0
3190,4669,3575,0
2926,5773,3246,0
2595,4196,4816,0
2059,5040,4949,0
2346,4343,5188,0
3283,5450,3020,0
3696,2912,4502,0
3705,2592,5007,0
1891,5248,5065,0
2564,5687,3646,0
4508,1988,5421,0
1550,5177,6375,0
2180,5861,4028,0
3393,5795,2882,0
4355,2781,4074,0
4372,4377,2789,0
3649,5102,2886,0
1688,5291,5622,0
2806,5849,3402,0
3807,4999,2819,0
4049,4727,2797,0
1823,5061,5491,0
2110,4474,5390,0
1921,5010,5264,0
2042,4287,5816,0
2012,4840,5221,0
2019,4644,5433,0
1740,5425,5357,0
4406,4274,2685,0
4135,2507,4501,0
4654,3166,3312,0
6142,2865,2929,0
4755,2898,3481,0
5290,2749,3329,0
3659,3443,3961,0
4555,3612,3049,0
4842,4732,2205,0
5901,2487,3313,0
5189,3017,3160,0
5283,2549,3533,0
4810,4931,2137,0
3666,3643,3757,0
4736,2026,4955,0
4696,2095,4784,0
4783,2115,4625,0
4814,4257,2489,0
5531,3127,2945,0
5517,2518,3455,0
2903,5561,3459,0
4895,3544,2928,0
6213,2100,3774,0
5243,2295,3856,0
4708,2444,4008,0
5323,2365,3718,0
4424,2148,4897,0
2944,5068,3611,0
5860,2324,3504,0
3968,3489,3589,0
4062,3021,3962,0
4222,3523,3334,0
4403,3325,3365,0
4650,2965,3498,0
5284,2003,4460,0
3786,2756,4733,0
4129,2610,4386,0
3737,3221,4085,0
4481,4866,2388,0
5476,2355,3646,0
3499,4422,3402,0
3961,3289,3793,0
4714,2735,3672,0
4643,2765,3702,0
4389,2731,3957,0
4396,2931,3753,0
3777,3076,4228,0
4096,4779,2698,0
4620,3203,3299,0
4460,2701,3927,0
4128,4580,2766,0
4640,5982,1844,0
5659,5917,1304,0
5207,2133,4320,0
3000,3816,4567,0
4662,2389,4294,0
6108,5873,1177,0
5287,2203,4182,0
4632,2154,4791,0
4672,2282,4472,0
5824,2162,3968,0
2926,4351,4184,0
4465,2316,4674,0
3174,4395,3885,0
3050,3589,4781,0
3121,3429,4883,0
5440,2193,4110,0
3596,3424,4246,0
5868,5294,1508,0
4824,3080,3309,0
5210,5991,1450,0
2951,4574,3927,0
4723,3348,3140,0
5323,6291,1315,0
5196,4505,2187,0
3467,5340,2939,0
5051,2849,3435,0
5242,5792,1518,0
4682,3270,3237,0
3131,4097,4016,0
5003,3931,2616,0
5279,6390,1318,0
5211,5547,1650,0
4646,5842,1845,0
4620,5293,2114,0
3457,3627,4043,0
4523,2592,4091,0
3099,3431,4918,0
4291,3705,3162,0
3996,3593,3514,0
3664,3593,3841,0
4648,3307,3224,0
4037,3671,3417,0
3363,4097,3810,0
3705,3671,3744,0
3989,3393,3718,0
4641,3107,3428,0
4394,3273,3479,0
4250,3627,3259,0
4458,2913,3785,0
5282,2242,4181,0
4387,3073,3683,0
4529,2883,3755,0
6469,3660,2228,0
3364,2628,5858,0
4874,4750,2195,0
4823,3208,3228,0
4702,3341,3219,0
5744,4551,1933,0
5814,4065,2183,0
4944,4264,2445,0
5203,3418,2877,0
6536,4059,2043,0
6478,4221,1984,0
5065,4587,2190,0
4466,3029,3642,0
4345,3162,3633,0
6164,3015,2821,0
5715,2623,3344,0
5182,2682,3521,0
5708,2423,3548,0
4459,2829,3846,0
6157,2815,3025,0
4935,4721,2220,0
5517,2698,3358,0
5839,3001,2894,0
4734,2891,3560,0
5373,3332,2874,0
4678,4514,2525,0
5152,2104,4413,0
5304,3150,3046,0
5653,1992,4248,0
5547,2371,3594,0
4567,2761,3811,0
5356,2646,3404,0
5349,2446,3608,0
5293,2337,3849,0
5095,2412,3863,0
5554,2571,3390,0
4446,2894,3802,0
5267,5395,1737,0
5213,4762,2043,0
5113,5315,1865,0
5180,5714,1680,0
2130,5067,4853,0
5142,4714,2103,0
5207,5206,1865,0
4290,5253,2284,0
4997,3637,2769,0
2766,5686,3599,0
4808,3487,3048,0
1969,5051,5239,0
4982,3451,2931,0
1716,6434,4668,0
4160,5387,2314,0
3397,6497,2603,0
1929,4838,5482,0
3208,6079,2919,0
3828,4807,2842,0
5135,5218,1883,0
1771,5041,5768,0
4167,5744,2125,0
3896,4858,2767,0
5100,4076,2468,0
2500,4257,4965,0
3604,4839,3045,0
2962,4626,3803,0
3875,5002,2751,0
3219,4077,3999,0
3745,5136,2781,0
3120,4523,3736,0
4384,4150,2880,0
5148,6518,1227,0
5024,5775,1652,0
4136,6336,2014,0
3407,6324,2696,0
3609,5874,2644,0
5246,5655,1586,0
5193,5584,1653,0
4677,6526,1573,0
5613,5822,1356,0
2802,4380,4306,0
3768,4383,3268,0
5485,5411,1620,0
2285,4752,4850,0
2187,5118,4681,0
3109,4306,3893,0
2970,4861,3707,0
3255,5397,3175,0
3366,3757,4089,0
4789,6553,1493,0
3528,5187,2937,0
4705,6666,1481,0
5071,2006,4644,0
4902,6363,1488,0
5464,1910,4595,0
5199,5237,1873,0
4778,5620,1913,0
5848,1879,4453,0
4241,2590,4422,0
3412,4137,3726,0
3204,5782,3085,0
4526,2262,4618,0
3472,4489,3446,0
5154,6171,1447,0
5323,5644,1618,0
5239,5757,1606,0
5044,6236,1496,0
5122,5876,1621,0
5154,4774,2077,0
5139,2308,4076,0
5219,2378,3938,0
5504,5065,1747,0
4120,2754,4305,0
5321,1934,4677,0
5617,1914,4533,0
5544,5295,1625,0
5546,4614,2009,0
4656,2357,4359,0
4641,2443,4223,0
6666,1883,4113,0
4971,2361,4099,0
4657,4913,2257,0
5750,4382,2023,0
6476,4164,1990,0
6113,2785,3061,0
5387,3891,2470,0
4258,4305,2881,0
6462,3791,2228,0
5472,2249,3934,0
6089,2278,3582,0
5578,1870,4588,0
6442,2054,3852,0
6083,4786,1764,0
3177,4605,3717,0
3395,2832,5380,0
5845,1579,5107,0
5288,2090,4376,0
4705,5656,1962,0
4678,5131,2173,0
3454,3339,4449,0
1701,4792,6278,0
1799,4426,6447,0
1994,5312,4806,0
1962,5511,4738,0
2053,4091,6060,0
2175,4735,4991,0
1942,5178,5071,0
1739,5217,5653,0
1904,4753,5696,0
1824,5753,4956,0
2189,4150,5604,0
2121,4278,5634,0
2091,4516,5435,0
1874,4991,5497,0
1972,4940,5270,0
3974,4468,2985,0
1839,4330,6373,0
2407,3708,5725,0
2475,3895,5299,0
2724,4875,3899,0
3090,4527,3765,0
3732,4740,3007,0
2446,5094,4101,0
1949,5753,4611,0
2260,4773,4755,0
2595,4432,4465,0
2625,4194,4664,0
3239,3865,4129,0
2873,4213,4263,0
2753,3676,5097,0
2903,3975,4462,0
3269,3627,4328,0
3119,3328,4963,0
2390,5754,3869,0
2458,5805,3794,0
2700,5967,3550,0
4527,5047,2287,0
3979,5101,2547,0
6200,1974,4117,0
5230,2169,4199,0
4695,2318,4351,0
3969,2377,5189,0
4500,2326,4569,0
4124,4335,2875,0
5847,2198,3847,0
4273,3673,3239,0
3025,5200,3444,0
3460,5045,3067,0
3934,2960,4249,0
5524,2927,3149,0
4746,4206,2564,0
4416,4577,2524,0
4374,3405,3408,0
3290,4654,3557,0
5463,2229,3989,0
5361,4719,1996,0
4600,4548,2478,0
4384,4321,2764,0
6236,2048,3945,0
5901,2032,4108,0
5542,4521,2027,0
3447,3787,3991,0
3224,3477,4648,0
4963,5039,2031,0
3492,5295,2998,0
4723,2415,4177,0
5258,2266,4025,0
4998,4228,2443,0
4469,2381,4432,0
4749,2152,4612,0
4398,2411,4462,0
3310,4720,3477,0
5333,4244,2280,0
3803,2813,4663,0
3381,3662,4163,0
5575,2097,4171,0
5959,2066,4029,0
5829,2131,3916,0
2352,4177,5280,0
4530,6383,1723,0
2946,2977,5859,0
2866,3088,5805,0
2363,5031,4459,0
5053,6090,1593,0
2785,3355,5525,0
2362,4070,5458,0
2942,4395,4091,0
2856,3195,5627,0
3278,5638,3014,0
3627,6914,2378,0
4953,2099,4575,0
3342,3390,4501,0
4170,6574,1912,0
4378,2120,5046,0
3886,2482,5052,0
4418,2248,4727,0
2984,3194,5376,0
4408,2355,4549,0
3268,3925,4118,0
3475,3891,3916,0
5033,2169,4437,0
4202,6375,1980,0
3516,3969,3819,0
3064,3083,5430,0
3826,6420,2275,0
3456,3671,3979,0
5277,5132,1827,0
4705,4421,2517,0
4055,4075,3112,0
3550,4978,3060,0
5503,5484,1571,0
5224,6076,1449,0
5506,6185,1315,0
3527,3511,4081,0
3306,3372,4614,0
3833,4992,2805,0
3916,4630,2926,0
5363,5303,1707,0
5238,4927,1967,0
3497,3749,3882,0
6057,5220,1533,0
5114,5381,1782,0
3165,4278,3925,0
3456,4748,3233,0
6127,4734,1783,0
4651,5538,1982,0
3264,3832,4188,0
3694,3124,4360,0
5371,4763,1967,0
5887,4581,1835,0
5234,2995,3220,0
4923,3339,3082,0
3178,3890,4181,0
3115,4053,4109,0
3531,3478,4189,0
3602,3318,4291,0
4705,4250,2619,0
5706,4779,1804,0
5552,4565,1998,0
3028,3591,4816,0
5477,4306,2186,0
5632,5392,1515,0
6337,5221,1409,0
6309,4746,1693,0
5813,5194,1546,0
3310,4212,3825,0
3171,4767,3639,0
5041,5138,1979,0
3498,3705,3946,0
4678,4647,2426,0
5674,5686,1452,0
4411,5452,2154,0
4708,5642,1938,0
4928,5351,1942,0
4919,4790,2186,0
4704,4449,2516,0
4494,3133,3567,0
5072,5275,1903,0
5105,4768,2108,0
4756,2596,3944,0
5975,4569,1846,0
5470,4578,2045,0
6425,2003,3996,0
4905,4233,2540,0
5734,2232,3911,0
5545,2172,4071,0
5534,2245,3937,0
5046,2483,3759,0
5455,2067,4262,0
4758,2486,4001,0
5654,4169,2229,0
5196,4967,1999,0
5137,5529,1767,0
5317,4834,2008,0
5200,4208,2354,0
5265,5288,1785,0
4766,5102,2176,0
5724,4150,2216,0
4293,4920,2551,0
4841,5418,1915,0
4783,5432,1919,0
4692,4472,2529,0
4808,3708,2858,0
4554,3674,3113,0
3054,4338,3978,0
3409,4696,3368,0
3511,3062,4574,0
3913,3393,3775,0
3842,3423,3805,0
2864,3943,4573,0
2249,4681,4948,0
2961,3834,4532,0
4182,4244,3047,0
3444,3916,3910,0
5012,6706,1372,0
4899,6406,1507,0
2197,4547,5213,0
2347,4315,5117,0
2527,3995,5092,0
2296,4101,5476,0
3199,3178,4887,0
3950,3026,4020,0
5515,5339,1645,0
5643,5750,1381,0
5317,6327,1228,0
4984,2133,4540,0
3393,2894,4995,0
2721,3402,5438,0
2403,3784,5597,0
2801,3291,5492,0
4592,2868,3743,0
4439,2389,4514,0
3623,2437,5531,0
3499,2520,5484,0
4050,2886,4108,0
3419,2631,5430,0
5188,6104,1452,0
5301,6404,1317,0
3657,4227,3397,0
4418,3543,3272,0
4361,4931,2466,0
4036,5055,2603,0
4189,6748,1840,0
3839,3928,3392,0
4461,3799,3081,0
3768,3958,3422,0
3897,5610,2417,0
3919,3817,3446,0
3896,6095,2245,0
1347,5751,5864,0
1683,5071,5801,0
1971,4620,5651,0
1876,5339,5168,0
2038,4599,5532,0
1806,5768,4960,0
5015,6663,1353,0
3152,3616,4597,0
2985,4003,4318,0
2551,4164,4878,0
2239,4195,5454,0
5184,6472,1354,0
1628,5236,5840,0
2310,4035,5556,0
2718,3777,5157,0
1502,6098,5369,0
2798,3666,5211,0
6000,6309,997,0
5478,6360,1217,0
6524,6729,846,0
5647,6169,1218,0
5844,6308,1096,0
5595,6030,1351,0
3913,2788,4507,0
3453,3212,4632,0
5311,4491,2176,0
4929,5395,1925,0
5151,5275,1859,0
5656,1950,4514,0
6066,4888,1710,0
5081,5598,1761,0
4860,2366,4225,0
5405,2110,4251,0
6133,2030,4039,0
5798,2014,4202,0
5709,2009,4247,0
5740,2126,4088,0
2635,5315,3784,0
3934,5638,2354,0
5612,1833,4601,0
5521,2183,4116,0
3920,5265,2592,0
6593,5488,1332,0
3554,5613,2726,0
5231,5295,1844,0
3944,5941,2193,0
2602,4326,4684,0
5845,1893,4391,0
2696,3928,4985,0
2237,4905,4775,0
2334,5757,4027,0
6293,1589,4860,0
3064,5860,3081,0
3408,6014,2718,0
1936,5347,5018,0
4436,5977,1969,0
5909,1620,5002,0
1845,5517,5061,0
1777,5330,5487,0
6089,1654,4739,0
5308,1826,4897,0
3106,6154,3018,0
3174,6205,2943,0
6267,3433,2496,0
6120,4355,1949,0
6451,2784,2989,0
6309,4281,1974,0
3354,4488,3502,0
4009,2976,4172,0
2964,5746,3335,0
2988,4836,3636,0
3858,2936,4340,0
1983,4164,6387,0
2830,4939,3703,0
2354,5972,3859,0
2422,6023,3784,0
3196,4591,3569,0
3345,3929,3933,0
2779,5324,3613,0
1941,5650,4753,0
1909,5849,4685,0
2979,4277,4067,0
3375,3691,4132,0
1867,4613,6021,0
1769,4979,5852,0
2437,5388,4017,0
3009,4039,4266,0
2641,5237,3778,0
2042,4440,5698,0
1921,4848,5542,0
1889,5047,5474,0
3325,5744,2957,0
2012,4678,5499,0
2508,4792,4354,0
2538,4554,4553,0
2425,5154,4233,0
3088,5307,3343,0
2991,3846,4530,0
2812,4746,3967,0
2590,5622,3688,0
2961,4084,4331,0
2841,3547,5165,0
2714,5112,3798,0
5935,1995,4121,0
3595,4701,3071,0
3790,5399,2622,0
4757,2378,4190,0
5292,2229,4038,0
4245,5047,2476,0
3744,4039,3435,0
3843,3593,3698,0
3866,3155,4101,0
3378,4387,3569,0
3477,3941,3832,0
4217,4572,2760,0
3500,3503,4235,0
4142,2707,4297,0
3836,3393,3902,0
3873,3355,3897,0
4071,2737,4327,0
4081,2594,4461,0
3328,4913,3213,0
5683,2060,4192,0
6067,2029,4050,0
3411,4551,3334,0
3560,3889,3698,0
5863,2094,3929,0
4223,5549,2247,0
4255,5350,2315,0
3800,5702,2461,0
3391,4852,3310,0
3522,5758,2695,0
4227,4875,2599,0
3655,5743,2618,0
3723,5794,2543,0
5619,2019,4297,0
5126,1911,4857,0
4652,2445,4207,0
5380,1945,4602,0
5699,2089,4159,0
5593,2282,3862,0
5517,2063,4250,0
5597,2133,4112,0
4754,3825,2720,0
5379,3274,2811,0
5089,3841,2557,0
5028,2774,3456,0
5742,3765,2364,0
5117,4316,2273,0
4316,3055,3707,0
4795,2714,3666,0
3568,3302,4342,0
4908,4039,2526,0
4396,3125,3569,0
4323,3255,3503,0
4319,3989,2944,0
4618,4115,2646,0
4118,4277,2927,0
5664,2672,3219,0
5844,3446,2571,0
3648,3760,3766,0
4415,2468,4392,0
4366,3169,3554,0
4267,3615,3291,0
5249,2586,3520,0
4981,4606,2199,0
4471,3865,2935,0
3875,2282,5541,0
3222,3664,4404,0
3982,2325,5097,0
4022,2453,4778,0
4222,2026,6026,0
3661,6185,2421,0
3229,3864,4200,0
3580,3043,4618,0
3762,2981,4371,0
3673,6519,2344,0
4280,2080,5315,0
5048,1622,5760,0
3267,3969,4054,0
3341,3434,4437,0
3850,2165,5821,0
4085,2193,5298,0
3412,3274,4539,0
3191,3135,5072,0
4977,1652,5790,0
4209,2110,5345,0
3579,2887,4818,0
4089,2691,4366,0
4115,2428,4801,0
3685,2513,5307,0
4842,6176,1635,0
2913,3354,5274,0
3030,4266,4159,0
2944,3883,4606,0
5068,5663,1768,0
5433,4817,1957,0
5052,6094,1517,0
4969,6393,1446,0
5334,5675,1570,0
5573,4998,1821,0
4743,5421,2034,0
4566,4046,2791,0
4063,4269,3016,0
4325,3668,3175,0
3884,3418,3709,0
4024,4064,3156,0
4950,3117,3266,0
3486,3555,4213,0
3953,4670,2895,0
4284,3590,3272,0
4426,3400,3344,0
3877,3218,3913,0
4605,4251,2651,0
4594,4521,2507,0
4178,5078,2513,0
4276,2807,4010,0
4137,2690,4320,0
3694,3747,3682,0
5031,4406,2332,0
3961,3845,3285,0
5159,4817,2068,0
4641,5235,2143,0
3687,3547,3886,0
3623,3284,4258,0
4204,2928,3908,0
4780,4680,2329,0
4525,3659,3117,0
4886,4052,2650,0
5296,4504,2155,0
3156,4131,4012,0
6083,5132,1549,0
5541,4680,1949,0
5567,5229,1680,0
2564,4305,4781,0
5018,4973,2079,0
5722,4482,1980,0
6575,5524,1299,0
3080,4256,4012,0
4825,4601,2388,0
3219,3968,4084,0
5198,3003,3199,0
4576,3132,3510,0
4361,3452,3372,0
5024,3401,2964,0
4043,3661,3461,0
4583,3332,3306,0
4354,3252,3576,0
4402,3530,3275,0
4425,3092,3678,0
5269,4901,1962,0
5450,4703,1993,0
4397,5079,2392,0
4776,5262,2091,0
4545,4981,2288,0
6257,4069,2002,0
5894,3578,2449,0
5780,3911,2236,0
5219,2889,3324,0
5248,3708,2605,0
6134,4403,1828,0
5333,3347,2865,0
5966,3090,2835,0
5266,3921,2474,0
5143,4735,2081,0
6341,4889,1570,0
4903,4920,2152,0
5629,4412,2027,0
5170,5260,1870,0
5264,4602,2090,0
6161,4928,1617,0
6013,4536,1819,0
5648,4726,1882,0
5810,4214,2058,0
5601,3937,2311,0
5769,4593,1891,0
6090,1987,4159,0
5172,5167,1923,0
5259,4045,2350,0
4757,3166,3273,0
4546,3033,3609,0
5129,4179,2380,0
5194,3229,2916,0
5604,3504,2565,0
5788,2855,3058,0
5632,3979,2281,0
5452,4614,2012,0
5406,3579,2579,0
5510,4452,2071,0
5916,3059,2871,0
5269,2742,3408,0
5118,2141,4400,0
5790,2083,4099,0
5370,3220,2897,0
5012,2520,3746,0
5019,2720,3542,0
5249,3353,2888,0
5733,3711,2450,0
4765,2686,3797,0
5684,2462,3445,0
5732,4411,1985,0
5721,5093,1640,0
5919,5018,1626,0
5600,5226,1631,0
5405,4868,1899,0
5407,4187,2283,0
5526,4735,1908,0
6473,1650,4466,0
5833,2207,3864,0
6127,2074,3992,0
6219,1616,4721,0
6179,1783,4338,0
6272,1493,5078,0
6622,1469,4965,0
6039,1582,4984,0
4564,5248,2224,0
4867,3771,2799,0
4996,5035,2018,0
3555,6118,2571,0
4281,5254,2323,0
4639,5193,2187,0
3515,4051,3731,0
3271,4111,3966,0
4035,4352,2993,0
4388,3940,3001,0
3748,4497,3141,0
3416,4497,3468,0
3191,4493,3706,0
1917,4827,5636,0
3816,5106,2751,0
4243,4279,2889,0
2256,4590,5127,0
4455,4120,2850,0
2708,4284,4602,0
2924,4367,4147,0
4271,3863,3182,0
3294,5007,3347,0
3884,4312,3161,0
3265,4457,3636,0
4237,3900,3169,0
4420,2600,4167,0
4426,2891,3831,0
4918,2016,4716,0
4526,2751,3919,0
3881,2634,4696,0
3807,3036,4306,0
2495,4002,5263,0
4373,2272,4690,0
4711,2050,4918,0
3210,3508,4533,0
3112,3874,4364,0
2776,3669,5093,0
2943,3282,5372,0
5222,2092,4454,0
2654,4658,4285,0
3226,3281,4716,0
3440,3222,4472,0
2289,4693,4823,0
3324,5338,3176,0
3101,3013,5589,0
4301,6571,1868,0
3420,6009,2799,0
3866,2720,4560,0
3585,3156,4372,0
3261,2867,5367,0
3872,3011,4224,0
3181,2978,5313,0
4304,2871,3985,0
3686,6202,2404,0
3911,6804,2074,0
4925,6016,1631,0
3884,5988,2353,0
4493,6229,1837,0
4400,5136,2326,0
4290,5537,2205,0
4414,6280,1780,0
4524,5879,1901,0
4693,5688,1902,0
4498,6167,1792,0
4046,4327,3034,0
4578,5838,1888,0
4300,3959,3161,0
3848,3847,3476,0
3223,3656,4435,0
2107,4078,6113,0
1986,4465,5797,0
3065,3892,4372,0
3272,3858,4170,0
3201,4018,4068,0
2744,3874,4996,0
3081,3776,4495,0
2597,4164,4841,0
3273,4692,3540,0
5439,1724,5084,0
4761,5576,1963,0
5198,2131,4351,0
5084,2181,4353,0
3990,2919,4273,0
6161,1555,4931,0
4983,1938,5000,0
5518,1789,4848,0
3898,5767,2363,0
3318,5963,2897,0
3620,5823,2597,0
3930,5568,2431,0
5324,1836,4843,0
5565,1744,4931,0
3386,6014,2822,0
4653,2102,4975,0
6354,3163,2677,0
4677,5575,1973,0
4709,5376,2041,0
3168,5171,3346,0
3200,4972,3414,0
6106,2585,3265,0
6245,4306,1979,0
5554,5061,1811,0
5188,5182,1914,0
6217,3831,2263,0
4699,5073,2202,0
6241,2031,4002,0
5736,1878,4469,0
5739,4189,2194,0
5218,2215,4189,0
2853,5727,3417,0
3481,5127,3037,0
4964,2380,4101,0
4638,5257,2147,0
3105,4213,4057,0
6530,1915,4073,0
5592,1989,4372,0
5036,4937,2112,0
6774,1676,4421,0
4937,2398,4086,0
6421,1900,4151,0
3651,2679,4967,0
3722,2649,4937,0
3259,3290,4666,0
2903,4814,3723,0
3039,2929,5595,0
3030,3249,5090,0
2930,5339,3512,0
3001,4448,3892,0
3180,3548,4455,0
3150,3786,4256,0
2585,3564,5669,0
2510,5263,4037,0
2720,3487,5420,0
2840,4024,4586,0
2870,3786,4785,0
2632,5916,3625,0
3100,5705,3244,0
3519,3551,4186,0
4764,2578,3986,0
3271,4659,3559,0
4034,2775,4332,0
3371,4187,3773,0
3963,3503,3559,0
3814,4165,3195,0
4034,3473,3529,0
5191,3195,3066,0
4656,3344,3218,0
4507,4006,2854,0
4535,4481,2570,0
3643,5211,2880,0
3448,4513,3329,0
3696,3405,3956,0
3597,3851,3693,0
3885,4135,3165,0
3358,4675,3412,0
3590,3651,3897,0
3441,4313,3533,0
4009,4863,2746,0
4464,4511,2600,0
5409,2586,3490,0
4051,2832,4262,0
4647,2966,3516,0
4641,2675,3852,0
5182,2817,3364,0
5416,2786,3286,0
5176,2526,3700,0
5367,1819,4945,0
5504,1937,4593,0
3271,5343,3142,0
3466,6041,2693,0
2925,6074,3342,0
3534,6092,2618,0
5657,3164,2902,0
4497,3864,2963,0
4598,3596,3132,0
4192,4386,2800,0
4355,5283,2283,0
3826,4697,2933,0
4092,4534,2807,0
4160,4585,2732,0
3894,4748,2858,0
4387,5084,2351,0
3528,5096,2992,0
4933,2262,4310,0
4959,1999,4745,0
5187,2296,4055,0
5004,2232,4280,0
4845,2094,4754,0
5058,2431,4014,0
5084,2168,4449,0
6332,1990,4087,0
5997,1974,4250,0
5363,2790,3293,0
5578,2311,3693,0
5356,2590,3497,0
5811,2371,3483,0
4738,3341,3202,0
5043,2460,3845,0
5123,2530,3707,0
5658,2381,3555,0
6164,2147,3753,0
4557,3539,3171,0
4654,4005,2781,0
5867,2524,3300,0
5683,3173,2807,0
4528,4566,2492,0
3752,4625,3061,0
4252,4463,2780,0
4105,4213,3069,0
4995,2552,3775,0
5584,2602,3357,0
3492,3163,4593,0
3436,2546,5772,0
3866,4373,3187,0
3308,4047,3957,0
3326,2536,6122,0
3267,5046,3308,0
3508,3047,4716,0
3589,2780,4996,0
3615,2517,5431,0
3173,3107,5271,0
2744,3888,4955,0
3579,3510,4140,0
3505,4045,3757,0
2109,4187,5919,0
2439,3635,5798,0
2814,3841,4838,0
2423,4464,4811,0
2087,5144,4874,0
4104,2150,5698,0
6122,6822,864,0
2269,4388,5264,0
2170,5374,4490,0
1914,5943,4607,0
6602,6049,1088,0
3980,2233,5651,0
2419,4687,4629,0
2171,4754,5095,0
2051,4433,5786,0
5071,6047,1599,0
5398,5288,1756,0
5733,5304,1593,0
4544,5478,2102,0
5167,5533,1706,0
5135,5732,1638,0
4135,3964,3166,0
3007,4381,3992,0
3373,4033,3858,0
3972,4437,2991,0
4327,4487,2709,0
5068,5007,2020,0
4805,4919,2199,0
3414,4111,3761,0
4761,5137,2103,0
4694,4457,2527,0
5324,4916,1923,0
3870,4019,3373,0
4722,4932,2243,0
4733,4662,2387,0
5082,5580,1714,0
5195,5880,1579,0
4627,5932,1860,0
4725,3526,3046,0
4103,3655,3357,0
3588,3993,3623,0
3954,3645,3489,0
4583,3716,2974,0
4025,3485,3591,0
4751,3823,2856,0
3735,3825,3585,0
3555,4302,3496,0
5397,5312,1698,0
5913,5130,1566,0
5732,5328,1535,0
4815,5651,1846,0
4806,5058,2162,0
3143,4475,3883,0
2929,4078,4380,0
2970,4156,4283,0
5874,4925,1706,0
5578,5114,1729,0
6081,5348,1388,0
6151,4862,1638,0
5716,5538,1451,0
6270,5274,1413,0
2883,4078,4417,0
2853,4316,4218,0
3038,3484,4994,0
4951,3169,3250,0
5785,4719,1830,0
5604,4917,1799,0
5746,4514,1970,0
5151,5195,1930,0
6142,4863,1677,0
4336,3797,3119,0
4603,2662,3953,0
4609,2953,3617,0
4616,3153,3413,0
4517,3599,3150,0
4317,4254,2893,0
4243,3427,3463,0
3918,3627,3586,0
4635,2816,3764,0
5926,2025,4186,0
4074,3628,3508,0
4210,4826,2612,0
4736,4250,2584,0
6271,3735,2242,0
5805,4066,2222,0
5933,4477,1958,0
4577,4782,2356,0
4744,5461,2023,0
6170,4927,1578,0
5300,5126,1840,0
4890,5258,2027,0
5098,5272,1888,0
5665,4936,1777,0
5092,5112,1979,0
5846,4738,1808,0
5618,5344,1607,0
5983,5154,1544,0
6003,2165,3897,0
5065,2239,4196,0
5517,2109,4228,0
5252,3365,2773,0
5939,4045,2096,0
5574,4235,2159,0
5615,3856,2326,0
4901,2865,3418,0
5250,4046,2389,0
5848,2790,3080,0
5585,3553,2504,0
4550,3200,3475,0
6172,2979,2850,0
5988,3628,2357,0
5513,2774,3243,0
4798,3244,3176,0
5590,2930,3072,0
4869,3429,3039,0
5832,2801,3098,0
5366,3132,3078,0
4392,2851,3940,0
5053,2683,3555,0
4265,2915,3979,0
4459,3016,3739,0
4890,2977,3384,0
5225,2993,3221,0
5165,3095,3115,0
5943,1610,4884,0
2885,5076,3671,0
3412,5774,2895,0
5541,1780,4735,0
5361,1746,4998,0
5835,1647,4863,0
5655,1613,5126,0
1560,5539,5646,0
2511,4500,4630,0
2796,4481,4224,0
2413,4866,4461,0
1575,4841,6207,0
3346,4589,3469,0
1469,5178,6228,0
1725,4609,6111,0
4930,1890,5011,0
4975,2123,4546,0
5370,1849,4769,0
5782,1688,4823,0
6477,1574,4802,0
1371,5544,6059,0
3612,4426,3343,0
3683,4396,3313,0
1855,4417,6206,0
5392,5212,1770,0
5531,5395,1635,0
6327,1579,4742,0
6033,1712,4614,0
6861,1543,4660,0
6761,1577,4633,0
5666,3790,2397,0
5915,1717,4725,0
5411,2203,4121,0
3323,4971,3355,0
5012,4848,2133,0
4780,5127,2134,0
4995,4318,2385,0
4865,4452,2415,0
5274,3819,2541,0
5206,4368,2263,0
4769,5059,2157,0
3685,5984,2541,0
4572,5362,2150,0
2129,5093,4879,0
2031,5459,4710,0
2862,4804,3880,0
2247,5542,4255,0
1790,5330,5388,0
4662,4519,2492,0
4518,4729,2456,0
3347,5587,3013,0
4587,5272,2143,0
1914,5536,4921,0
2023,5451,4769,0
1782,5322,5447,0
3022,4437,3965,0
3460,4600,3313,0
3559,4154,3576,0
3866,5003,2790,0
3765,2247,5603,0
3641,2330,5556,0
3582,3032,4544,0
2415,3932,5401,0
2465,3705,5615,0
2863,3212,5510,0
3535,2704,5067,0
3341,2988,4959,0
4310,1991,5629,0
2702,4356,4623,0
2268,4517,5183,0
2943,3101,5564,0
3228,2773,5760,0
3561,2441,5502,0
3297,3051,4950,0
3801,2564,4834,0
2813,3439,5296,0
2545,3594,5669,0
2899,3544,5055,0
5437,1478,5598,0
4563,2848,3757,0
4669,1936,5153,0
4892,1734,5572,0
5211,1918,4788,0
3974,2538,4645,0
4124,2192,5127,0
3544,2623,5151,0
4000,2275,5080,0
4021,2866,4122,0
3894,2649,4591,0
4098,2455,4692,0
4519,2282,4671,0
2893,3509,5158,0
5363,4998,1882,0
5207,5450,1726,0
5402,5203,1742,0
5346,5633,1591,0
3887,2925,4360,0
3377,3121,4812,0
5544,4645,2008,0
3457,3010,4866,0
5177,5824,1590,0
3759,4106,3433,0
3059,3940,4345,0
3042,3715,4577,0
2960,3716,4750,0
3902,6527,2239,0
3677,5925,2569,0
3851,3472,3757,0
3306,3170,4770,0
3183,3771,4276,0
3406,3144,4685,0
4985,5570,1792,0
4553,5783,1998,0
2801,3671,4992,0
5180,5323,1808,0
5141,5118,1948,0
3972,2871,4312,0
2276,4475,5015,0
3665,3045,4426,0
3155,3241,4878,0
5124,5753,1657,0
2225,4261,5374,0
2224,4341,5280,0
3235,3130,4932,0
4955,5944,1656,0
4374,5424,2217,0
3667,4632,3123,0
4022,4682,2841,0
3267,4203,3826,0
3128,4758,3640,0
1635,5300,5714,0
2871,3365,5432,0
5101,6100,1514,0
3423,3898,4002,0
3038,4409,3981,0
4582,5460,2137,0
6220,5848,1177,0
4627,2306,4435,0
5172,2050,4461,0
4387,2598,4252,0
3850,2951,4393,0
3919,3079,4171,0
5857,5964,1225,0
5533,5775,1455,0
5012,5767,1765,0
4573,2330,4565,0
4573,3237,3468,0
1314,5852,6128,0
1384,5779,5801,0
1244,6281,5920,0
3651,2584,5324,0
4482,5584,2094,0
3217,2745,5884,0
1991,4853,5375,0
2398,4477,4923,0
4382,5086,2412,0
1740,5515,5225,0
2011,5531,4684,0
4435,5847,1995,0
1491,5662,5597,0
3440,3940,3926,0
3209,3672,4422,0
4176,5366,2332,0
4186,5669,2171,0
4724,5312,2072,0
4325,4704,2696,0
4369,5578,2154,0
3853,5660,2513,0
3785,5609,2588,0
6092,2048,4007,0
6212,1474,5161,0
5807,2265,3771,0
4763,4088,2678,0
5752,3845,2323,0
5161,3768,2643,0
5342,3570,2674,0
5417,3829,2486,0
2203,3859,5964,0
2930,2890,6032,0
3037,5000,3576,0
1926,5125,5232,0
2105,4225,5795,0
2173,4412,5369,0
1956,4887,5431,0
2092,5477,4436,0
2922,3002,5799,0
3729,2849,4733,0
3133,2725,6046,0
3268,2970,5171,0
2468,3765,5431,0
2438,4003,5232,0
2951,3747,4669,0
3137,4174,4000,0
2339,4449,4969,0
3337,3460,4432,0
3236,3728,4263,0
3382,2578,5674,0
2746,3546,5229,0
2981,3509,4868,0
2937,5221,3546,0
2241,4815,4800,0
2190,5111,4605,0
3266,3490,4462,0
3330,3260,4636,0
3229,3528,4467,0
2834,3417,5297,0
2556,4763,4471,0
2804,3655,5098,0
3196,2813,5616,0
3513,2725,5260,0
3187,3133,5111,0
3337,3432,4476,0
3504,3045,4755,0
3307,3670,4277,0
1889,5516,5018,0
2848,6143,3339,0
1851,4560,6182,0
2872,5233,3640,0
2821,5618,3550,0
2284,4015,5794,0
2476,4856,4300,0
2497,4798,4296,0
2863,4450,4162,0
2347,4499,4931,0
2256,4669,4974,0
2316,3878,5768,0
2113,3921,6325,0
2445,4133,5100,0
2286,4431,5173,0
2384,4065,5342,0
2377,4261,5130,0
3774,3801,3634,0
3408,4149,3768,0
3259,4811,3404,0
3507,4013,3776,0
4080,4833,2716,0
3724,4327,3278,0
4201,4700,2725,0
3972,3219,3905,0
4256,3486,3347,0
4881,2935,3438,0
4791,3337,3195,0
4249,3286,3551,0
4648,2875,3648,0
4068,5097,2535,0
4284,3961,3063,0
4040,4622,2819,0
3926,3541,3564,0
4560,2946,3675,0
3694,4565,3079,0
3777,4203,3200,0
3758,4683,3009,0
3794,4933,2866,0
4380,4554,2698,0
3726,4882,2941,0
4021,5395,2484,0
4005,2930,4219,0
5364,2073,4322,0
4781,4350,2509,0
5144,4841,2062,0
4935,4564,2315,0
4645,4640,2435,0
5008,5131,1988,0
4829,2222,4474,0
4339,4864,2567,0
5481,3230,2858,0
5665,2581,3351,0
5276,2520,3635,0
5533,3488,2617,0
5561,3963,2333,0
5198,3472,2780,0
4965,3412,2990,0
4360,2878,3890,0
5146,3214,3021,0
4614,2912,3635,0
4353,2678,4094,0
4715,2644,3804,0
4461,2610,4059,0
4541,2680,3921,0
4938,3176,3213,0
5136,3021,3167,0
4331,4260,2794,0
4684,3848,2802,0
4507,2950,3682,0
4514,3150,3478,0
5129,2821,3371,0
5049,2751,3509,0
4363,3110,3646,0
4333,3348,3447,0
4865,3650,2833,0
4427,2880,3820,0
4356,2910,3850,0
4184,4010,3083,0
4926,4246,2457,0
4494,4459,2663,0
3504,4146,3698,0
6629,6070,999,0
6440,6144,974,0
5571,6101,1326,0
6105,6043,1136,0
5924,6241,1105,0
2355,4277,5237,0
2781,4454,4358,0
2630,3244,5990,0
2768,3841,4875,0
2935,3454,5154,0
2664,4614,4293,0
2923,3247,5452,0
6079,5494,1405,0
6245,5786,1242,0
5022,5845,1725,0
3536,3560,4033,0
3161,3859,4215,0
4801,5951,1793,0
4371,4640,2672,0
3444,3873,3960,0
5699,5485,1507,0
4040,5003,2728,0
4111,4397,2989,0
3776,3486,3744,0
4318,3468,3379,0
4419,3200,3548,0
3693,3848,3623,0
3652,3770,3720,0
4347,4887,2514,0
4277,3390,3476,0
4139,4873,2653,0
4769,5332,2049,0
4659,5733,1928,0
3752,3501,3815,0
4748,5799,1869,0
4134,2997,3938,0
4342,3855,3067,0
4381,4060,2927,0
4923,3648,2853,0
4443,3587,3236,0
3630,3484,4054,0
3305,3910,4091,0
4229,3888,3187,0
4188,3810,3284,0
3765,3094,4330,0
4214,2821,4086,0
3758,3387,3988,0
6382,5417,1343,0
5911,5896,1183,0
5771,5715,1319,0
5952,5517,1350,0
6022,5031,1600,0
4607,5637,1985,0
5589,5026,1797,0
5659,4995,1708,0
5840,4797,1739,0
5143,5000,1984,0
2744,4051,4741,0
2646,4417,4572,0
2785,4129,4644,0
2672,3832,5128,0
5188,5092,1941,0
6025,4948,1705,0
3433,3844,4020,0
4230,3744,3298,0
3717,3942,3594,0
4510,3399,3354,0
4705,4941,2194,0
4875,4082,2617,0
5456,4582,2055,0
5091,4772,2118,0
4324,3928,3095,0
4782,3130,3325,0
4445,3795,3104,0
4894,4187,2581,0
4274,3026,3797,0
5936,3194,2711,0
5929,2994,2915,0
5766,3744,2441,0
5463,5082,1825,0
6359,4853,1603,0
4962,5246,2009,0
4838,2556,3863,0
4988,2369,4056,0
5011,2140,4513,0
5852,2125,4065,0
5050,3231,3070,0
5650,4633,1935,0
5131,3498,2764,0
5326,4444,2165,0
4780,2998,3409,0
4979,3046,3207,0
4668,3378,3206,0
4587,3111,3512,0
5453,2839,3221,0
5255,2914,3235,0
5071,3563,2742,0
5434,4054,2295,0
5069,4244,2358,0
5483,3637,2556,0
4805,2265,4450,0
4468,2339,4588,0
5088,2902,3370,0
5698,3036,2938,0
5363,3020,3101,0
4515,3076,3630,0
4489,2795,3883,0
5650,1677,5035,0
1744,4445,6346,0
3297,4366,3688,0
3396,3920,3951,0
4171,4509,2845,0
3884,4654,2993,0
2247,4185,5423,0
1488,5014,6463,0
2084,4128,5931,0
2681,4024,4863,0
5758,1807,4523,0
5153,2434,3824,0
6059,1860,4347,0
4891,2174,4501,0
5470,1810,4765,0
5578,1773,4786,0
2080,5450,4466,0
2981,5750,3243,0
1738,4827,5919,0
2696,5214,3775,0
2192,5804,4127,0
2477,6340,3595,0
2142,5013,4733,0
6076,1555,4951,0
2545,6391,3520,0
6176,1521,4978,0
1482,5396,6036,0
4240,4785,2690,0
1676,5264,5652,0
2563,4634,4365,0
4378,4908,2487,0
2897,5608,3409,0
2501,5071,4098,0
2999,5045,3608,0
5036,1726,5408,0
2465,5000,4196,0
4091,5053,2635,0
5088,2081,4643,0
2296,4408,5204,0
5107,1696,5378,0
4553,5499,2077,0
6428,4664,1739,0
1620,5364,5887,0
6439,1854,4257,0
6104,1838,4420,0
5189,4890,2009,0
5129,5058,1974,0
4817,4150,2582,0
4464,4562,2574,0
5086,4433,2263,0
4317,4312,2863,0
5091,4349,2305,0
5189,4641,2185,0
4986,4319,2424,0
4786,3504,3105,0
4714,5601,1923,0
4364,5604,2115,0
4912,5550,1855,0
4350,5231,2353,0
4772,5587,1919,0
4347,4429,2771,0
3205,4378,3810,0
4700,4017,2779,0
4200,4179,3060,0
3943,5195,2692,0
4747,4488,2460,0
3220,4948,3478,0
4308,3870,3139,0
1738,5450,5312,0
1994,4881,5195,0
2092,4515,5364,0
1861,5130,5258,0
2404,4416,4993,0
1963,4745,5632,0
2811,4995,3887,0
3169,4687,3676,0
3890,4370,3109,0
3137,3197,5172,0
4293,2202,4828,0
4838,1946,4854,0
4346,2821,3969,0
4340,2530,4305,0
3727,2966,4444,0
4008,2530,4632,0
2800,3990,4792,0
3403,2677,5439,0
5142,2022,4592,0
4885,2274,4331,0
4446,2681,4057,0
4014,2821,4296,0
3323,2788,5385,0
3967,2714,4503,0
3920,2386,5026,0
4047,2603,4557,0
3537,2799,5009,0
3252,2818,5415,0
4545,2019,5106,0
4542,2257,4715,0
2828,3574,5085,0
3668,2540,5198,0
3066,3227,5202,0
3146,3116,5256,0
5024,2167,4468,0
2979,3614,4917,0
3333,4185,3885,0
3499,2900,4984,0
3546,3228,4461,0
3473,2783,5049,0
3597,2700,5096,0
3520,3111,4526,0
5476,5134,1785,0
3765,2905,4514,0
3611,2893,4807,0
2757,3734,4983,0
4455,6106,1937,0
2837,3623,5037,0
2659,4100,4814,0
2560,4546,4551,0
2710,4314,4455,0
2658,4180,4720,0
4562,6060,1833,0
3957,6791,2090,0
3414,7131,2556,0
4143,7143,1874,0
3333,5615,3011,0
5040,1819,5186,0
3180,4146,3995,0
3260,4035,4049,0
3780,4490,3160,0
5255,6503,1267,0
5468,6106,1366,0
5284,1876,4858,0
2319,4084,5508,0
1964,4556,5777,0
2994,4052,4270,0
2673,4034,4894,0
2887,4369,4149,0
2453,4530,4709,0
3483,3977,3828,0
5792,6295,1136,0
5439,6155,1357,0
5104,5006,2058,0
4882,2252,4410,0
5192,5483,1746,0
4700,2715,3802,0
4851,2312,4311,0
4653,2387,4325,0
3265,3072,5121,0
5481,5762,1495,0
3292,5425,3112,0
2851,5542,3498,0
3195,5696,3135,0
3719,5316,2832,0
2701,5525,3655,0
2467,5716,3880,0
5105,1617,5577,0
5640,1468,5425,0
4661,1772,6167,0
6257,1497,5073,0
1524,5207,6192,0
5873,1528,5215,0
1673,5989,5061,0
1621,5324,5865,0
4865,5328,2028,0
1560,5256,6107,0
1462,5622,5938,0
5557,1896,4633,0
3094,5622,3280,0
6301,4340,1919,0
4808,4409,2474,0
4200,4557,2795,0
5171,4900,2027,0
6365,3154,2720,0
5072,2137,4494,0
5190,4214,2354,0
5126,4579,2231,0
5895,3471,2555,0
5785,2379,3586,0
4680,4450,2557,0
6058,2085,3994,0
2210,5444,4272,0
2242,5245,4340,0
2271,4046,5538,0
2241,4284,5339,0
2054,4521,5600,0
2060,5145,4907,0
2024,4759,5401,0
2278,5495,4197,0
2507,3456,5986,0
3039,4088,4229,0
2890,4750,3865,0
2686,4500,4221,0
2293,4949,4535,0
2323,4711,4734,0
2716,4262,4420,0
1886,5316,5223,0
3069,3850,4428,0
2566,3963,5055,0
2575,3643,5560,0
2121,3963,6030,0
2913,3322,5294,0
2370,3816,5658,0
2883,3560,5095,0
2023,4329,5861,0
3658,2879,4763,0
3621,2917,4768,0
2024,5290,4862,0
2122,4924,5031,0
3339,2940,5141,0
2990,3189,5373,0
3309,3991,3889,0
3084,4616,3754,0
2933,4576,3922,0
3031,4210,4091,0
3828,3174,4141,0
3000,3487,4891,0
3278,3268,4689,0
3287,2948,5194,0
3009,3167,5396,0
3595,3180,4333,0
3604,2860,4838,0
3152,4515,3878,0
2886,4678,4004,0
3065,3778,4567,0
3575,3015,4725,0
3176,3652,4545,0
3542,3304,4411,0
3512,3542,4212,0
2782,4078,4685,0
2748,5519,3621,0
2326,4557,4935,0
2377,3946,5526,0
2354,4303,5143,0
2811,3785,4966,0
2527,4560,4495,0
2893,4212,4361,0
5414,1908,4615,0
6031,1937,4263,0
5647,1968,4405,0
3549,3313,4385,0
5112,2117,4557,0
3525,5479,2925,0
3479,4119,3738,0
3330,4781,3374,0
3339,5270,3188,0
3879,5395,2610,0
4677,2728,3715,0
4684,2928,3511,0
5219,2779,3359,0
4703,2465,4150,0
5238,2316,3998,0
4585,3374,3248,0
5120,3225,3096,0
4436,4036,2884,0
5212,2579,3563,0
5359,2436,3669,0
3760,3175,4130,0
3519,4483,3299,0
3767,3375,3926,0
3668,3821,3663,0
3661,3621,3867,0
3512,4283,3503,0
3714,5181,2850,0
4278,4705,2686,0
4399,4572,2695,0
4189,3960,3183,0
4100,4968,2556,0
3843,3903,3443,0
4648,4914,2296,0
3942,3457,3706,0
3220,5898,2995,0
3061,5450,3301,0
2971,5612,3384,0
3327,5287,3175,0
3317,5772,2959,0
4003,4684,2875,0
3339,5394,3067,0
4319,5033,2426,0
4774,4681,2280,0
4287,5232,2358,0
5372,3074,3015,0
5676,2973,3011,0
4534,2480,4125,0
4607,2712,3839,0
5139,3014,3225,0
5191,3272,2984,0
5250,2495,3652,0
4996,2461,3907,0
5330,2565,3514,0
5483,2555,3442,0
4215,3323,3538,0
3890,3523,3661,0
4566,3823,2893,0
4241,4023,3016,0
4747,3625,2924,0
4483,4185,2772,0
4318,4196,2936,0
4955,3219,3136,0
4953,4131,2483,0
4985,2981,3335,0
4978,2781,3539,0
5049,3001,3326,0
5145,3305,2889,0
4994,3265,3057,0
5178,2616,3550,0
5001,3465,2853,0
4217,3831,3190,0
4747,3431,3108,0
4501,3627,3134,0
3270,3942,4103,0
3546,3706,3916,0
3302,2736,5547,0
2543,4554,4548,0
3151,3007,5391,0
2906,3216,5486,0
2835,3376,5384,0
4018,2851,4264,0
3588,2936,4770,0
3629,2541,5369,0
4116,2402,4895,0
3450,2453,6169,0
4204,2689,4329,0
2151,4428,5476,0
2704,3895,4992,0
5798,6240,1108,0
5385,5632,1627,0
2457,4412,4846,0
1581,5793,5435,0
2698,3431,5564,0
2848,3730,4929,0
3049,2726,6411,0
2466,4107,5157,0
2269,4919,4725,0
2367,4553,4894,0
2310,3689,6289,0
5568,5205,1738,0
5775,2209,3947,0
4006,4822,2819,0
4077,4216,3080,0
3017,4274,4170,0
3234,4588,3672,0
5084,5895,1585,0
4666,5474,2013,0
4871,5978,1706,0
4280,5724,2170,0
4199,5225,2373,0
3891,5321,2593,0
5194,5494,1706,0
4167,5424,2305,0
5355,6092,1383,0
5552,5229,1732,0
4299,4945,2522,0
5185,4775,2043,0
3983,3986,3253,0
3912,4592,2992,0
4667,3778,2960,0
4125,3796,3325,0
4525,3968,2888,0
4340,3982,3024,0
4962,3853,2713,0
4482,3792,3096,0
4992,4201,2472,0
5049,5218,1947,0
3625,5237,2872,0
3531,3930,3791,0
3206,4356,3828,0
3991,4889,2738,0
4130,4334,2924,0
3572,4008,3694,0
3764,4682,3058,0
4089,4256,3021,0
3366,4910,3316,0
4181,3366,3505,0
4140,3288,3602,0
4282,3098,3674,0
3838,3276,4042,0
5693,5123,1675,0
6460,4887,1583,0
5595,5831,1407,0
6141,5443,1375,0
6100,5822,1208,0
6113,4968,1659,0
5977,4710,1804,0
6218,5261,1453,0
5796,4908,1773,0
6312,4313,1947,0
3424,3893,4044,0
3329,3619,4337,0
5565,4712,1939,0
5620,4620,1975,0
5439,4818,1944,0
3467,3520,4221,0
5599,4643,1988,0
5199,2912,3331,0
4503,3262,3444,0
4432,3292,3474,0
4366,3559,3318,0
4437,3529,3288,0
4611,4020,2792,0
4719,3147,3326,0
4864,2896,3494,0
4790,3117,3296,0
5975,3516,2492,0
6003,3991,2208,0
4201,4827,2651,0
5962,4913,1717,0
5105,3222,3111,0
5935,4388,1928,0
5430,4397,2127,0
5944,4949,1684,0
5570,4578,1991,0
5611,4199,2158,0
5033,4786,2122,0
5074,5148,1946,0
4526,2964,3664,0
4877,3464,3019,0
5445,4404,2121,0
4905,4239,2536,0
5324,4537,2112,0
5827,4337,2013,0
4657,2754,3832,0
5508,4545,2018,0
5836,4898,1769,0
6062,3711,2270,0
4871,2833,3486,0
5699,3220,2717,0
5373,3712,2563,0
5732,2956,2996,0
5738,3522,2500,0
4894,2665,3622,0
5771,2732,3103,0
5436,2716,3266,0
5634,2641,3252,0
5429,2516,3470,0
4920,3365,3100,0
4569,2865,3745,0
5650,2865,3094,0
5974,3054,2864,0
5664,3439,2587,0
5618,3289,2783,0
4849,3180,3237,0
5411,4536,2109,0
4720,3063,3387,0
5557,3720,2469,0
4867,4110,2655,0
5192,3910,2532,0
5064,3363,2946,0
5269,3488,2728,0
5285,3712,2570,0
5313,4187,2286,0
5442,1941,4605,0
5115,2665,3587,0
5096,3136,3185,0
5631,2987,3033,0
4799,2194,4605,0
5136,2120,4467,0
5390,2154,4212,0
5570,2795,3232,0
5367,3653,2643,0
5246,3786,2634,0
5414,3919,2455,0
5795,1814,4480,0
5585,2167,4004,0
6089,1681,4608,0
5216,2178,4216,0
4884,2178,4543,0
2583,4390,4694,0
1698,5035,5780,0
2149,4551,5254,0
2780,5616,3554,0
5248,1772,5026,0
4904,2153,4576,0
5849,1566,5131,0
5177,1802,5056,0
3352,5077,3127,0
3813,5612,2552,0
3049,5801,3168,0
2067,5232,4658,0
2488,5742,3833,0
2998,6186,3078,0
4786,5589,1905,0
4916,5455,1875,0
5742,4203,2120,0
5726,3979,2278,0
5921,4337,2010,0
6956,2005,3956,0
6161,2037,4005,0
5441,1800,4985,0
5956,1866,4434,0
5418,4014,2350,0
4827,4645,2384,0
5735,1683,4988,0
5859,4141,2163,0
3173,4477,3797,0
3405,4325,3655,0
3435,3981,3869,0
1836,5084,5481,0
2956,4704,3809,0
3334,4355,3685,0
3692,4584,3160,0
4071,2829,4171,0
4885,2275,4324,0
3965,2619,4561,0
4687,2350,4338,0
4631,2289,4454,0
3688,2658,5033,0
3608,2769,4979,0
3297,3121,4818,0
3830,3946,3535,0
3703,3978,3619,0
3557,3442,4211,0
3306,2970,5034,0
2908,3463,5139,0
3656,2996,4474,0
2781,4154,4557,0
3736,2885,4528,0
4352,2440,4569,0
3943,2851,4326,0
5331,6193,1301,0
5826,5425,1455,0
5265,1760,5201,0
3466,2959,4907,0
3068,3452,5012,0
3546,2848,4961,0
3364,3519,4425,0
3145,3512,4620,0
5604,5545,1521,0
5109,6313,1367,0
2393,4315,5080,0
2184,4450,5357,0
2137,5030,4829,0
2317,4710,4804,0
2415,4344,4973,0
2086,4816,5188,0
2085,4896,5094,0
3275,3483,4451,0
4375,4630,2701,0
4484,5023,2338,0
4076,4255,3059,0
4476,6505,1760,0
4363,6205,1895,0
4310,4856,2581,0
4790,5378,2033,0
3883,5237,2655,0
3394,4842,3361,0
2159,4212,5848,0
2113,4430,5723,0
2446,3575,5944,0
2091,4047,6213,0
2415,6775,3735,0
2919,5246,3617,0
2212,4401,5387,0
2631,4053,4932,0
5031,5743,1745,0
5462,5808,1500,0
5501,6013,1360,0
5489,4790,1914,0
5414,5363,1680,0
5533,2147,4188,0
4877,2215,4555,0
4526,3390,3331,0
1465,5675,5836,0
1876,5946,4504,0
1533,5862,5410,0
2973,6169,3095,0
1543,5796,5332,0
1475,5609,5758,0
2722,5924,3485,0
4342,5621,2158,0
2134,6323,3986,0
2468,5984,3754,0
4692,6000,1833,0
4392,5389,2251,0
2436,6183,3686,0
2690,6123,3417,0
3093,5704,3254,0
2979,5469,3421,0
2733,5326,3723,0
3011,5270,3489,0
1672,5328,5651,0
1828,5907,4908,0
5777,1586,5073,0
5476,1950,4581,0
3584,5375,2925,0
5624,2002,4354,0
5238,5299,1842,0
3197,5881,3054,0
3229,5682,3122,0
4552,5548,2068,0
4624,5261,2157,0
4408,4571,2656,0
6195,2864,3010,0
4598,5076,2229,0
4566,5275,2161,0
5835,2244,3837,0
4848,5384,2027,0
5162,4904,2058,0
4656,4824,2315,0
5658,1940,4450,0
5891,2000,4240,0
3424,3577,4250,0
2333,3667,6059,0
2293,5233,4288,0
2809,2993,6255,0
2205,4497,5190,0
2216,4077,5772,0
2488,5225,4070,0
2143,4934,4923,0
2391,4583,4704,0
3176,3164,5102,0
3108,2977,5528,0
3167,3484,4597,0
2673,3277,5729,0
2421,4345,4903,0
3318,3524,4429,0
2889,5487,3523,0
2274,5419,4266,0
2124,5120,4901,0
3290,2609,6067,0
3539,2462,5695,0
3017,3038,5753,0
2355,3628,6329,0
2716,3784,5030,0
2624,4430,4563,0
3455,4220,3671,0
3456,2739,5379,0
3331,3588,4287,0
3182,4250,3923,0
3190,2969,5427,0
3703,3112,4298,0
3604,3558,4035,0
3183,3168,5065,0
3418,3131,4704,0
3437,3247,4559,0
3082,3436,4896,0
2902,3853,4722,0
3052,4152,4087,0
3321,4523,3627,0
3145,4976,3479,0
2889,5669,3475,0
2386,5773,3927,0
3077,3788,4537,0
2378,4907,4527,0
2012,4525,5617,0
1914,4891,5448,0
1843,5796,4897,0
1944,4653,5647,0
1618,5364,5949,0
1816,4687,5990,0
3142,3886,4362,0
2776,4234,4496,0
2626,3935,5131,0
3956,3303,3763,0
3807,3965,3399,0
4578,3174,3452,0
4088,2794,4257,0
5366,2636,3465,0
4027,3273,3733,0
4649,3144,3422,0
4606,3560,3117,0
3984,3689,3428,0
3618,4037,3562,0
3611,3837,3766,0
4130,4730,2755,0
4548,3412,3253,0
4427,4549,2605,0
4399,4074,2889,0
4567,3146,3471,0
4316,4436,2768,0
3586,5550,2861,0
4384,4776,2456,0
4110,5271,2395,0
4326,4739,2607,0
4408,5029,2414,0
3438,5258,3075,0
4266,3473,3443,0
4185,4186,3004,0
4117,4135,3079,0
4034,4497,2958,0
4002,4696,2890,0
5131,5185,1933,0
4950,5383,1902,0
3628,3589,4022,0
4835,3807,2812,0
5627,3020,2990,0
5707,3090,2852,0
5634,3220,2786,0
4383,2644,4131,0
4918,2495,3979,0
4209,2680,4248,0
4944,3438,3035,0
5229,2521,3697,0
3817,3291,3947,0
4664,3987,2803,0
3991,3255,3830,0
4422,3825,3047,0
4089,4579,2902,0
4312,3789,3148,0
4741,4169,2591,0
4560,4367,2560,0
4500,3791,2975,0
4183,4530,2832,0
4615,4317,2626,0
4215,4331,2900,0
3175,5064,3473,0
5692,3147,2935,0
4834,4356,2488,0
5261,4262,2294,0
3598,3976,3665,0
4714,3610,3001,0
4214,3772,3282,0
4460,3576,3256,0
4858,3450,3037,0
5065,3235,3027,0
4652,3667,2966,0
5072,3435,2823,0
4818,3401,3078,0
4398,3633,3221,0
4210,3631,3394,0
4898,3471,2940,0
5185,2816,3346,0
4148,4039,3126,0
4648,3877,2845,0
4547,2971,3585,0
4448,3417,3322,0
4540,2771,3789,0
4607,3547,3170,0
4318,2965,3825,0
4288,3203,3626,0
4353,2089,5247,0
4932,1805,5295,0
4316,2015,5553,0
6084,1685,4791,0
4376,2022,5457,0
3950,5171,2728,0
3161,2900,5569,0
2511,4753,4480,0
2423,4017,5382,0
2936,3084,5681,0
3042,5988,3185,0
3359,6325,2721,0
3605,6468,2419,0
4627,1824,5800,0
4556,1854,5830,0
3765,3943,3564,0
3440,4369,3601,0
2507,3822,5372,0
4715,6661,1571,0
5935,6153,1173,0
2885,3048,5991,0
3089,2854,6092,0
2814,3208,5889,0
3590,3434,4202,0
3050,3891,4432,0
3416,3543,4298,0
3335,3774,4202,0
2950,3613,4926,0
3923,5184,2698,0
4343,6130,1943,0
4957,5415,1867,0
4758,5678,1841,0
3931,4359,3088,0
3850,5243,2690,0
4216,4895,2556,0
4366,5161,2331,0
5123,5488,1778,0
4764,4841,2296,0
3494,4000,3815,0
5295,5470,1710,0
5313,5186,1779,0
3887,3111,4091,0
3745,3301,4019,0
4022,4191,3113,0
4564,4173,2748,0
4353,4143,2891,0
4019,4362,3046,0
4041,3734,3339,0
3675,4082,3473,0
4082,3812,3242,0
4183,3544,3411,0
3943,4367,3056,0
4746,2910,3543,0
4675,3070,3441,0
4094,3277,3655,0
3728,3625,3789,0
4131,3239,3650,0
3765,3587,3784,0
2653,4244,4639,0
5721,5598,1391,0
5689,5797,1323,0
6343,5212,1483,0
5130,5344,1855,0
5902,5400,1422,0
5166,6090,1453,0
5200,5210,1905,0
5198,5891,1521,0
4575,5836,1917,0
5703,5882,1322,0
6068,5692,1259,0
6138,5206,1509,0
5744,5503,1489,0
5563,5701,1458,0
6242,4799,1697,0
2963,3967,4471,0
5561,5386,1587,0
5593,5187,1655,0
5774,4989,1686,0
4029,3452,3699,0
4807,3523,3030,0
4237,3971,3130,0
4530,2792,3887,0
4465,3113,3581,0
4536,3083,3551,0
3806,3403,3913,0
4030,3471,3621,0
4392,3437,3331,0
4465,3307,3397,0
4664,4863,2291,0
4833,4672,2292,0
4903,4186,2542,0
5198,4482,2229,0
3474,3892,3953,0
4734,4377,2541,0
5070,4751,2131,0
4960,5152,2010,0
4666,4736,2334,0
4868,4890,2183,0
5731,3069,2929,0
4621,5379,2064,0
4986,5189,2001,0
4634,4935,2266,0
4810,5305,2089,0
5389,3587,2648,0
5933,3880,2232,0
5752,4078,2201,0
6266,4630,1758,0
6002,4787,1743,0
5771,3912,2275,0
6008,4139,2044,0
6017,4700,1800,0
5689,4347,2049,0
5058,3907,2613,0
5535,2137,4124,0
5245,3165,2977,0
6102,3295,2570,0
5764,2532,3307,0
5580,3181,2814,0
5778,3106,2800,0
5904,3370,2584,0
5099,2790,3404,0
5691,4254,2102,0
4713,2863,3591,0
5622,2042,4211,0
5424,2117,4225,0
5588,2079,4198,0
5768,2720,3218,0
5433,2704,3381,0
5156,2811,3393,0
5421,2205,4031,0
5457,1688,5140,0
5058,2086,4613,0
5637,1722,4877,0
5331,2133,4259,0
5590,1700,5076,0
5649,1743,4756,0
6058,1731,4571,0
2867,4231,4387,0
4773,1822,5447,0
3407,6040,2775,0
2690,5778,3637,0
5878,1630,4965,0
5097,1802,5123,0
5602,1654,5086,0
3043,6365,3030,0
2829,4471,4239,0
3163,5445,3283,0
6048,4339,1986,0
6460,1524,4809,0
6560,1490,4836,0
5441,1816,4860,0
5578,5214,1723,0
6158,2191,3833,0
6399,1855,4230,0
5823,2175,3996,0
6064,1839,4393,0
5810,1805,4648,0
1949,5573,4888,0
5426,4365,2142,0
5514,4865,1887,0
5190,4676,2117,0
5198,4617,2172,0
5393,4975,1904,0
5192,3995,2501,0
4870,5183,2053,0
3616,5371,2783,0
2974,5158,3541,0
3882,5208,2657,0
4221,5422,2288,0
3825,5719,2444,0
3630,5021,2893,0
3757,5668,2519,0
3321,6309,2796,0
3058,5560,3320,0
3360,4778,3390,0
3132,5055,3474,0
4248,4335,2860,0
4029,4391,3004,0
3961,4340,3079,0
3763,4554,3130,0
3104,4772,3733,0
3433,3909,3948,0
3762,4736,2978,0
4045,2508,4615,0
4145,2368,4703,0
3996,2707,4511,0
3922,3109,4121,0
3548,2954,4757,0
4114,2681,4384,0
4299,2493,4492,0
2367,4071,5446,0
4994,1891,5000,0
3807,2855,4498,0
4449,2147,4974,0
3377,2940,5004,0
4423,2410,4539,0
2360,4533,4925,0
3154,3184,5246,0
2376,3990,5530,0
4145,2783,4169,0
3588,2651,5144,0
3543,3470,4173,0
3421,3038,4865,0
3254,3611,4378,0
3216,3352,4722,0
3346,3323,4553,0
3513,2936,4832,0
3258,3489,4579,0
4677,2348,4428,0
3816,2638,4783,0
3742,3040,4393,0
3390,3631,4244,0
3411,3349,4494,0
2873,3992,4525,0
3453,3965,3862,0
3341,3668,4209,0
4956,5934,1695,0
3151,3317,4932,0
5058,6238,1482,0
4917,5413,1986,0
3599,5452,2885,0
5741,1508,5358,0
5515,1948,4548,0
4493,6071,1865,0
4564,5465,2126,0
3142,3887,4339,0
4038,6325,2075,0
3611,5559,2777,0
3955,5869,2335,0
3210,4165,3988,0
4053,5027,2686,0
3777,4007,3374,0
3700,4819,3064,0
1733,4844,6015,0
2088,4372,5746,0
1477,5413,6132,0
1824,5205,5433,0
1761,4599,6334,0
1832,4439,6436,0
5151,2076,4506,0
4606,2332,4480,0
5544,1980,4457,0
1853,5102,5303,0
1771,5731,4993,0
2125,4796,5045,0
1786,5033,5554,0
4105,4530,2932,0
5655,6382,1071,0
5657,5701,1455,0
6261,5246,1442,0
3111,3183,5268,0
3697,2728,4905,0
3394,3311,4594,0
3347,3640,4278,0
4847,5394,2031,0
2385,5806,3895,0
3241,5810,3022,0
2458,5681,3915,0
4194,6249,1991,0
3678,6331,2350,0
3610,6280,2425,0
1906,5546,4981,0
2590,6613,3500,0
1756,5247,5616,0
1874,5745,4913,0
3219,6312,2793,0
4391,5946,1998,0
3251,6113,2861,0
5665,1710,4958,0
3185,5916,3070,0
3652,5624,2665,0
3596,5907,2663,0
3664,5958,2588,0
2854,4779,3908,0
3220,4431,3774,0
3157,5769,3108,0
3225,5820,3033,0
3066,5179,3465,0
4723,5223,2130,0
3430,5512,2947,0
6371,2819,3007,0
4517,4950,2321,0
4151,5261,2454,0
4449,4899,2396,0
4417,5098,2328,0
4837,4626,2346,0
6226,2016,4077,0
4792,4534,2389,0
3619,3715,3859,0
5773,4261,2081,0
6473,2171,3693,0
6207,2068,3989,0
3101,3357,4892,0
2830,3161,5750,0
3402,3847,4067,0
2921,3210,5527,0
2485,4497,4661,0
2417,4310,5087,0
2634,3835,5025,0
2515,4259,4860,0
2387,4863,4492,0
2417,4625,4691,0
2536,4201,4856,0
2579,5456,3794,0
2606,5981,3583,0
2647,5507,3719,0
2845,5293,3668,0
2301,4024,5594,0
2203,4390,5425,0
1953,4402,6188,0
3126,2905,5899,0
2340,4369,5063,0
2370,4131,5262,0
2040,4812,5240,0
2070,4574,5439,0
3030,5130,3573,0
3138,3393,4889,0
3427,2811,5209,0
3684,3176,4295,0
3467,3009,4758,0
3112,3198,5095,0
3119,3398,4891,0
2932,3615,4921,0
3082,3914,4286,0
3405,3740,4095,0
3403,4652,3442,0
2689,4363,4600,0
2836,5611,3601,0
2809,5086,3812,0
4013,4357,3074,0
2898,4688,3974,0
3591,5581,2831,0
3114,5171,3487,0
2472,4739,4534,0
3769,2855,4635,0
5551,2026,4263,0
5016,2175,4415,0
4670,2358,4349,0
3358,4365,3667,0
3694,4255,3334,0
3328,4603,3468,0
3540,3867,3796,0
3906,3519,3662,0
3547,4067,3592,0
3913,3719,3458,0
4535,3590,3147,0
4159,2764,4227,0
4749,2607,3817,0
5284,2458,3665,0
4982,2667,3607,0
3764,5078,2889,0
3734,5316,2690,0
3477,4251,3577,0
3576,3805,3840,0
4498,3628,3152,0
3876,3757,3463,0
4533,4303,2664,0
3883,3957,3259,0
4505,3828,2948,0
4468,3592,3208,0
4490,3664,3167,0
4078,5470,2327,0
4294,4938,2539,0
4354,5214,2323,0
4476,5043,2338,0
4742,4880,2212,0
4085,4334,3011,0
4303,3435,3438,0
4225,4067,3044,0
4293,4118,2969,0
4154,4097,3074,0
4241,3872,3171,0
3926,4549,2926,0
5213,2033,4490,0
4358,4785,2583,0
4678,2182,4642,0
4730,2615,3973,0
4476,2581,4228,0
4911,2242,4432,0
5474,3030,3062,0
5104,4660,2144,0
4923,4858,2113,0
4676,5224,2120,0
4797,5091,2129,0
4602,4733,2397,0
5818,2571,3279,0
5909,2201,3778,0
5606,2290,3759,0
4847,2972,3425,0
4948,2704,3594,0
4493,3591,3179,0
4734,3969,2795,0
4553,4167,2764,0
4209,3867,3205,0
3262,4086,3998,0
3232,4324,3799,0
5074,4904,2085,0
5502,4340,2109,0
5321,4538,2078,0
5480,3321,2726,0
5329,3281,2894,0
5513,2632,3387,0
5336,3481,2690,0
4785,3580,2971,0
4365,3812,3114,0
4260,3116,3733,0
4253,2916,3937,0
4891,3271,3144,0
4464,3665,3139,0
4611,3915,2850,0
4964,3503,2858,0
4645,3467,3170,0
4286,4115,2973,0
5256,2786,3316,0
4441,3217,3526,0
4361,3147,3664,0
4297,3377,3490,0
4613,3003,3503,0
4721,2935,3468,0
4574,1947,5443,0
4501,2114,5157,0
4511,2007,5335,0
4922,1912,5117,0
5700,1716,4933,0
3661,3249,4202,0
3147,3865,4373,0
4171,2463,4646,0
3637,3264,4273,0
4614,6270,1735,0
3221,2967,5451,0
2704,3586,5429,0
3141,3078,5397,0
2854,3885,4794,0
3016,3860,4474,0
3382,3512,4340,0
3338,3809,4156,0
3702,5619,2668,0
5225,6416,1310,0
5979,6042,1139,0
4634,6162,1774,0
5009,6189,1596,0
6303,6624,895,0
3177,2696,6652,0
2628,5619,3791,0
3088,2883,6005,0
3242,2721,6008,0
2409,4551,4891,0
4534,2065,5192,0
4463,2095,5222,0
3383,3468,4404,0
3041,3894,4470,0
4116,4421,2940,0
4434,4212,2851,0
3100,3912,4291,0
3546,3453,4211,0
3466,3564,4157,0
3617,3293,4313,0
4832,6385,1513,0
5001,6194,1514,0
4241,6131,1977,0
4494,5710,2009,0
4757,5798,1830,0
3609,5486,2869,0
4485,6276,1873,0
3894,6022,2337,0
3975,5138,2735,0
4385,6424,1880,0
4237,4938,2555,0
4788,5606,1866,0
4197,5352,2330,0
4158,5147,2470,0
4269,4739,2623,0
4636,5110,2198,0
4908,6011,1673,0
3614,3511,4064,0
4518,3768,3092,0
5059,5008,2059,0
3793,3579,3718,0
3894,3311,3887,0
5227,5681,1647,0
4647,3356,3280,0
4576,3516,3178,0
4258,4142,3011,0
3995,3723,3392,0
3629,4071,3526,0
4032,3685,3387,0
3664,3362,4161,0
3298,3710,4295,0
3701,3324,4156,0
4174,3166,3709,0
4211,3128,3704,0
3921,3954,3362,0
4070,3292,3726,0
5646,5339,1579,0
5614,5538,1511,0
6039,5313,1487,0
5476,5419,1632,0
5307,5610,1631,0
6177,5411,1369,0
6437,5157,1429,0
6170,5336,1458,0
4380,4450,2742,0
3647,3819,3784,0
3440,3853,3986,0
6276,6099,1106,0
3846,3258,4056,0
4946,4036,2629,0
4983,3323,3061,0
4276,4176,2990,0
4472,3507,3193,0
4267,5213,2422,0
6508,3584,2327,0
6474,2921,2791,0
6276,2996,2805,0
4916,5044,2132,0
5845,4991,1667,0
5340,5000,1866,0
5647,4972,1744,0
5284,4481,2191,0
5828,4774,1775,0
5678,4598,1973,0
5132,4986,2005,0
5268,4730,2089,0
5829,2999,2984,0
5239,3709,2644,0
5531,3272,2851,0
5591,3848,2436,0
5421,4398,2166,0
5056,4588,2229,0
5093,2713,3420,0
4881,2726,3664,0
5450,3290,2759,0
5813,3781,2312,0
5448,3971,2375,0
4946,3092,3298,0
5772,4160,2145,0
6095,2921,2873,0
5234,3053,3149,0
5142,3352,3001,0
5145,4642,2134,0
5089,4123,2459,0
5584,3369,2725,0
5387,2242,4018,0
5003,3928,2651,0
5346,2083,4371,0
5925,1719,4635,0
5745,1685,4898,0
1973,4254,6035,0
1874,4700,5772,0
1776,5066,5603,0
2848,5667,3479,0
5172,1924,4783,0
1967,6078,4206,0
1764,6673,4376,0
2393,6198,3761,0
2141,6189,4037,0
1696,6066,4863,0
1926,4834,5507,0
5278,1760,5180,0
2215,6592,3841,0
1828,5200,5338,0
5799,4810,1800,0
5724,4660,1894,0
6007,1975,4179,0
6308,2028,4003,0
6368,1738,4389,0
6170,1813,4403,0
5397,4904,1870,0
5202,4546,2138,0
5204,3865,2522,0
4493,5552,2071,0
2465,6562,3620,0
2795,6396,3307,0
4070,5817,2271,0
2358,5394,4232,0
4268,5603,2220,0
3276,6130,2844,0
2425,5950,3812,0
3774,5268,2716,0
4108,5156,2515,0
3842,5319,2641,0
3062,5051,3545,0
3160,4685,3714,0
3336,4427,3606,0
2836,4462,4236,0
4450,3883,3036,0
4597,2278,4566,0
5067,1900,4932,0
4312,2606,4370,0
5363,1880,4788,0
4640,1946,5313,0
5090,1833,5142,0
3753,2703,4879,0
3682,2733,4909,0
3969,2588,4761,0
4106,2426,4832,0
3617,2688,5063,0
3623,3359,4227,0
4970,5800,1768,0
3994,3054,4013,0
4027,2615,4590,0
3947,2726,4536,0
3823,2809,4489,0
3822,2929,4447,0
3590,2876,4954,0
3543,2548,5477,0
3122,3604,4631,0
3040,3605,4804,0
3517,2811,5042,0
2943,4161,4314,0
3263,3660,4330,0
2480,4088,5127,0
4748,5920,1834,0
1836,5435,5242,0
2841,3644,5011,0
3180,5166,3427,0
4384,6943,1708,0
5038,6316,1496,0
3559,5563,2869,0
3867,3512,3685,0
3938,3482,3655,0
4130,2467,4669,0
4484,5794,2030,0
4103,5344,2509,0
4860,5947,1754,0
4484,6072,1904,0
3071,4720,3802,0
3984,5096,2750,0
3753,5789,2607,0
3670,5333,2867,0
4121,6697,1915,0
4023,5008,2693,0
4093,4522,2943,0
3189,4195,3947,0
4390,3829,3111,0
3607,4280,3403,0
3686,5084,2870,0
3347,4092,3880,0
1702,5279,5595,0
1905,5865,4808,0
1650,5145,5860,0
1922,4839,5602,0
1980,4593,5739,0
4919,2166,4569,0
2396,4388,5038,0
4932,6291,1513,0
4986,6250,1500,0
5617,5201,1650,0
4420,2340,4637,0
5631,4600,1986,0
3323,3471,4492,0
4780,2785,3664,0
4511,2577,4253,0
3110,5657,3258,0
1854,5043,5507,0
2241,5367,4413,0
1968,5210,4992,0
1900,5023,5418,0
1817,5387,5284,0
1749,5200,5710,0
3096,2848,6107,0
1553,5137,6291,0
3410,5333,3102,0
4584,5349,2136,0
4218,5660,2269,0
4484,5497,2143,0
4308,5196,2381,0
4298,4893,2542,0
4083,5247,2530,0
3722,3357,4146,0
5672,3775,2461,0
2912,3616,4823,0
2821,3481,5245,0
2792,4680,4047,0
2520,5026,4138,0
2770,3971,4793,0
2669,4364,4502,0
2699,4126,4701,0
2793,3814,4895,0
2823,3576,5094,0
2643,3515,5530,0
3099,3297,5023,0
2745,5489,3677,0
2718,4964,3888,0
2594,5449,3845,0
2567,4924,4056,0
2867,4302,4252,0
2545,3881,5361,0
2559,4786,4409,0
2860,3154,5732,0
3373,2898,5169,0
3138,2935,5530,0
2191,5031,4699,0
2221,4793,4898,0
2468,4892,4403,0
2504,3893,5397,0
3089,4568,3805,0
3238,3906,4169,0
3233,3954,4118,0
3641,2822,4833,0
3189,3228,4960,0
3435,3502,4294,0
3219,3765,4366,0
3453,4042,3765,0
3602,3380,4129,0
2757,4235,4570,0
2787,3997,4769,0
3132,4912,3621,0
3226,4353,3768,0
3441,5347,2953,0
2799,5134,3711,0
3120,4289,3964,0
2754,4637,4098,0
2723,3914,4898,0
1672,5238,5783,0
1809,4568,6174,0
2058,4421,5802,0
1711,4934,6005,0
1981,5554,4679,0
1831,5255,5314,0
1779,5121,5579,0
2156,4370,5575,0
1877,4755,5748,0
1959,4651,5682,0
1821,5321,5392,0
2557,4007,5090,0
3169,4973,3487,0
3911,5266,2631,0
3139,5211,3288,0
3222,4849,3409,0
3545,5614,2765,0
5179,2402,3932,0
5714,2253,3780,0
4597,2908,3670,0
3878,3935,3369,0
4668,2878,3640,0
4357,3218,3516,0
4166,3648,3430,0
4682,3641,3028,0
4093,4768,2760,0
3611,5824,2636,0
3249,5556,3150,0
4360,5579,2193,0
3911,5187,2716,0
3560,4897,3060,0
4923,4019,2644,0
4782,4456,2421,0
4714,4405,2496,0
3919,4349,3130,0
4682,4480,2497,0
4863,4582,2329,0
5076,4185,2428,0
4895,4383,2397,0
6244,2217,3615,0
5302,2391,3763,0
4767,2540,3915,0
5069,2331,3973,0
5222,2321,3901,0
4593,2938,3680,0
4694,2670,3849,0
4168,3791,3302,0
3163,4532,3735,0
4879,4546,2353,0
4379,4708,2634,0
5400,3251,2864,0
4987,3683,2803,0
5407,3451,2660,0
5233,3487,2777,0
5520,2832,3183,0
4177,3810,3287,0
4677,3648,3006,0
3999,4260,3121,0
4326,3148,3651,0
4434,3080,3616,0
4639,3703,2981,0
5062,3667,2768,0
4820,3505,3012,0
5082,2822,3433,0
4572,3597,3104,0
4219,4009,3096,0
4719,3847,2815,0
4669,3465,3180,0
4359,2969,3758,0
4467,2901,3723,0
4469,3005,3657,0
4389,2935,3795,0
3722,2853,4690,0
3621,3121,4521,0
3630,3064,4477,0
3587,3784,3819,0
3774,6485,2286,0
4365,6739,1822,0
2780,4420,4411,0
2985,3675,4749,0
3201,3028,5250,0
2976,3212,5362,0
2911,4210,4366,0
3978,2135,6062,0
3223,3128,5130,0
6095,6217,1048,0
2714,3788,5170,0
2599,4367,4604,0
2847,5845,3508,0
2272,4041,5792,0
2211,4094,5868,0
4093,2448,4850,0
3153,5472,3274,0
3711,5798,2504,0
4077,5450,2370,0
4147,4964,2620,0
3426,5262,3036,0
3792,4914,2902,0
4287,4735,2658,0
4228,4661,2720,0
4790,5479,1909,0
4603,5240,2170,0
4772,5049,2171,0
4360,2857,3932,0
4512,2560,4182,0
4502,2667,4004,0
4730,5127,2189,0
4509,2867,3800,0
5086,4906,2066,0
5153,4974,1975,0
4562,4720,2439,0
3992,4263,3088,0
4075,3612,3446,0
3709,3960,3580,0
4112,3574,3441,0
3746,3922,3575,0
3685,3975,3651,0
3505,4355,3502,0
3871,4007,3368,0
3822,4400,3099,0
4292,2991,3852,0
4150,3181,3780,0
6390,5373,1333,0
6413,5619,1185,0
5543,5818,1447,0
5908,5628,1384,0
6048,5809,1248,0
6327,5132,1534,0
4220,4141,3062,0
6407,5187,1478,0
3408,4189,3767,0
5528,5024,1820,0
5537,4290,2165,0
5125,3133,3133,0
4246,4248,2965,0
4218,3473,3448,0
4358,4832,2554,0
4935,5289,1998,0
5018,4990,2069,0
4653,5180,2132,0
6236,3060,2730,0
4995,3404,3016,0
4814,4398,2475,0
4645,4589,2474,0
4836,5089,2115,0
4695,4450,2555,0
5478,5163,1743,0
5100,5185,1937,0
5035,4105,2506,0
5246,4389,2221,0
6371,4252,1913,0
6034,4917,1692,0
5772,3650,2467,0
5602,4200,2197,0
5800,4125,2183,0
5237,4390,2260,0
5510,2498,3562,0
5348,2720,3362,0
4963,2847,3450,0
5298,2863,3287,0
5168,2972,3232,0
5503,2988,3069,0
5315,2849,3257,0
5313,2939,3232,0
5455,3687,2534,0
5494,3989,2317,0
5466,3514,2601,0
5184,3196,3074,0
4789,3245,3215,0
4591,3278,3378,0
5267,4169,2344,0
5789,2211,3944,0
1985,4574,5668,0
1887,4940,5499,0
1646,4811,6177,0
5891,1756,4622,0
5207,1906,4804,0
4604,2407,4363,0
5770,1734,4813,0
2606,4130,4947,0
4813,2208,4573,0
1723,5525,5358,0
1939,5608,4903,0
2758,5829,3562,0
2912,4260,4255,0
3383,4580,3465,0
3181,4388,3887,0
2635,6360,3517,0
2920,6896,2985,0
5661,5261,1605,0
5602,5133,1684,0
5937,4561,1852,0
6703,1754,4226,0
6357,2178,3752,0
6505,1829,4240,0
6610,1741,4317,0
6743,1753,4253,0
1726,4881,6039,0
5278,4944,1914,0
2210,5264,4549,0
1989,6591,4089,0
2245,6022,3972,0
2163,6702,3920,0
2419,6133,3803,0
2755,6284,3361,0
2493,6001,3737,0
3504,5017,3122,0
2749,5432,3620,0
3421,5228,3106,0
3489,5279,3031,0
2923,5543,3451,0
3259,5694,3009,0
3277,4989,3374,0
4230,4732,2698,0
2604,4806,4244,0
5082,4504,2297,0
4556,3778,3047,0
4601,3923,2868,0
3454,2935,4971,0
3993,3282,3829,0
5185,1690,5339,0
3895,2315,5433,0
4019,2232,5480,0
3584,2906,4802,0
3014,4001,4416,0
3031,3556,4852,0
3377,3010,4872,0
3922,3312,3859,0
3383,2965,5001,0
5491,5409,1618,0
3849,2546,4924,0
4003,2558,4631,0
3929,3019,4099,0
3780,3299,4049,0
3854,2897,4439,0
3549,5522,2924,0
3225,3401,4674,0
3421,3557,4263,0
2878,3595,5022,0
5269,5529,1684,0
3789,2962,4473,0
3996,2928,4271,0
4329,6307,1975,0
4675,6360,1698,0
5107,6147,1492,0
5276,5956,1493,0
3843,6753,2149,0
4884,6781,1427,0
5642,7010,1051,0
6365,1830,4289,0
4670,6158,1827,0
5198,2228,4234,0
3947,3401,3739,0
4340,4784,2606,0
4412,6114,1905,0
3884,5563,2507,0
3050,4750,3761,0
3751,4519,3135,0
3687,4169,3457,0
3638,4562,3188,0
1583,5076,6111,0
4384,2452,4546,0
5154,5835,1617,0
4965,2084,4663,0
4950,2170,4527,0
3563,3096,4541,0
3536,2973,4756,0
6270,1585,4894,0
2122,5791,4248,0
1688,5222,5764,0
1974,5580,4673,0
3189,6019,3039,0
1733,5451,5351,0
1824,5281,5308,0
1665,5264,5777,0
1763,5213,5550,0
5012,2069,4703,0
5798,1804,4721,0
3224,5076,3398,0
3591,5472,2899,0
2895,6021,3354,0
4401,5379,2222,0
4223,4634,2730,0
6188,4238,2006,0
4617,5205,2226,0
6465,2002,4023,0
5513,1957,4538,0
6056,3744,2319,0
6037,1931,4293,0
5879,3804,2300,0
5705,4061,2227,0
5063,2457,3989,0
4944,3890,2709,0
2971,3780,4610,0
2941,4018,4411,0
2822,4442,4246,0
2549,3827,5336,0
2519,4065,5137,0
2740,4209,4594,0
2361,5284,4213,0
2310,5296,4265,0
2160,4997,4900,0
2173,4097,5765,0
2272,5007,4539,0
2446,5698,3902,0
3444,2868,5139,0
2931,3124,5702,0
3204,2695,6016,0
3482,2476,5814,0
3209,2905,5500,0
3453,2548,5644,0
2220,4873,4804,0
2498,4654,4602,0
2369,4211,5168,0
2647,3992,4966,0
3052,3479,4838,0
2803,3626,5210,0
3081,3407,5008,0
2953,3925,4575,0
3542,2816,4968,0
3533,3136,4463,0
3632,3142,4328,0
3483,3804,3964,0
3573,3507,4151,0
2733,3060,6396,0
2860,4701,3902,0
3893,2419,5262,0
1763,5068,5740,0
1861,4702,5909,0
2701,5048,3940,0
2527,4245,4891,0
3298,2726,5820,0
4097,2474,4762,0
3429,4335,3637,0
3351,4165,3871,0
3238,4765,3551,0
3321,4403,3672,0
4590,2708,3874,0
4661,2678,3844,0
4350,3018,3720,0
3510,4105,3597,0
3517,4305,3393,0
4344,4911,2484,0
5200,1907,4833,0
3093,5251,3369,0
3889,5768,2402,0
3921,5569,2470,0
3737,4847,3001,0
4928,2378,4141,0
4392,5380,2261,0
4835,4532,2409,0
4121,5247,2477,0
4222,4148,2999,0
4371,4665,2635,0
5852,2079,4087,0
4869,2496,3962,0
5037,4246,2411,0
4348,4699,2652,0
6069,3508,2510,0
4941,2504,3798,0
4840,2772,3629,0
4362,2670,4176,0
5382,2823,3273,0
5299,3204,2949,0
4309,4382,2797,0
4674,3755,2858,0
3312,3870,4099,0
5508,3796,2442,0
5364,3956,2406,0
5591,2802,3153,0
5056,2951,3305,0
4212,3809,3300,0
4565,3397,3308,0
4712,3647,3019,0
4799,3917,2677,0
4299,4079,2958,0
4958,4047,2525,0
4717,3669,2909,0
5155,3054,3147,0
3678,3342,4176,0
3779,3074,4345,0
3700,5778,2614,0
4052,6429,2052,0
4643,6683,1588,0
3388,5983,2876,0
3182,3156,5223,0
3819,2323,5532,0
3890,2293,5502,0
3650,2857,4788,0
3686,2487,5401,0
4019,2695,4490,0
4602,6361,1706,0
1977,5106,5123,0
2332,4634,4854,0
2375,4603,4856,0
2268,5008,4659,0
2227,4147,5707,0
2300,3796,6111,0
4033,2180,5728,0
4498,2318,4589,0
3020,3609,4802,0
3577,3638,3936,0
4378,6139,1910,0
3782,5638,2606,0
3509,5634,2876,0
4749,5401,2006,0
4899,5198,2019,0
4308,4944,2483,0
4033,4783,2819,0
4312,4065,2988,0
4717,3057,3476,0
5054,5105,1998,0
4534,4245,2723,0
4461,3949,2981,0
4523,3476,3290,0
4372,3617,3266,0
4452,3506,3320,0
4318,4488,2748,0
3902,4289,3153,0
6298,5530,1331,0
5576,5357,1587,0
5213,4866,2034,0
5679,4100,2237,0
5707,4575,1953,0
5118,2933,3337,0
4512,3181,3528,0
5054,3163,3163,0
4598,4364,2663,0
4422,2860,3922,0
4700,4448,2530,0
5854,3649,2483,0
4866,4083,2656,0
5505,5688,1532,0
5398,4596,2059,0
6153,3188,2754,0
5464,3846,2460,0
5462,4527,2076,0
6095,3447,2549,0
5115,3014,3246,0
5116,4240,2422,0
5332,2972,3212,0
4987,3170,3201,0
5624,2787,3237,0
5984,1769,4531,0
5449,2238,4006,0
1986,4494,5762,0
5483,2201,4019,0
4313,4522,2742,0
3127,5238,3427,0
1877,5489,5048,0
1917,5393,4974,0
5234,1920,4771,0
5531,1684,5116,0
3580,5583,2848,0
2235,5435,4363,0
5888,1524,5220,0
1820,5239,5428,0
2400,4577,4873,0
2302,4943,4704,0
4965,4497,2340,0
5522,5078,1740,0
6402,1701,4402,0
6056,2125,3928,0
6309,1688,4493,0
6022,2162,3915,0
4988,3638,2808,0
2779,5015,3864,0
3200,5106,3399,0
4875,4122,2591,0
5210,4138,2428,0
4870,4206,2549,0
4014,5031,2737,0
3531,4570,3283,0
3937,4973,2760,0
2186,4540,5251,0
5576,1755,4886,0
5034,1773,5251,0
3958,2448,4855,0
5079,1854,4942,0
3884,2850,4465,0
5383,1930,4680,0
4231,2097,5335,0
3560,2561,5460,0
3480,2672,5406,0
4534,2110,4916,0
4379,2246,4815,0
4924,1990,4841,0
4390,2621,4166,0
3662,2921,4598,0
4399,2353,4580,0
3222,3157,5034,0
3596,2622,5284,0
3676,2511,5338,0
4775,2087,4905,0
4898,1890,5231,0
2388,4550,4906,0
2944,3832,4627,0
3501,2927,4919,0
3507,2882,5048,0
3591,2951,4628,0
3813,2880,4495,0
3851,3139,4151,0
3248,3689,4384,0
3860,2802,4575,0
5530,5614,1478,0
5310,6046,1441,0
5333,5512,1685,0
5401,5707,1551,0
4319,2785,4121,0
4201,2483,4617,0
4248,2811,4094,0
3338,2862,5334,0
2369,4582,4877,0
5308,5734,1544,0
5088,6166,1507,0
3261,3247,4867,0
3112,3545,4646,0
3279,3158,4925,0
2976,4151,4329,0
3399,3400,4498,0
3566,3491,4163,0
4846,6019,1725,0
5589,6625,1093,0
4659,6179,1757,0
3737,4116,3451,0
4485,5674,2041,0
4494,5951,1876,0
4180,6471,2005,0
3747,4521,3177,0
3896,4369,3158,0
3709,4402,3290,0
3874,5238,2694,0
3766,4973,2924,0
1863,4652,6110,0
2560,4213,4830,0
1869,5365,5162,0
2205,4685,5099,0
2967,4258,4203,0
2983,4142,4326,0
6122,5836,1207,0
3465,3133,4654,0
3545,3022,4708,0
3616,2862,4810,0
3598,5748,2687,0
2956,5535,3445,0
3371,6173,2774,0
3069,6313,3074,0
3403,5974,2842,0
3137,6364,2999,0
2671,6309,3395,0
2917,6452,3093,0
3133,6679,2807,0
1959,5932,4571,0
2449,4994,4438,0
1330,5905,5967,0
1421,5735,5924,0
2866,5311,3646,0
3372,5991,2892,0
4779,4878,2260,0
5866,4557,1932,0
4996,4756,2194,0
5177,4558,2225,0
5125,3398,2920,0
5524,4259,2196,0
5705,2309,3724,0
2943,4339,4023,0
2550,4788,4337,0
2393,5085,4281,0
2243,4786,4916,0
2621,4633,4429,0
2355,4796,4555,0
2665,4558,4225,0
2965,3936,4421,0
2566,3648,5451,0
2359,4782,4636,0
2920,4512,4064,0
2212,5662,4096,0
1892,5804,4881,0
2075,4463,5596,0
2030,5562,4663,0
2174,5373,4370,0
2222,3695,6199,0
2471,3548,5827,0
2744,3119,6141,0
2993,2972,5769,0
3069,2919,6018,0
2512,5869,3792,0
2319,4427,5067,0
2289,4665,4868,0
2883,3875,4699,0
2704,4775,4136,0
3597,3358,4239,0
3498,3201,4566,0
2941,3295,5426,0
3446,3842,3969,0
3503,3826,3866,0
3421,4375,3620,0
1803,5892,4971,0
3396,4850,3340,0
3567,5472,2935,0
1921,4695,5660,0
1723,5259,5731,0
1770,5187,5556,0
1929,5420,4944,0
2296,4795,4736,0
2198,5161,4567,0
2107,5331,4610,0
2162,5139,4586,0
3214,4950,3517,0
2792,3807,4943,0
5480,2056,4293,0
5712,2212,3939,0
3427,4467,3476,0
4078,4655,2810,0
3126,4932,3613,0
4322,5413,2255,0
3755,5595,2611,0
4943,4464,2374,0
4875,4413,2449,0
4576,4895,2331,0
4548,4420,2615,0
4925,3306,3127,0
4242,5114,2486,0
3956,4311,3125,0
4768,4694,2380,0
5446,2093,4280,0
5585,2511,3489,0
4978,4808,2179,0
5041,5034,2057,0
6011,2989,2848,0
6253,2859,3003,0
5717,2839,3110,0
4687,2470,4053,0
4586,2738,3884,0
3749,3104,4373,0
5066,3144,3159,0
4667,3555,3062,0
4420,3721,3113,0
5435,3926,2376,0
5397,3683,2605,0
5417,2838,3270,0
5054,3863,2652,0
4012,4224,3106,0
4512,4062,2825,0
4430,3814,3057,0
3848,3046,4198,0
3928,3116,4060,0
4792,3717,2881,0
5148,2854,3351,0
4710,3469,3113,0
5013,3997,2591,0
5139,3849,2556,0
4526,4260,2731,0
4260,3415,3495,0
4368,3347,3460,0
4706,2245,4485,0
4939,2305,4275,0
3772,2874,4549,0
4189,6437,1985,0
2915,3265,5438,0
3281,2917,5304,0
3271,3024,5126,0
2905,3372,5260,0
3421,3323,4491,0
3046,3622,4673,0
2707,4361,4605,0
3730,2746,4842,0
3756,2483,5277,0
3650,3350,4242,0
3539,3923,3864,0
1845,5491,5209,0
6964,6564,823,0
3170,3908,4167,0
3072,4541,3884,0
3211,3986,4070,0
3996,4519,2980,0
3769,4312,3300,0
4789,5599,1898,0
4497,5665,2012,0
4458,5460,2152,0
4891,6076,1683,0
4526,5511,2077,0
4267,4866,2580,0
4706,4624,2448,0
4052,4326,3045,0
3736,3358,4063,0
4592,4648,2464,0
5266,5274,1840,0
4260,4740,2662,0
4553,4443,2604,0
4381,3666,3218,0
4017,5098,2650,0
3732,4562,3182,0
3408,3361,4548,0
4716,3148,3344,0
4753,3110,3339,0
4143,2981,3984,0
2939,3971,4558,0
5587,5707,1413,0
5239,5415,1765,0
6244,5810,1184,0
3481,3931,3889,0
6052,4969,1616,0
5047,2963,3367,0
4916,3154,3253,0
4836,5373,2036,0
4554,5264,2170,0
5158,5171,1933,0
4625,4658,2431,0
6226,2971,2855,0
6150,3868,2233,0
5454,4403,2082,0
5521,4802,1897,0
5705,4810,1803,0
6053,4668,1794,0
5659,4965,1774,0
4966,3390,3078,0
5969,3837,2261,0
5967,4518,1877,0
5645,3648,2491,0
5643,4329,2107,0
5453,3858,2472,0
5229,2681,3459,0
6088,2721,3077,0
5774,3479,2529,0
5958,2830,3022,0
5423,2979,3174,0
5083,3183,3149,0
4970,3047,3246,0
5305,3063,3083,0
5818,4178,2087,0
5790,3703,2371,0
5347,2536,3583,0
5623,2006,4321,0
5136,1936,4834,0
1875,4620,5866,0
3040,3969,4387,0
5295,1727,5109,0
5445,1573,5263,0
3105,6180,3075,0
3173,6231,3000,0
2714,4474,4306,0
2764,5265,3700,0
3745,5561,2627,0
3875,5427,2597,0
1337,6190,5580,0
1407,5761,5788,0
2259,4603,5020,0
2029,5835,4376,0
1826,6430,4546,0
2299,6086,3970,0
2099,5406,4584,0
1610,6347,5001,0
1501,5352,6154,0
2161,4969,4851,0
5258,5396,1776,0
5589,5477,1555,0
6021,1691,4735,0
6275,1725,4480,0
5202,3787,2636,0
1886,5880,4804,0
2947,5218,3569,0
3858,5527,2614,0
4375,4664,2640,0
4060,4574,2919,0
3955,4282,3131,0
5508,1448,5568,0
5235,1799,5088,0
4963,1704,5542,0
4542,1906,5582,0
3534,2824,5025,0
5402,2225,4167,0
5288,1758,5128,0
4944,2097,4606,0
4115,2104,5612,0
4035,2215,5558,0
4666,2174,4762,0
3715,2868,4675,0
3482,3189,4596,0
3893,2769,4549,0
3183,3385,4748,0
3430,2887,5081,0
3637,2853,4879,0
4969,5920,1757,0
2605,4122,5002,0
3044,3589,4835,0
3014,3911,4477,0
4968,6912,1274,0
5743,1972,4260,0
4665,2181,4692,0
4485,2147,4955,0
3855,3554,3716,0
4620,6744,1492,0
4597,6372,1769,0
3612,5074,2949,0
3548,4724,3271,0
4013,4683,2880,0
3770,4971,2882,0
1613,5500,5593,0
1550,6337,5077,0
1718,5542,5454,0
1711,5556,5430,0
2268,4052,5721,0
2775,4718,4030,0
3062,4573,3882,0
2341,4879,4590,0
2559,4635,4485,0
5764,6101,1181,0
5725,5896,1321,0
6053,1960,4177,0
6044,2025,4084,0
1756,5094,5734,0
2758,6174,3342,0
2824,6422,3275,0
3024,6011,3216,0
2968,6067,3183,0
2877,5477,3540,0
1462,5307,6334,0
4846,5277,2075,0
3423,5606,2982,0
4201,5136,2501,0
4276,5395,2313,0
3773,5077,2850,0
4139,4729,2716,0
4981,3400,3074,0
6407,2638,3089,0
6223,3287,2596,0
3055,4723,3754,0
3253,4509,3703,0
2273,4548,5115,0
2423,4847,4480,0
2442,4571,4652,0
2292,4272,5287,0
2187,5276,4574,0
2575,3328,5956,0
3018,4146,4233,0
2567,4609,4452,0
2716,3947,4816,0
2323,4396,5130,0
2304,5181,4465,0
2342,5470,4191,0
2706,5833,3576,0
2092,5125,4930,0
2242,5424,4295,0
2261,5148,4467,0
2111,4849,5102,0
2006,5853,4389,0
2076,5424,4597,0
3858,2418,5383,0
3667,2559,5268,0
3402,2826,5339,0
2123,4844,5125,0
2272,4182,5489,0
3147,3073,5394,0
2671,3747,5198,0
2497,3693,5601,0
2467,3931,5402,0
2492,4647,4635,0
3231,3706,4373,0
3087,4390,3899,0
2802,4409,4305,0
3130,4982,3566,0
2863,3345,5467,0
3356,2841,5239,0
3317,3399,4535,0
2921,5470,3543,0
3040,3826,4542,0
3483,5641,2890,0
3408,5382,3078,0
3118,5069,3542,0
2848,5298,3651,0
2850,4386,4304,0
2762,4045,4744,0
4712,2145,4655,0
3288,5949,2920,0
4888,3344,3132,0
4575,2188,4729,0
4929,4314,2446,0
4662,4668,2419,0
5375,2623,3477,0
5292,3004,3153,0
4413,3521,3317,0
3562,3464,4194,0
4828,4627,2385,0
5134,3933,2514,0
5052,3685,2746,0
4467,3917,3004,0
4458,4209,2806,0
4737,1813,5513,0
4053,2638,4503,0
4104,6515,1996,0
2785,3319,5709,0
2826,3433,5428,0
3192,3085,5294,0
2866,3561,5109,0
3726,2248,5774,0
3880,2400,5324,0
4213,2608,4413,0
4239,2345,4848,0
4223,2501,4591,0
3989,2933,4291,0
4906,6929,1381,0
2426,4227,5121,0
1774,5149,5680,0
2847,3103,5966,0
3132,2775,6162,0
3256,2692,6209,0
2766,3370,5686,0
2776,3263,5864,0
3003,3136,5506,0
4678,6007,1745,0
4087,5753,2209,0
4748,5521,1995,0
4960,6116,1611,0
4456,5587,2109,0
4011,4248,3142,0
5214,5317,1802,0
5281,5385,1711,0
4229,2479,4533,0
3786,3379,3922,0
5125,4499,2259,0
3950,4811,2835,0
4617,3594,3081,0
4654,3556,3076,0
4710,3745,2953,0
4285,2791,4056,0
4200,3859,3240,0
3332,3912,4085,0
4218,4822,2678,0
3599,3437,4115,0
6233,3171,2651,0
4438,3073,3676,0
5886,4612,1834,0
5183,4867,2056,0
5407,5157,1815,0
6096,3839,2237,0
6124,4314,1953,0
6133,4875,1709,0
5651,3783,2458,0
5326,3147,3069,0
4535,3211,3470,0
4905,2519,3859,0
5236,2881,3255,0
4582,3279,3417,0
5845,2061,4181,0
5544,2008,4357,0
6018,1732,4544,0
2078,4581,5284,0
1914,4604,5698,0
1816,4970,5529,0
2941,4415,4124,0
5971,1643,4874,0
2210,5064,4658,0
5711,1718,4853,0
2758,4777,4042,0
1757,4783,6037,0
1695,5220,5770,0
1961,5590,4548,0
1966,4738,5433,0
1736,5970,4789,0
1806,5541,4997,0
1868,5104,5264,0
1998,6482,4151,0
1627,4975,5942,0
1864,5271,5240,0
3067,5096,3533,0
6852,1573,4725,0
6957,1485,4802,0
6731,1389,5050,0
5717,5164,1674,0
3015,5269,3494,0
3955,5585,2414,0
3887,5534,2489,0
3525,5531,2883,0
2991,5594,3376,0
4252,4892,2582,0
3472,5132,3051,0
3738,4969,2925,0
4396,4682,2618,0
4704,5536,1994,0
3107,4744,3641,0
5473,1687,5097,0
5458,1654,5174,0
5059,1646,5684,0
4638,1848,5724,0
3786,2838,4645,0
4216,2753,4139,0
4038,2684,4473,0
3150,3067,5362,0
5164,1829,5118,0
3539,2673,5267,0
2912,3484,5113,0
4613,1953,5424,0
3302,3046,5088,0
3800,2428,5385,0
3412,3508,4311,0
6065,5468,1408,0
5609,5721,1412,0
5541,5526,1546,0
3290,3397,4587,0
3903,2698,4543,0
3418,2751,5388,0
3392,5389,3101,0
5387,5841,1478,0
5319,5646,1612,0
2925,3208,5539,0
2678,3706,5206,0
2845,3319,5485,0
3068,3517,4653,0
3709,3073,4419,0
4334,6539,1874,0
3401,5666,2936,0
5956,1842,4474,0
5572,1873,4616,0
5210,1925,4718,0
6483,1620,4696,0
5312,1914,4732,0
3517,3486,4245,0
4607,6251,1741,0
4776,6060,1742,0
4230,5983,2044,0
5454,6240,1293,0
2461,5001,4316,0
3161,3665,4549,0
3626,2888,4803,0
5476,2126,4199,0
3027,6019,3137,0
2273,5831,4080,0
1807,5234,5497,0
1875,5421,5071,0
3036,6118,3108,0
4691,5660,1972,0
4633,5674,1976,0
4665,5475,2044,0
3872,5602,2580,0
3219,5379,3283,0
4251,5113,2447,0
5155,3160,3119,0
6009,3960,2223,0
6183,3703,2296,0
5043,4941,2110,0
2921,3296,5328,0
2746,3709,5015,0
2897,3749,4847,0
2618,4313,4647,0
2255,4524,5160,0
2225,4762,4961,0
2325,5413,4202,0
2302,3944,5688,0
2984,3292,5264,0
3738,2529,5238,0
2376,3796,5824,0
2641,3985,4999,0
3347,3161,4734,0
2859,3740,4901,0
1924,5707,4834,0
1956,5508,4902,0
2378,5222,4131,0
2664,4411,4575,0
5247,1996,4503,0
4625,2125,4814,0
3912,2391,5308,0
3712,5003,2944,0
3377,6015,2861,0
3123,5013,3568,0
4377,4576,2660,0
4739,4006,2768,0
4565,4123,2795,0
5404,2347,3810,0
5059,2944,3363,0
5325,2473,3656,0
3234,4502,3705,0
5080,4160,2462,0
5327,3994,2411,0
5162,4408,2230,0
5620,4516,2053,0
5376,4488,2144,0
5474,3865,2393,0
4639,4011,2837,0
4723,1766,5942,0
4357,2195,4959,0
3070,2894,5906,0
3347,3858,4108,0
3522,6096,2579,0
3237,5560,3111,0
3606,5983,2591,0
3592,5610,2829,0
4307,2001,6202,0
4432,1937,5783,0
3783,2693,4919,0
3809,2430,5354,0
3793,2586,5097,0
4294,2471,4561,0
5038,6177,1571,0
2915,2916,6186,0
3122,2882,5984,0
2707,3894,4951,0
2429,4580,4807,0
3484,3200,4573,0
3317,4226,3793,0
4410,5940,1978,0
4891,5321,2014,0
4607,6010,1874,0
4461,5840,1981,0
4927,5392,1974,0
5182,5516,1734,0
4178,2768,4223,0
4306,4809,2611,0
5116,4222,2424,0
4310,4272,2957,0
4310,4054,2999,0
4472,4746,2504,0
4444,4271,2788,0
4753,4001,2762,0
3973,4129,3255,0
6078,5518,1347,0
6937,6039,1034,0
2635,4145,4883,0
2673,4793,4129,0
2785,4444,4248,0
6320,3318,2503,0
6122,3393,2517,0
6269,2796,3009,0
4431,2873,3880,0
5548,4677,1993,0
5926,4389,1967,0
5805,4522,1958,0
6191,4713,1768,0
5427,2606,3445,0
5990,2932,3009,0
6055,4027,2172,0
1915,4524,5792,0
1757,4727,6078,0
5406,1631,5392,0
1997,5661,4450,0
2059,5224,4717,0
2065,5712,4375,0
4942,5171,2035,0
2595,4808,4291,0
6355,1612,4732,0
6262,1599,4823,0
5400,4471,2124,0
5595,4829,1856,0
5323,3654,2645,0
4409,5538,2123,0
3676,5985,2580,0
1680,6411,4842,0
3684,5422,2708,0
3950,5259,2582,0
4184,4841,2657,0
5232,2094,4364,0
4186,2074,5582,0
4690,2112,4729,0
5106,2133,4520,0
4489,2029,5225,0
2705,3518,5315,0
2607,3884,5146,0
3334,3500,4432,0
3139,3357,4755,0
5520,6119,1326,0
3896,2874,4401,0
2948,3967,4572,0
2783,3471,5418,0
3192,3434,4700,0
4070,7091,1955,0
5307,6516,1227,0
4501,2231,4819,0
3989,4305,3122,0
2767,4179,4628,0
2896,4418,4101,0
3103,4384,3899,0
5002,5805,1763,0
6526,5570,1243,0
6189,6235,1022,0
5296,4216,2343,0
3121,6147,3069,0
1906,5708,4703,0
1665,5579,5381,0
2905,5920,3355,0
1756,5409,5338,0
2845,5827,3523,0
3719,6023,2480,0
3385,6362,2712,0
2202,6374,3911,0
2428,6375,3663,0
2460,6176,3731,0
2762,6036,3431,0
2730,6235,3363,0
4565,1830,6025,0
4800,4658,2383,0
2755,3389,5520,0
2815,3637,5056,0
2597,4371,4651,0
2648,4075,4846,0
2469,4975,4283,0
2074,5904,4314,0
2302,3765,6061,0
2476,3525,6106,0
2134,5771,4373,0
2311,5224,4450,0
1971,5412,4952,0
4686,2408,4220,0
4405,5051,2376,0
4525,4339,2679,0
4872,4494,2404,0
4915,3989,2658,0
4584,5801,1989,0
3883,2463,5138,0
5647,1998,4363,0
5071,2439,3911,0
4950,2319,4240,0
3314,4572,3567,0
3383,3840,4069,0
3463,3910,3931,0
3898,6051,2284,0
3365,2706,5670,0
3241,2789,5623,0
2573,4316,4747,0
3320,5932,2951,0
3660,2750,4966,0
3152,3288,5028,0
3462,5744,2859,0
2548,3900,5275,0
2405,4050,5451,0
3039,2833,6233,0
2557,3595,5586,0
2633,4429,4568,0
2460,4765,4532,0
2331,4946,4638,0
2844,5846,3505,0
3868,6714,2212,0
2913,6155,3259,0
3015,3343,5208,0
4815,5920,1810,0
4902,5899,1763,0
4856,5998,1713,0
4823,5270,2089,0
5155,5289,1846,0
4739,4602,2426,0
4210,4223,2978,0
3245,4167,3979,0
5685,5544,1439,0
5326,5306,1770,0
5866,5346,1470,0
5783,5708,1349,0
6221,5564,1332,0
5418,5898,1412,0
5602,5906,1318,0
6602,5545,1210,0
6574,5070,1494,0
5462,4863,1931,0
2936,4484,4080,0
3409,3766,4088,0
6348,3793,2219,0
5975,3972,2228,0
5751,2795,3215,0
5434,2806,3241,0
5551,2194,4053,0
5721,1931,4495,0
6272,1463,5120,0
5572,1643,5181,0
5896,1521,5214,0
4571,1945,5487,0
5984,1367,5333,0
5804,1333,5596,0
6105,1551,5008,0
3677,5641,2648,0
2850,4697,3988,0
3144,4397,3891,0
2091,5398,4643,0
1904,5175,5166,0
1578,6173,5075,0
1794,6256,4620,0
1834,5604,4958,0
1663,5046,5844,0
1862,6307,4545,0
1593,5475,5636,0
1399,5607,6020,0
1407,5615,5961,0
5817,1554,5250,0
2517,6452,3541,0
2533,5245,4024,0
6307,4797,1730,0
6204,1776,4416,0
6280,1490,5072,0
6430,1336,5226,0
4888,5344,1996,0
2275,5605,4216,0
2315,5593,4180,0
4449,5853,1991,0
3593,5582,2808,0
3806,5020,2850,0
3878,5535,2528,0
4926,4487,2389,0
4168,4265,2998,0
4106,2185,5528,0
4343,2293,4689,0
4268,2171,5029,0
3615,2593,5121,0
4291,2104,5239,0
4652,1895,5295,0
4931,1705,5462,0
4492,2112,5188,0
3604,2589,5453,0
5030,1826,5238,0
3762,2622,4963,0
3886,2539,5010,0
3296,3241,4776,0
3263,3274,4802,0
5372,5717,1545,0
4213,2634,4369,0
3860,3188,4103,0
5150,5837,1611,0
2580,4072,5037,0
2571,4869,4269,0
5981,1861,4431,0
5588,1957,4480,0
5972,1926,4338,0
5969,1532,5070,0
5430,1699,5111,0
5164,1765,5252,0
5525,1784,4946,0
4778,2079,4896,0
3118,3067,5501,0
3874,2390,5346,0
3936,5170,2741,0
4343,6283,1909,0
4359,6119,1996,0
1635,5210,5846,0
5016,6178,1525,0
4972,5877,1738,0
3492,4026,3780,0
5696,5906,1315,0
5831,6500,996,0
6144,5047,1594,0
3393,5671,3003,0
2334,6191,3805,0
2664,6025,3492,0
3040,5980,3197,0
2665,5077,3983,0
2975,5488,3479,0
1266,6242,6190,0
1592,5394,5766,0
1765,5253,5549,0
1863,5410,5225,0
5242,1735,5225,0
2543,5703,3828,0
2492,6088,3738,0
5547,1920,4551,0
5560,1777,4975,0
6377,2205,3749,0
6730,1981,4019,0
6895,1860,4096,0
2756,3130,5987,0
2499,4737,4482,0
2889,3082,5902,0
2271,4577,4999,0
2742,3717,5168,0
2817,3516,5199,0
1980,4877,5431,0
2058,4736,5406,0
4599,2388,4379,0
5221,2259,4068,0
4071,5270,2531,0
4916,4658,2317,0
5046,1858,5183,0
4666,2117,4804,0
3865,2389,5363,0
4947,6279,1604,0
3325,2945,5297,0
2876,3454,5287,0
3396,2532,5998,0
3520,2449,6045,0
4183,2084,6155,0
3598,2829,4948,0
2359,3815,5947,0
5629,6431,1107,0
5748,6123,1180,0
2588,3780,5311,0
2609,4260,4782,0
2738,4079,4676,0
2694,4376,4492,0
3564,3270,4435,0
5311,5313,1736,0
5283,4838,2020,0
5453,5123,1808,0
5201,5714,1615,0
5183,4902,2000,0
4071,4778,2792,0
2742,3828,5004,0
3034,4118,4249,0
2655,5048,4014,0
3258,3779,4235,0
3299,3857,4138,0
6155,3129,2796,0
4975,2647,3714,0
6176,3894,2181,0
5730,1735,4786,0
5724,1844,4510,0
3172,4931,3523,0
5603,1511,5393,0
5647,1765,4841,0
5476,1701,5039,0
5405,1731,5069,0
5159,1844,5089,0
3030,5102,3574,0
3082,4834,3624,0
3609,5590,2723,0
2962,5051,3649,0
1229,6343,5755,0
1299,5914,5963,0
1685,5695,5294,0
1640,5736,5342,0
1896,5167,5225,0
1856,5819,4887,0
1655,5038,5903,0
4976,5287,1910,0
2209,6240,3962,0
2645,5599,3685,0
3139,5770,3165,0
2719,6002,3489,0
2965,5659,3334,0
2787,6053,3414,0
2533,5051,4121,0
3383,6124,2841,0
3327,5745,2934,0
4573,4899,2381,0
5355,1897,4690,0
4813,1915,5055,0
4888,2037,4715,0
4836,1848,5265,0
5453,1952,4560,0
4424,2116,5175,0
4195,2162,5097,0
5197,1639,5321,0
5183,1592,5750,0
5037,1856,5214,0
5134,1768,5344,0
4159,2132,5605,0
3172,2853,5691,0
3332,2707,5469,0
3948,2262,5510,0
4875,6729,1433,0
3927,2337,5423,0
3803,2420,5376,0
3998,2307,5393,0
3882,6590,2264,0
1477,5559,5959,0
6268,5790,1169,0
1972,5492,4883,0
1881,5662,4926,0
4076,5784,2284,0
3710,6132,2418,0
3876,6117,2299,0
2985,6503,3018,0
3467,6340,2575,0
5344,1507,5788,0
4468,5778,2037,0
3206,6006,3011,0
6247,3143,2722,0
2002,4387,5865,0
2539,3735,5401,0
2440,4181,5138,0
3425,5596,2950,0
3949,5145,2749,0
1960,4787,5633,0
1671,4769,6531,0
1718,4738,6217,0
2137,5093,4809,0
2235,4727,4978,0
2228,4923,4766,0
2529,5262,3963,0
4929,2155,4574,0
4858,2185,4604,0
5110,2039,4577,0
3857,2726,4703,0
4013,2510,4822,0
4387,2430,4462,0
3231,2896,5445,0
3386,2892,5221,0
3753,2458,5416,0
3244,3077,5241,0
4315,6675,1845,0
2520,3593,5737,0
2681,3512,5633,0
2310,4466,5167,0
3047,3164,5499,0
5531,5900,1390,0
4579,5215,2211,0
2892,4127,4369,0
6353,3054,2782,0
5973,3464,2532,0
1979,4956,5241,0
5051,2074,4686,0
3398,6041,2814,0
3120,4948,3582,0
3256,4751,3552,0
1894,6481,4471,0
1542,6102,5173,0
1798,5533,5056,0
1758,6185,4718,0
1557,5404,5734,0
1826,6236,4643,0
1565,5412,5675,0
1478,5545,5946,0
1579,5365,6004,0
1864,4638,6097,0
6238,1500,5107,0
2283,6643,3766,0
4650,5618,2001,0
2911,5436,3559,0
3196,5972,3027,0
3264,6023,2952,0
2471,5488,3854,0
4946,5330,1992,0
2343,5656,4141,0
3180,6012,3060,0
3360,5940,2900,0
3540,5183,2976,0
4969,1860,5201,0
5586,1964,4496,0
3739,2510,5168,0
3747,2481,5308,0
4169,2425,4662,0
4089,2536,4608,0
3991,2356,4996,0
5308,1808,5020,0
5087,1650,5608,0
3148,2884,5706,0
4737,1870,5471,0
3079,3097,5392,0
3281,2720,5837,0
2934,3200,5574,0
3463,2854,5055,0
2733,3698,5204,0
4959,6635,1439,0
2610,3750,5395,0
2970,3883,4484,0
2831,4438,4298,0
3876,3561,3637,0
3891,6732,2174,0
6099,5981,1168,0
3102,3134,5316,0
2790,5975,3410,0
1693,6322,4728,0
1977,6456,4198,0
2234,6175,3979,0
1725,6123,4796,0
2376,6485,3742,0
1791,5907,4976,0
1668,6276,4951,0
2390,4397,5037,0
2290,3882,5773,0
2454,5824,3852,0
3525,5178,2998,0
3583,5493,2883,0
1799,5454,5246,0
2205,4965,4779,0
4397,2323,4640,0
3356,2657,5718,0
2432,4066,5334,0
2582,4365,4699,0
4438,2064,5423,0
5641,6063,1300,0
2270,4586,5131,0
2754,3161,6037,0
2674,3272,5983,0
2764,3054,6215,0
2613,3325,6059,0
3076,2849,6196,0
2442,5020,4417,0
5719,5725,1348,0
5196,6018,1478,0
4774,5573,1943,0
5379,5693,1552,0
2895,3780,4897,0
5528,1787,4899,0
2260,5855,4052,0
2922,5162,3633,0
3194,5188,3285,0
3600,5591,2762,0
2029,5641,4473,0
1612,5673,5381,0
1828,5756,4926,0
1896,5807,4851,0
1766,6193,4659,0
1784,5919,4889,0
1495,5841,5467,0
1710,5307,5550,0
1803,6091,4788,0
3374,5590,3010,0
4230,2102,5575,0
5282,1888,4758,0
4740,1906,5123,0
3217,3086,5226,0
3871,2398,5355,0
4776,1841,5361,0
2910,3301,5457,0
2829,3435,5362,0
3614,2388,5579,0
4378,2177,5004,0
3041,3723,4586,0
2856,3558,5147,0
2406,4283,5110,0
2634,3678,5213,0
2623,3768,5269,0
5789,1498,5333,0
4018,3371,3709,0
5099,6550,1365,0
1942,5730,4684,0
3375,5996,2875,0
4360,5588,2183,0
1827,5930,4802,0
1704,6299,4777,0
1598,6342,5063,0
3373,6155,2821,0
3257,5621,3101,0
6138,2155,3856,0
3361,2579,6037,0
1989,4882,5234,0
2313,5179,4418,0
5060,4348,2384,0
4932,2174,4488,0
2906,3322,5482,0
3467,2502,5968,0
4031,2227,5687,0
4784,2089,4874,0
3521,2423,6139,0
3397,2506,6092,0
5810,6233,1138,0
2391,3774,5843,0
2777,3890,4827,0
2605,4791,4275,0
2280,5242,4443,0
3129,6382,2973,0
4824,6197,1645,0
5822,5457,1504,0
5561,5828,1415,0
5365,5827,1479,0
5644,6200,1255,0
5522,5623,1555,0
5157,5813,1618,0
5170,5469,1747,0
5693,5176,1617,0
5665,4701,1901,0
6121,4932,1688,0
5591,5314,1612,0
6297,3653,2302,0
5951,2630,3226,0
5380,1660,5213,0
5309,1690,5243,0
3306,4979,3381,0
6285,1420,5157,0
2097,5886,4301,0
1864,5827,4828,0
1648,5744,5283,0
2569,5122,4023,0
6442,1700,4429,0
6551,1520,4901,0
2538,5799,3818,0
2282,6368,3935,0
2823,6335,3286,0
4536,2100,5022,0
3667,2592,5254,0
4097,2507,4748,0
5318,1823,4996,0
3981,2359,5420,0
4471,1936,5612,0
4316,2072,5511,0
3663,2590,5314,0
3456,2624,5516,0
5728,6133,1187,0
5506,6253,1253,0
2536,4044,5044,0
3057,3607,4709,0
5594,1894,4576,0
5814,1668,4969,0
6099,1651,4838,0
5368,6803,1132,0
5285,6431,1292,0
2101,4282,5919,0
2107,5051,4930,0
1511,5995,5264,0
1736,5913,4977,0
1645,6083,5020,0
1823,5757,4965,0
1795,6129,4734,0
1803,6448,4559,0
2739,6360,3320,0
4111,2119,5679,0
5473,1556,5313,0
5594,1740,4988,0
4064,2143,6011,0
2122,5239,4635,0
3386,6298,2743,0
3601,2312,6193,0
3477,2395,6146,0
3624,2566,5383,0
5132,6281,1468,0
2530,3486,5915,0
2835,3027,6132,0
2627,3591,5462,0
2507,5424,3992,0
2466,5346,4089,0
2596,4742,4323,0
4876,6210,1605,0
4947,5906,1758,0
5392,5349,1681,0
5807,4511,1973,0
6127,4203,2032,0
1658,5173,5815,0
5981,1454,5318,0
5910,1484,5348,0
1866,5778,4884,0
2713,5650,3610,0
2737,5325,3728,0
3184,5463,3261,0
5520,5646,1559,0
6656,1432,4978,0
2856,6530,3252,0
5109,1895,4911,0
3659,2621,5114,0
4923,1921,5030,0
2375,4070,5436,0
2427,4204,5171,0
3409,2702,5436,0
3077,2914,5736,0
2996,3048,5641,0
3208,3336,4865,0
3128,3447,4811,0
2058,5991,4341,0
5563,1938,4523,0
4395,6826,1779,0
4387,6534,1789,0
5105,6825,1339,0
4936,7016,1338,0
5507,6311,1226,0
6355,6920,845,0
1851,5900,4727,0
1949,5534,4896,0
5136,1764,5376,0
1910,4300,6343,0
1897,5088,5415,0
1806,5258,5458,0
2559,3404,5888,0
5835,4986,1689,0
6462,3460,2432,0
5628,1753,4926,0
5395,1693,5136,0
5507,1569,5251,0
5324,1723,5166,0
5436,1599,5281,0
2037,5649,4414,0
2135,5283,4583,0
1714,6348,4681,0
1941,4692,5656,0
2758,5343,3706,0
3685,2358,5549,0
3489,2591,5490,0
3533,2619,5483,0
2916,3159,5587,0
1663,5273,5807,0
1624,5692,5367,0
1587,6365,5014,0
1755,5885,4995,0
1871,6499,4484,0
3459,2502,6121,0
3335,2585,6074,0
5671,6725,1044,0
2239,3849,6187,0
5830,5089,1682,0
5925,1517,5271,0
2099,5212,4681,0
1685,5261,5773,0
2681,3590,5497,0
2067,5459,4621,0
1808,5759,4930,0
1582,5774,5470,0
5706,1616,5103,0
4632,6289,1731,0
2845,2920,6310,0
2774,3080,6208,0
2844,3076,6084,0
2637,3484,5640,0
2769,3273,5976,0
5720,5701,1406,0
6307,5158,1531,0
5680,5520,1488,0
1960,4330,6228,0
1550,6110,5114,0
1834,6244,4584,0
2815,6336,3339,0
1794,5700,5032,0
2206,4904,4807,0
2356,4364,5069,0
2267,5007,4735,0
1373,6237,5482,0
1405,6038,5550,0
1605,5271,6026,0
1657,6371,4952,0
4576,1900,5600,0
4771,1892,5382,0
2969,2837,6357,0
2569,3297,6066,0
6795,6755,822,0
1781,5495,5220,0
1711,5924,5012,0
5174,5212,1896,0
2308,4649,4941,0
1443,5808,5690,0
2496,6426,3588,0
2528,6227,3656,0
1415,5338,6648,0
4647,1870,5570,0
5377,1713,5200,0
5746,6250,1137,0
5716,6322,1112,0
2693,3214,6113,0
2854,2969,6262,0
1773,5487,5279,0
1843,5058,5487,0
1491,6516,4955,0
1561,6087,5163,0
2978,2886,6309,0
1431,6637,5276,0
2258,4730,4900,0
2381,3659,6259,0
1621,6324,5050,0
1455,6493,5129,0
1856,5263,5299,0
1813,4733,6069,0
1604,5277,6054,0
4378,1971,6172,0
