obj0,obj1,obj2,obj3,cpu
31393,27790,21676,29585,0.471196
27476,26324,21835,26445,0.55751
21206,29836,25882,14485,0.577583
21336,30174,23890,15784,0.588937
22442,27007,25240,13954,0.603016
22572,27345,23248,15253,0.617222
26517,29319,20607,26637,0.72724
27448,25816,24317,18201,0.797564
16442,27244,25541,22530,0.816202
17074,27756,27663,17286,0.825813
22123,31855,20994,27478,0.82839
16572,27582,23549,23829,0.83251
17204,28094,25671,18585,0.842363
22470,27515,22758,22198,0.84438
20277,25565,24922,21033,0.848566
20909,26077,27044,15789,0.85835
22600,27853,20766,23497,0.860664
20407,25903,22930,22332,0.865054
21039,26415,25052,17088,0.873731
29500,32639,20475,26979,0.918881
25283,24374,23999,25280,0.963516
25915,24886,26121,20036,0.969069
19555,30902,23417,24171,1.01168
20187,31414,25539,18927,1.02424
25425,30327,25108,14296,1.03505
25583,31173,20634,23839,1.04694
25555,30665,23116,15595,1.05728
26013,24879,23914,25820,1.0824
26159,24980,23897,25928,1.08501
28042,26734,23993,20901,1.08553
28075,26785,23975,21051,1.08699
18616,28996,23311,25341,1.1074
18762,29097,23294,25449,1.1088
22194,31500,23422,19684,1.11213
22227,31551,23404,19834,1.11425
17930,29216,25275,21885,1.11832
17963,29267,25257,22035,1.12064
21153,26171,24820,21681,1.12782
21299,26272,24803,21789,1.1294
21137,26408,22845,22872,1.14227
21283,26509,22828,22980,1.145
23166,28263,22924,17953,1.14905
23199,28314,22906,18103,1.15049
25984,31328,22882,17545,1.15107
26017,31379,22864,17695,1.15381
21534,27180,24782,19338,1.15534
21567,27231,24764,19488,1.15821
25429,24475,23982,25388,1.17691
25575,24576,23965,25496,1.17918
26597,25283,23846,26252,1.17973
26743,25384,23829,26360,1.18222
27646,26122,24209,19101,1.18284
27679,26173,24191,19251,1.18466
26080,25141,26031,20786,1.18742
26113,25192,26013,20936,1.19009
17902,28254,25371,23610,1.19802
18048,28355,25354,23718,1.19894
17156,27986,23481,24261,1.20972
17302,28087,23464,24369,1.21114
20076,30006,23141,26421,1.21174
20222,30107,23124,26529,1.21346
19847,31104,23383,24387,1.21456
19993,31205,23366,24495,1.21734
21600,30582,23746,16984,1.21788
21633,30633,23728,17134,1.2194
17468,28502,25527,19785,1.22539
17501,28553,25509,19935,1.22723
20319,31618,25467,19527,1.23142
20352,31669,25449,19677,1.23602
20569,25767,24888,21249,1.23714
20715,25868,24871,21357,1.23871
21883,26676,24735,22221,1.23936
21140,26434,26918,16839,1.24518
21173,26485,26900,16989,1.24742
20553,26004,22913,22440,1.24862
20699,26105,22896,22548,1.2507
21721,26812,22777,23304,1.25136
21867,26913,22760,23412,1.2545
22770,27651,23140,16153,1.26278
22803,27702,23122,16303,1.26461
23595,28926,22690,19903,1.26516
23628,28977,22672,20053,1.26655
25654,30818,23062,16045,1.26713
25687,30869,23044,16195,1.26923
26347,31889,22684,19195,1.27022
26380,31940,22666,19345,1.27286
21204,26670,24962,17838,1.27458
21237,26721,24944,17988,1.27764
21864,27690,24602,20838,1.27848
21897,27741,24584,20988,1.28184
25721,24677,23948,25604,1.30807
26305,25081,23880,26036,1.31179
27035,25586,23795,26576,1.31245
27181,25687,23778,26684,1.31588
27514,25918,24281,18501,1.31649
27547,25969,24263,18651,1.3179
27778,26326,24137,19701,1.31847
27811,26377,24119,19851,1.31994
28207,26989,23903,21651,1.32056
28240,27040,23885,21801,1.32226
25948,24937,26103,20186,1.32333
25981,24988,26085,20336,1.32631
26212,25345,25959,21386,1.32714
26245,25396,25941,21536,1.33024
17172,27749,25456,23070,1.33443
17318,27850,25439,23178,1.33564
17305,28113,27537,18336,1.33886
17338,28164,27519,18486,1.34028
16718,27683,23532,23937,1.35055
16864,27784,23515,24045,1.35218
17740,28390,23413,24693,1.35275
17886,28491,23396,24801,1.35549
19200,29400,23243,25773,1.35608
19346,29501,23226,25881,1.35749
19701,31003,23400,24279,1.36219
20139,31306,23349,24603,1.36271
21402,30276,23854,16084,1.36591
21435,30327,23836,16234,1.36745
21798,30888,23638,17884,1.36807
21831,30939,23620,18034,1.3696
22392,31806,23314,20584,1.37027
22425,31857,23296,20734,1.37223
17303,28247,25617,19035,1.37311
17336,28298,25599,19185,1.37623
17666,28808,25419,20685,1.37702
17699,28859,25401,20835,1.37916
18161,29573,25149,22935,1.38006
18194,29624,25131,23085,1.38218
20220,31465,25521,19077,1.38645
20253,31516,25503,19227,1.38957
20451,31822,25395,20127,1.39041
20484,31873,25377,20277,1.39494
20423,25666,24905,21141,1.39749
20861,25969,24854,21465,1.39812
21007,26070,24837,21573,1.39962
21445,26373,24786,21897,1.40022
21591,26474,24769,22005,1.4017
22640,27313,25132,14854,1.40455
22673,27364,25114,15004,1.40532
25491,30429,25072,14596,1.4058
25524,30480,25054,14746,1.4073
20975,26179,27008,16089,1.40811
21008,26230,26990,16239,1.41021
20845,26206,22879,22656,1.42036
21429,26610,22811,23088,1.42311
22159,27115,22726,23628,1.42416
22305,27216,22709,23736,1.42629
22638,27447,23212,15553,1.4337
22671,27498,23194,15703,1.4361
22902,27855,23068,16753,1.43664
22935,27906,23050,16903,1.43809
23331,28518,22834,18703,1.43861
23364,28569,22816,18853,1.44003
23859,29334,22546,21103,1.44054
23892,29385,22528,21253,1.44199
25588,30716,23098,15745,1.44495
25753,30971,23008,16495,1.44594
25786,31022,22990,16645,1.44867
26083,31481,22828,17995,1.44981
26116,31532,22810,18145,1.45255
26611,32297,22540,20395,1.45337
26644,32348,22522,20545,1.45584
21072,26466,25034,17238,1.45666
21105,26517,25016,17388,1.45932
21336,26874,24890,18438,1.46015
21369,26925,24872,18588,1.46276
21666,27384,24710,19938,1.46402
21699,27435,24692,20088,1.46676
22095,28047,24476,21888,1.46765
22128,28098,24458,22038,1.47024
25867,24778,23931,25712,1.4883
26451,25182,23863,26144,1.49139
26889,25485,23812,26468,1.4953
27327,25788,23761,26792,1.49587
27473,25889,23744,26900,1.49879
27481,25867,24299,18351,1.50086
27580,26020,24245,18801,1.50152
27613,26071,24227,18951,1.50336
27712,26224,24173,19401,1.50409
27745,26275,24155,19551,1.5055
27877,26479,24083,20151,1.50612
27910,26530,24065,20301,1.50757
28108,26836,23957,21201,1.50822
28141,26887,23939,21351,1.50968
28306,27142,23849,22101,1.51033
28339,27193,23831,22251,1.51219
26014,25039,26067,20486,1.5174
26047,25090,26049,20636,1.52021
26146,25243,25995,21086,1.52122
26179,25294,25977,21236,1.52431
26278,25447,25923,21686,1.52521
26311,25498,25905,21836,1.5278
16734,27446,25507,22746,1.52854
16880,27547,25490,22854,1.52946
17610,28052,25405,23394,1.53008
17756,28153,25388,23502,1.53099
21338,30040,25810,15085,1.53283
21371,30091,25792,15235,1.5345
17173,27909,27609,17736,1.53587
17206,27960,27591,17886,1.53728
17010,27885,23498,24153,1.55926
17448,28188,23447,24477,1.5598
17594,28289,23430,24585,1.56139
18032,28592,23379,24909,1.56217
18178,28693,23362,25017,1.564
18908,29198,23277,25557,1.5647
19054,29299,23260,25665,1.56671
19492,29602,23209,25989,1.56747
19638,29703,23192,26097,1.56899
21369,30225,23872,15934,1.58387
21468,30378,23818,16384,1.58461
21501,30429,23800,16534,1.58621
21666,30684,23710,17284,1.58677
21699,30735,23692,17434,1.58823
21930,31092,23566,18484,1.58879
21963,31143,23548,18634,1.59033
22260,31602,23386,19984,1.59093
22293,31653,23368,20134,1.59256
22524,32010,23242,21184,1.59346
22557,32061,23224,21334,1.59581
17237,28145,25653,18735,1.5967
17270,28196,25635,18885,1.59872
17369,28349,25581,19335,1.5996
17402,28400,25563,19485,1.60163
17567,28655,25473,20235,1.60257
17600,28706,25455,20385,1.60488
17765,28961,25365,21135,1.60572
17798,29012,25347,21285,1.60762
18029,29369,25221,22335,1.60846
18062,29420,25203,22485,1.61038
18260,29726,25095,23385,1.61127
18293,29777,25077,23535,1.61367
20286,31567,25485,19377,1.62645
20385,31720,25431,19827,1.63057
20550,31975,25341,20577,1.63163
20583,32026,25323,20727,1.63665
21737,26575,24752,22113,1.64639
22541,27160,25186,14404,1.64872
22574,27211,25168,14554,1.64957
25458,30378,25090,14446,1.65274
25557,30531,25036,14896,1.65401
25590,30582,25018,15046,1.65628
20942,26128,27026,15939,1.65908
21041,26281,26972,16389,1.65994
21074,26332,26954,16539,1.66237
20991,26307,22862,22764,1.67304
21575,26711,22794,23196,1.67728
22013,27014,22743,23520,1.67988
22451,27317,22692,23844,1.68052
22597,27418,22675,23952,1.68283
22605,27396,23230,15403,1.68848
22704,27549,23176,15853,1.68915
22737,27600,23158,16003,1.69057
22836,27753,23104,16453,1.69127
22869,27804,23086,16603,1.69267
23001,28008,23014,17203,1.69397
23034,28059,22996,17353,1.6964
23232,28365,22888,18253,1.69703
23265,28416,22870,18403,1.69853
23430,28671,22780,19153,1.69919
23463,28722,22762,19303,1.70059
23694,29079,22636,20353,1.70126
23727,29130,22618,20503,1.70278
24057,29640,22438,22003,1.70405
24090,29691,22420,22153,1.70559
25621,30767,23080,15895,1.70847
25720,30920,23026,16345,1.71118
25819,31073,22972,16795,1.71195
25852,31124,22954,16945,1.71542
26050,31430,22846,17845,1.71797
26149,31583,22792,18295,1.71868
26182,31634,22774,18445,1.72081
26413,31991,22648,19495,1.72135
26446,32042,22630,19645,1.72415
26809,32603,22432,21295,1.72469
26842,32654,22414,21445,1.72672
21138,26568,24998,17538,1.73036
21171,26619,24980,17688,1.73296
21270,26772,24926,18138,1.73493
21303,26823,24908,18288,1.73787
21402,26976,24854,18738,1.73872
21435,27027,24836,18888,1.74165
21600,27282,24746,19638,1.74298
21633,27333,24728,19788,1.74685
21732,27486,24674,20238,1.74889
21765,27537,24656,20388,1.75249
21963,27843,24548,21288,1.7542
21996,27894,24530,21438,1.75781
27844,26428,24101,20001,1.80774
27943,26581,24047,20451,1.8084
27976,26632,24029,20601,1.80987
28174,26938,23921,21501,1.81453
28273,27091,23867,21951,1.81717
27078,25437,26113,19766,1.82081
27191,25487,26114,19724,1.82231
26344,25549,25887,21986,1.84018
16588,27345,25524,22638,1.84387
17026,27648,25473,22962,1.84511
17464,27951,25422,23286,1.84628
21272,29938,25846,14785,1.84946
21305,29989,25828,14935,1.85036
21437,30193,25756,15535,1.8509
21470,30244,25738,15685,1.85171
17107,27807,27645,17436,1.85269
17140,27858,27627,17586,1.85535
17239,28011,27573,18036,1.85643
17272,28062,27555,18186,1.85774
18324,28794,23345,25125,1.8875
18470,28895,23328,25233,1.88901
19784,29804,23175,26205,1.89608
19930,29905,23158,26313,1.89751
21534,30480,23782,16684,1.90837
21567,30531,23764,16834,1.90988
21732,30786,23674,17584,1.9123
21765,30837,23656,17734,1.91497
21864,30990,23602,18184,1.91594
21897,31041,23584,18334,1.91754
22029,31245,23512,18934,1.91824
22062,31296,23494,19084,1.9198
22326,31704,23350,20284,1.92237
22359,31755,23332,20434,1.92439
22458,31908,23278,20884,1.92512
22491,31959,23260,21034,1.9266
22623,32163,23188,21634,1.92722
22656,32214,23170,21784,1.92867
17435,28451,25545,19635,1.93921
17534,28604,25491,20085,1.9417
17633,28757,25437,20535,1.94505
17732,28910,25383,20985,1.94835
17831,29063,25329,21435,1.94971
17864,29114,25311,21585,1.95228
17996,29318,25239,22185,1.956
18095,29471,25185,22635,1.95713
18128,29522,25167,22785,1.95922
18227,29675,25113,23235,1.96198
18326,29828,25059,23685,1.963
20418,31771,25413,19977,1.98578
20517,31924,25359,20427,1.98972
20616,32077,25305,20877,1.99088
20649,32128,25287,21027,1.99569
22475,27058,25222,14104,2.00276
22508,27109,25204,14254,2.0041
22607,27262,25150,14704,2.00465
22706,27415,25096,15154,2.00589
21107,26383,26936,16689,2.02551
22743,27519,22658,24060,2.06575
22889,27620,22641,24168,2.06803
22968,27957,23032,17053,2.08041
23067,28110,22978,17503,2.08159
23100,28161,22960,17653,2.08373
23298,28467,22852,18553,2.08749
23397,28620,22798,19003,2.08941
23496,28773,22744,19453,2.0901
23529,28824,22726,19603,2.09154
23661,29028,22654,20203,2.09449
23760,29181,22600,20653,2.09561
23793,29232,22582,20803,2.09728
23925,29436,22510,21403,2.09799
23958,29487,22492,21553,2.09945
24189,29844,22366,22603,2.10017
24222,29895,22348,22753,2.10162
25885,31175,22936,17095,2.11975
25918,31226,22918,17245,2.12214
26215,31685,22756,18595,2.13086
26248,31736,22738,18745,2.13318
26479,32093,22612,19795,2.13788
26512,32144,22594,19945,2.14015
26677,32399,22504,20695,2.14079
26710,32450,22486,20845,2.14342
26974,32858,22342,22045,2.14433
27007,32909,22324,22195,2.14662
22202,26966,25044,16818,2.14822
22315,27016,25045,16776,2.14969
21468,27078,24818,19038,2.16659
21501,27129,24800,19188,2.16919
21798,27588,24638,20538,2.18006
21831,27639,24620,20688,2.18272
21930,27792,24566,21138,2.18641
22029,27945,24512,21588,2.18732
22062,27996,24494,21738,2.19001
22161,28149,24440,22188,2.19103
24814,25158,24783,25882,2.19822
24747,25270,24895,25968,2.19988
28009,26683,24011,20751,2.25377
27045,25386,26131,19616,2.26946
27158,25436,26132,19574,2.27112
26513,25187,26108,19976,2.27288
26626,25237,26109,19934,2.27559
27643,25687,26118,19556,2.27704
27756,25737,26119,19514,2.2786
27111,25488,26095,19916,2.28062
27224,25538,26096,19874,2.28226
27144,25539,26077,20066,2.28389
27257,25589,26078,20024,2.28537
27177,25590,26059,20216,2.28661
27290,25640,26060,20174,2.28863
27210,25641,26041,20366,2.2901
27323,25691,26042,20324,2.29181
27243,25692,26023,20516,2.29374
27356,25742,26024,20474,2.29614
27276,25743,26005,20666,2.29741
27389,25793,26006,20624,2.29886
27309,25794,25987,20816,2.30008
27422,25844,25988,20774,2.3017
27342,25845,25969,20966,2.30324
21239,29887,25864,14635,2.31911
21404,30142,25774,15385,2.32149
22497,32757,22182,27401,2.35859
22531,32839,22290,27394,2.35942
21996,31194,23530,18784,2.42288
22095,31347,23476,19234,2.42415
22128,31398,23458,19384,2.42578
22590,32112,23206,21484,2.43962
22689,32265,23152,21934,2.44031
22722,32316,23134,22084,2.44192
20401,29545,25681,17559,2.44404
20514,29595,25682,17517,2.4451
20434,29596,25663,17709,2.44697
20547,29646,25664,17667,2.44879
20467,29647,25645,17859,2.4503
20580,29697,25646,17817,2.4513
20500,29698,25627,18009,2.45265
20613,29748,25628,17967,2.45431
20533,29749,25609,18159,2.45561
20646,29799,25610,18117,2.45646
20566,29800,25591,18309,2.45763
20679,29850,25592,18267,2.4585
20665,29953,25537,18759,2.46206
20764,30106,25483,19209,2.46715
17897,29165,25293,21735,2.48066
19540,26797,26154,21979,2.54984
19473,26909,26266,22065,2.55073
21587,26377,27050,15537,2.58652
21700,26427,27051,15495,2.58799
21620,26428,27032,15687,2.58852
21733,26478,27033,15645,2.59
21653,26479,27014,15837,2.59053
21766,26529,27015,15795,2.59204
21686,26530,26996,15987,2.59267
21799,26580,26997,15945,2.59542
21719,26581,26978,16137,2.59615
21832,26631,26979,16095,2.5976
21752,26632,26960,16287,2.59825
21865,26682,26961,16245,2.5997
21851,26785,26906,16737,2.60308
21964,26835,26907,16695,2.60504
19938,26687,23714,22934,2.6268
19871,26799,23826,23020,2.62859
23035,27721,22624,24276,2.65811
23133,28212,22942,17803,2.69013
23562,28875,22708,19753,2.70771
23826,29283,22564,20953,2.71672
23991,29538,22474,21703,2.71922
24024,29589,22456,21853,2.72074
24123,29742,22402,22303,2.72146
24156,29793,22384,22453,2.72327
24255,29946,22330,22903,2.72422
24288,29997,22312,23053,2.7258
25951,31277,22900,17395,2.75086
26281,31787,22720,18895,2.77166
26545,32195,22576,20095,2.78729
26743,32501,22468,20995,2.79389
26875,32705,22396,21595,2.79551
26908,32756,22378,21745,2.79822
27073,33011,22288,22495,2.79903
27106,33062,22270,22645,2.80189
22169,26915,25062,16668,2.80395
22282,26965,25063,16626,2.8061
21637,26716,25039,17028,2.80834
21750,26766,25040,16986,2.81123
22767,27216,25049,16608,2.81293
22880,27266,25050,16566,2.81544
22235,27017,25026,16968,2.81693
22348,27067,25027,16926,2.81853
22268,27068,25008,17118,2.81991
22381,27118,25009,17076,2.82163
22301,27119,24990,17268,2.82343
22414,27169,24991,17226,2.82511
22334,27170,24972,17418,2.8265
22447,27220,24973,17376,2.82803
22367,27221,24954,17568,2.82966
22480,27271,24955,17526,2.83135
22400,27272,24936,17718,2.83279
22513,27322,24937,17676,2.83567
22433,27323,24918,17868,2.83709
22546,27373,24919,17826,2.83863
22466,27374,24900,18018,2.84002
22499,27425,24882,18168,2.84271
22532,27476,24864,18318,2.84582
25149,24598,24223,25452,2.90084
25082,24710,24335,25538,2.90239
26480,25136,26126,19826,2.9744
26593,25186,26127,19784,2.9764
27610,25636,26136,19406,2.97765
27723,25686,26137,19364,2.97923
26174,25037,26105,20102,2.98049
26287,25087,26106,20060,2.98204
26852,25337,26111,19850,2.98348
26965,25387,26112,19808,2.9852
27417,25587,26116,19640,2.98652
27530,25637,26117,19598,2.98807
26546,25238,26090,20126,2.99176
26659,25288,26091,20084,2.99403
27676,25738,26100,19706,2.99623
27789,25788,26101,19664,2.99805
26579,25289,26072,20276,2.99944
26692,25339,26073,20234,3.00097
27709,25789,26082,19856,3.00228
26612,25340,26054,20426,3.00517
26725,25390,26055,20384,3.0067
26645,25391,26036,20576,3.01087
26758,25441,26037,20534,3.01248
26678,25442,26018,20726,3.01776
26791,25492,26019,20684,3.01936
26711,25493,26000,20876,3.02361
26824,25543,26001,20834,3.02529
26744,25544,25982,21026,3.02923
26857,25594,25983,20984,3.03072
19480,28857,27666,16554,3.05672
19593,28907,27667,16512,3.05771
19513,28908,27648,16704,3.05838
19626,28958,27649,16662,3.05935
19546,28959,27630,16854,3.06011
19659,29009,27631,16812,3.061
19579,29010,27612,17004,3.06159
19692,29060,27613,16962,3.06253
19612,29061,27594,17154,3.06356
19725,29111,27595,17112,3.06457
19645,29112,27576,17304,3.06537
19758,29162,27577,17262,3.06635
19678,29163,27558,17454,3.06709
19791,29213,27559,17412,3.06797
19711,29214,27540,17604,3.06856
19824,29264,27541,17562,3.06953
22293,32265,21534,27443,3.10474
22327,32347,21642,27436,3.10573
22161,31449,23440,19534,3.20632
20368,29494,25699,17409,3.23378
20481,29544,25700,17367,3.23572
19271,29045,25671,17979,3.2373
19384,29095,25672,17937,3.23845
19304,29096,25653,18129,3.24179
19417,29146,25654,18087,3.24282
19337,29147,25635,18279,3.24661
19450,29197,25636,18237,3.24788
19370,29198,25617,18429,3.25209
19483,29248,25618,18387,3.2536
19403,29249,25599,18579,3.25791
19516,29299,25600,18537,3.25887
19436,29300,25581,18729,3.2625
19549,29350,25582,18687,3.26377
20599,29851,25573,18459,3.26717
20712,29901,25574,18417,3.26809
20632,29902,25555,18609,3.26933
20745,29952,25556,18567,3.27021
19535,29453,25527,19179,3.27144
19648,29503,25528,19137,3.27251
20698,30004,25519,18909,3.27749
20731,30055,25501,19059,3.27979
19634,29606,25473,19629,3.28279
19747,29656,25474,19587,3.28411
20797,30157,25465,19359,3.28764
20830,30208,25447,19509,3.28995
19733,29759,25419,20079,3.29267
19846,29809,25420,20037,3.2946
19997,30167,25275,21279,3.31173
20110,30217,25276,21237,3.31264
19942,26125,25482,21463,3.41164
19875,26237,25594,21549,3.41264
19138,27469,26826,22495,3.41408
21135,26177,27046,15705,3.43836
21248,26227,27047,15663,3.44
22152,26627,27055,15327,3.44063
22265,26677,27056,15285,3.44207
21168,26228,27028,15855,3.44301
21281,26278,27029,15813,3.44495
22185,26678,27037,15477,3.4458
22298,26728,27038,15435,3.4483
21201,26279,27010,16005,3.44957
21314,26329,27011,15963,3.4514
22218,26729,27019,15627,3.45209
22331,26779,27020,15585,3.45426
21234,26330,26992,16155,3.45521
21347,26380,26993,16113,3.45693
22251,26780,27001,15777,3.45751
22364,26830,27002,15735,3.4598
21267,26381,26974,16305,3.46053
21380,26431,26975,16263,3.46216
22284,26831,26983,15927,3.46288
22397,26881,26984,15885,3.46495
21300,26432,26956,16455,3.46568
21413,26482,26957,16413,3.46732
22317,26882,26965,16077,3.46806
22430,26932,26966,16035,3.4699
21785,26683,26942,16437,3.47079
21898,26733,26943,16395,3.47229
21818,26734,26924,16587,3.47334
21931,26784,26925,16545,3.47595
21399,26585,26902,16905,3.47668
21512,26635,26903,16863,3.47818
22416,27035,26911,16527,3.4788
22974,28755,21954,23420,3.50364
23008,28837,22062,23413,3.50514
20273,26127,23154,22504,3.51242
20206,26239,23266,22590,3.5154
19536,27359,24386,23450,3.51642
19469,27471,24498,23536,3.51812
23181,27822,22607,24384,3.56464
24321,30048,22294,23203,3.63518
24354,30099,22276,23353,3.63723
26314,31838,22702,19045,3.66863
26578,32246,22558,20245,3.68359
26776,32552,22450,21145,3.6975
26941,32807,22360,21895,3.70355
27040,32960,22306,22345,3.70662
27172,33164,22234,22945,3.70769
27205,33215,22216,23095,3.71036
21604,26665,25057,16878,3.71183
21717,26715,25058,16836,3.71437
22734,27165,25067,16458,3.71602
22847,27215,25068,16416,3.71772
21298,26566,25036,17154,3.71936
21411,26616,25037,17112,3.72107
21976,26866,25042,16902,3.72258
22089,26916,25043,16860,3.72465
22541,27116,25047,16692,3.72613
22654,27166,25048,16650,3.72771
21670,26767,25021,17178,3.73211
21783,26817,25022,17136,3.73439
22800,27267,25031,16758,3.73609
22913,27317,25032,16716,3.73775
21703,26818,25003,17328,3.73926
21816,26868,25004,17286,3.74086
22833,27318,25013,16908,3.74235
21736,26869,24985,17478,3.74548
21849,26919,24986,17436,3.74716
21769,26920,24967,17628,3.75155
21882,26970,24968,17586,3.75371
21802,26971,24949,17778,3.75859
21915,27021,24950,17736,3.76045
21835,27022,24931,17928,3.76519
21948,27072,24932,17886,3.76668
21868,27073,24913,18078,3.77094
21981,27123,24914,18036,3.77257
21901,27124,24895,18228,3.77886
22014,27174,24896,18186,3.78109
21934,27175,24877,18378,3.78553
22047,27225,24878,18336,3.78707
21967,27226,24859,18528,3.78839
22080,27276,24860,18486,3.79004
22565,27527,24846,18468,3.7918
22132,27481,24769,19278,3.80473
22245,27531,24770,19236,3.80627
22165,27532,24751,19428,3.80749
22278,27582,24752,19386,3.80914
22198,27583,24733,19578,3.8107
22311,27633,24734,19536,3.81237
22231,27634,24715,19728,3.81483
22344,27684,24716,19686,3.81668
22264,27685,24697,19878,3.81833
22377,27735,24698,19836,3.81997
22297,27736,24679,20028,3.8215
22410,27786,24680,19986,3.82372
22462,27991,24589,20778,3.83754
25216,24486,24111,25366,3.87113
25015,24822,24447,25624,3.87191
24948,24934,24559,25710,3.8751
24680,25382,25007,26054,3.87654
24613,25494,25119,26140,3.87848
26141,24986,26123,19952,3.92578
26254,25036,26124,19910,3.92752
26819,25286,26129,19700,3.92881
26932,25336,26130,19658,3.9306
27384,25536,26134,19490,3.93213
27497,25586,26135,19448,3.93484
27949,25786,26139,19280,3.93646
26061,24987,26104,20144,3.9395
26400,25137,26107,20018,3.94219
26739,25287,26110,19892,3.94569
27304,25537,26115,19682,3.95307
27869,25787,26120,19472,3.95909
26207,25088,26087,20252,3.96195
26320,25138,26088,20210,3.9639
26885,25388,26093,20000,3.96513
26998,25438,26094,19958,3.96676
27450,25638,26098,19790,3.96819
27563,25688,26099,19748,3.96989
26240,25139,26069,20402,3.97545
26353,25189,26070,20360,3.97718
26918,25439,26075,20150,3.97859
27031,25489,26076,20108,3.9804
27483,25689,26080,19940,3.98176
27596,25739,26081,19898,3.98413
26273,25190,26051,20552,3.98564
26386,25240,26052,20510,3.98749
26951,25490,26057,20300,3.98891
27064,25540,26058,20258,3.99071
27516,25740,26062,20090,3.99206
27629,25790,26063,20048,3.99532
26306,25241,26033,20702,3.99703
26419,25291,26034,20660,3.99867
26984,25541,26039,20450,4.00044
27097,25591,26040,20408,4.00231
27549,25791,26044,20240,4.0041
26339,25292,26015,20852,4.00695
26452,25342,26016,20810,4.00847
27017,25592,26021,20600,4.01031
27130,25642,26022,20558,4.01227
26372,25343,25997,21002,4.01781
26485,25393,25998,20960,4.01945
27050,25643,26003,20750,4.02082
27163,25693,26004,20708,4.02261
26405,25394,25979,21152,4.02715
26518,25444,25980,21110,4.02871
27083,25694,25985,20900,4.03039
27196,25744,25986,20858,4.03223
26438,25445,25961,21302,4.03777
26551,25495,25962,21260,4.03937
27229,25795,25968,21008,4.04253
26471,25496,25943,21452,4.04724
26584,25546,25944,21410,4.04886
26504,25547,25925,21602,4.05022
19447,28806,27684,16404,4.05913
19560,28856,27685,16362,4.06014
18237,28307,27655,17016,4.06097
18350,28357,27656,16974,4.06196
18270,28358,27637,17166,4.065
18383,28408,27638,17124,4.06599
18303,28409,27619,17316,4.06847
18416,28459,27620,17274,4.06941
18336,28460,27601,17466,4.07208
18449,28510,27602,17424,4.07354
18369,28511,27583,17616,4.07705
18482,28561,27584,17574,4.07802
18402,28562,27565,17766,4.08021
18515,28612,27566,17724,4.08136
18435,28613,27547,17916,4.08447
18548,28663,27548,17874,4.08556
18468,28664,27529,18066,4.08766
18581,28714,27530,18024,4.08876
22191,32019,21210,27464,4.13141
22225,32101,21318,27457,4.13233
22395,32511,21858,27422,4.13369
22429,32593,21966,27415,4.13562
22599,33003,22506,27380,4.13638
19238,28994,25689,17829,4.21524
19351,29044,25690,17787,4.21646
18593,28745,25665,18231,4.21999
18706,28795,25666,18189,4.22103
20062,29395,25678,17685,4.22232
20175,29445,25679,17643,4.2237
18626,28796,25647,18381,4.22723
18739,28846,25648,18339,4.22829
20095,29446,25660,17835,4.22963
20208,29496,25661,17793,4.2307
18659,28847,25629,18531,4.23532
18772,28897,25630,18489,4.2365
20128,29497,25642,17985,4.23774
20241,29547,25643,17943,4.23878
18692,28898,25611,18681,4.24226
18805,28948,25612,18639,4.24366
20161,29548,25624,18135,4.24528
20274,29598,25625,18093,4.24644
18725,28949,25593,18831,4.25023
18838,28999,25594,18789,4.25151
20194,29599,25606,18285,4.25293
20307,29649,25607,18243,4.25518
18758,29000,25575,18981,4.259
18871,29050,25576,18939,4.26017
20227,29650,25588,18435,4.26157
20340,29700,25589,18393,4.26316
19469,29351,25563,18879,4.26666
19582,29401,25564,18837,4.26766
19502,29402,25545,19029,4.27113
19615,29452,25546,18987,4.27217
18857,29153,25521,19431,4.27799
18970,29203,25522,19389,4.28004
20326,29803,25534,18885,4.28203
20439,29853,25535,18843,4.28351
19568,29504,25509,19329,4.28702
19681,29554,25510,19287,4.28805
19601,29555,25491,19479,4.29237
19714,29605,25492,19437,4.2941
18956,29306,25467,19881,4.29803
19069,29356,25468,19839,4.29906
20425,29956,25480,19335,4.30044
20538,30006,25481,19293,4.30145
19667,29657,25455,19779,4.30527
19780,29707,25456,19737,4.30629
19700,29708,25437,19929,4.30969
19813,29758,25438,19887,4.31072
19055,29459,25413,20331,4.31562
19168,29509,25414,20289,4.31673
20524,30109,25426,19785,4.31814
20637,30159,25427,19743,4.31915
19766,29810,25401,20229,4.32259
19879,29860,25402,20187,4.32404
19799,29861,25383,20379,4.32749
19912,29911,25384,20337,4.32844
19832,29912,25365,20529,4.32972
19945,29962,25366,20487,4.33084
19865,29963,25347,20679,4.33225
19978,30013,25348,20637,4.33389
19898,30014,25329,20829,4.33647
20011,30064,25330,20787,4.33761
19319,29867,25269,21531,4.34341
19432,29917,25270,21489,4.34454
20788,30517,25282,20985,4.34599
20901,30567,25283,20943,4.34704
20030,30218,25257,21429,4.34847
20063,30269,25239,21579,4.35089
20096,30320,25221,21729,4.35503
20129,30371,25203,21879,4.35785
19550,30224,25143,22581,4.36529
19663,30274,25144,22539,4.36637
20143,25789,25146,21205,4.43854
20076,25901,25258,21291,4.44007
19741,26461,25818,21721,4.44105
19674,26573,25930,21807,4.44215
19339,27133,26490,22237,4.44337
19272,27245,26602,22323,4.44458
21022,26127,27045,15747,4.47471
21361,26277,27048,15621,4.47574
21474,26327,27049,15579,4.47735
21813,26477,27052,15453,4.47803
21926,26527,27053,15411,4.47951
22491,26777,27058,15201,4.48029
22604,26827,27059,15159,4.48206
21055,26178,27027,15897,4.48451
21394,26328,27030,15771,4.48523
21507,26378,27031,15729,4.48679
21846,26528,27034,15603,4.48746
21959,26578,27035,15561,4.48912
22524,26828,27040,15351,4.4898
22637,26878,27041,15309,4.49161
21088,26229,27009,16047,4.49491
21427,26379,27012,15921,4.49586
21540,26429,27013,15879,4.49744
21879,26579,27016,15753,4.49823
21992,26629,27017,15711,4.50051
22557,26879,27022,15501,4.50128
22670,26929,27023,15459,4.50355
21121,26280,26991,16197,4.50579
21460,26430,26994,16071,4.50648
21573,26480,26995,16029,4.50802
21912,26630,26998,15903,4.50869
22025,26680,26999,15861,4.51069
22590,26930,27004,15651,4.51159
22703,26980,27005,15609,4.51438
21154,26331,26973,16347,4.51725
21493,26481,26976,16221,4.5179
21606,26531,26977,16179,4.51947
21945,26681,26980,16053,4.52009
22058,26731,26981,16011,4.52169
22623,26981,26986,15801,4.52252
21187,26382,26955,16497,4.5265
21526,26532,26958,16371,4.52716
21639,26582,26959,16329,4.52871
21978,26732,26962,16203,4.52944
22091,26782,26963,16161,4.531
21333,26483,26938,16605,4.53561
21446,26533,26939,16563,4.53728
22350,26933,26947,16227,4.53792
22463,26983,26948,16185,4.53967
21366,26534,26920,16755,4.54086
21479,26584,26921,16713,4.54271
22383,26984,26929,16377,4.54387
21286,26535,26901,16947,4.54757
21625,26685,26904,16821,4.54821
21738,26735,26905,16779,4.54975
22077,26885,26908,16653,4.55059
22190,26935,26909,16611,4.55249
22770,28263,21306,23462,4.57821
22804,28345,21414,23455,4.57933
23178,29247,22602,23378,4.5801
23212,29329,22710,23371,4.58115
20340,26015,23042,22418,4.58827
20139,26351,23378,22676,4.58909
20072,26463,23490,22762,4.5908
19804,26911,23938,23106,4.5917
19737,27023,24050,23192,4.59424
19268,27807,24834,23794,4.59569
27139,33113,22252,22795,4.77678
27238,33266,22198,23245,4.77784
27271,33317,22180,23395,4.78111
21265,26515,25054,17004,4.78271
21378,26565,25055,16962,4.78481
21943,26815,25060,16752,4.78622
22056,26865,25061,16710,4.78829
22508,27065,25065,16542,4.79002
22621,27115,25066,16500,4.79227
23073,27315,25070,16332,4.79479
21185,26516,25035,17196,4.79844
21524,26666,25038,17070,4.80096
21863,26816,25041,16944,4.80398
22428,27066,25046,16734,4.80936
22993,27316,25051,16524,4.8165
21331,26617,25018,17304,4.81965
21444,26667,25019,17262,4.82142
22009,26917,25024,17052,4.8228
22122,26967,25025,17010,4.8249
22574,27167,25029,16842,4.82653
22687,27217,25030,16800,4.8283
21364,26668,25000,17454,4.83301
21477,26718,25001,17412,4.83594
22042,26968,25006,17202,4.83754
22155,27018,25007,17160,4.83924
22607,27218,25011,16992,4.84074
22720,27268,25012,16950,4.84251
21397,26719,24982,17604,4.84462
21510,26769,24983,17562,4.84637
22075,27019,24988,17352,4.84766
22188,27069,24989,17310,4.84936
22640,27269,24993,17142,4.8508
22753,27319,24994,17100,4.8526
21430,26770,24964,17754,4.85567
21543,26820,24965,17712,4.85739
22108,27070,24970,17502,4.85865
22221,27120,24971,17460,4.86046
22673,27320,24975,17292,4.86191
21463,26821,24946,17904,4.86551
21576,26871,24947,17862,4.8671
22141,27121,24952,17652,4.86833
22254,27171,24953,17610,4.87014
21496,26872,24928,18054,4.87594
21609,26922,24929,18012,4.87767
22174,27172,24934,17802,4.87909
22287,27222,24935,17760,4.88079
21529,26923,24910,18204,4.88712
21642,26973,24911,18162,4.88896
22207,27223,24916,17952,4.89032
22320,27273,24917,17910,4.89222
21562,26974,24892,18354,4.89848
21675,27024,24893,18312,4.90014
22240,27274,24898,18102,4.90142
22353,27324,24899,18060,4.90372
21595,27025,24874,18504,4.90836
21708,27075,24875,18462,4.90994
22273,27325,24880,18252,4.9114
22386,27375,24881,18210,4.91377
21628,27076,24856,18654,4.91669
21741,27126,24857,18612,4.91845
22306,27376,24862,18402,4.92
22419,27426,24863,18360,4.92169
22000,27277,24841,18678,4.92373
22113,27327,24842,18636,4.92553
22033,27328,24823,18828,4.92693
22146,27378,24824,18786,4.92857
22066,27379,24805,18978,4.93007
22179,27429,24806,18936,4.93171
22099,27430,24787,19128,4.93396
22212,27480,24788,19086,4.93646
21793,27331,24766,19404,4.9381
21906,27381,24767,19362,4.93963
22471,27631,24772,19152,4.94123
21826,27382,24748,19554,4.9448
21939,27432,24749,19512,4.94719
22504,27682,24754,19302,4.94973
21859,27433,24730,19704,4.95415
21972,27483,24731,19662,4.95606
22537,27733,24736,19452,4.95808
21892,27484,24712,19854,4.96182
22005,27534,24713,19812,4.96428
22570,27784,24718,19602,4.966
21925,27535,24694,20004,4.9691
22038,27585,24695,19962,4.97064
21958,27586,24676,20154,4.97659
22071,27636,24677,20112,4.97828
22330,27787,24661,20178,4.98343
22443,27837,24662,20136,4.98592
22363,27838,24643,20328,4.98752
22476,27888,24644,20286,4.98912
22396,27889,24625,20478,4.99061
22509,27939,24626,20436,4.9923
22429,27940,24607,20628,4.99487
22542,27990,24608,20586,4.9969
22123,27841,24586,20904,4.99881
22236,27891,24587,20862,5.00055
22495,28042,24571,20928,5.00581
22528,28093,24553,21078,5.00959
22561,28144,24535,21228,5.01342
24881,25046,24671,25796,5.04448
26028,24936,26122,19994,5.11633
26367,25086,26125,19868,5.11912
26706,25236,26128,19742,5.122
27271,25486,26133,19532,5.12792
27836,25736,26138,19322,5.13407
26094,25038,26086,20294,5.17214
26433,25188,26089,20168,5.17646
26772,25338,26092,20042,5.17943
27337,25588,26097,19832,5.1853
26127,25089,26068,20444,5.19379
26466,25239,26071,20318,5.19752
26805,25389,26074,20192,5.20059
27370,25639,26079,19982,5.20736
26160,25140,26050,20594,5.21358
26499,25290,26053,20468,5.21752
26838,25440,26056,20342,5.22065
27403,25690,26061,20132,5.22676
26193,25191,26032,20744,5.2322
26532,25341,26035,20618,5.23671
26871,25491,26038,20492,5.23979
27436,25741,26043,20282,5.24594
26226,25242,26014,20894,5.24893
26565,25392,26017,20768,5.25254
26904,25542,26020,20642,5.25709
27469,25792,26025,20432,5.26399
26259,25293,25996,21044,5.26748
26598,25443,25999,20918,5.27022
26937,25593,26002,20792,5.27358
26292,25344,25978,21194,5.2854
26631,25494,25981,21068,5.28878
26970,25644,25984,20942,5.29236
26325,25395,25960,21344,5.30276
26664,25545,25963,21218,5.30797
26358,25446,25942,21494,5.32147
26391,25497,25924,21644,5.33126
18204,28256,27673,16866,5.34329
18317,28306,27674,16824,5.3453
20690,29356,27695,15942,5.34668
20803,29406,27696,15900,5.34809
17672,28057,27650,17226,5.3491
17785,28107,27651,17184,5.35031
18915,28607,27661,16764,5.35111
19028,28657,27662,16722,5.3524
20158,29157,27672,16302,5.35379
20271,29207,27673,16260,5.35586
17705,28108,27632,17376,5.35833
17818,28158,27633,17334,5.35954
18948,28658,27643,16914,5.36033
19061,28708,27644,16872,5.3617
20191,29208,27654,16452,5.36272
20304,29258,27655,16410,5.36447
17738,28159,27614,17526,5.36696
17851,28209,27615,17484,5.36806
18981,28709,27625,17064,5.36883
19094,28759,27626,17022,5.36997
20224,29259,27636,16602,5.37093
20337,29309,27637,16560,5.37228
17771,28210,27596,17676,5.3763
17884,28260,27597,17634,5.37785
19014,28760,27607,17214,5.37873
19127,28810,27608,17172,5.37998
20257,29310,27618,16752,5.38079
20370,29360,27619,16710,5.38211
17804,28261,27578,17826,5.38317
17917,28311,27579,17784,5.38464
19047,28811,27589,17364,5.38548
19160,28861,27590,17322,5.38677
20290,29361,27600,16902,5.3876
20403,29411,27601,16860,5.38874
17837,28312,27560,17976,5.38953
17950,28362,27561,17934,5.39072
19080,28862,27571,17514,5.39151
19193,28912,27572,17472,5.39297
20323,29412,27582,17052,5.39486
20436,29462,27583,17010,5.39663
17870,28363,27542,18126,5.39756
17983,28413,27543,18084,5.39864
19113,28913,27553,17664,5.3994
19226,28963,27554,17622,5.4006
20356,29463,27564,17202,5.40133
20469,29513,27565,17160,5.40254
17903,28414,27524,18276,5.40391
18016,28464,27525,18234,5.40522
19146,28964,27535,17814,5.406
19259,29014,27536,17772,5.40716
20389,29514,27546,17352,5.40791
20502,29564,27547,17310,5.40896
22157,31937,21102,27471,5.44084
22259,32183,21426,27450,5.44287
22361,32429,21750,27429,5.44547
22463,32675,22074,27408,5.44807
22565,32921,22398,27387,5.45036
18560,28694,25683,18081,5.50018
18673,28744,25684,18039,5.50171
20029,29344,25696,17535,5.50369
20142,29394,25697,17493,5.50493
18141,28545,25661,18399,5.50851
18254,28595,25662,18357,5.50971
19045,28945,25669,18063,5.51151
19158,28995,25670,18021,5.513
19836,29295,25676,17769,5.51589
19949,29345,25677,17727,5.51726
20288,29495,25680,17601,5.5188
18174,28596,25643,18549,5.52394
18287,28646,25644,18507,5.52536
19078,28996,25651,18213,5.52669
19191,29046,25652,18171,5.52794
19869,29346,25658,17919,5.52939
19982,29396,25659,17877,5.53056
20321,29546,25662,17751,5.53203
18207,28647,25625,18699,5.53847
18320,28697,25626,18657,5.5396
19111,29047,25633,18363,5.54135
19224,29097,25634,18321,5.54275
19902,29397,25640,18069,5.54475
20015,29447,25641,18027,5.54617
20354,29597,25644,17901,5.54757
18240,28698,25607,18849,5.55217
18353,28748,25608,18807,5.55429
19144,29098,25615,18513,5.55628
19257,29148,25616,18471,5.55767
19935,29448,25622,18219,5.55928
20048,29498,25623,18177,5.56051
20387,29648,25626,18051,5.56214
18273,28749,25589,18999,5.56714
18386,28799,25590,18957,5.56833
19177,29149,25597,18663,5.56963
19290,29199,25598,18621,5.57083
19968,29499,25604,18369,5.57247
20081,29549,25605,18327,5.57494
20420,29699,25608,18201,5.57695
18306,28800,25571,19149,5.58132
18419,28850,25572,19107,5.58258
19210,29200,25579,18813,5.58499
19323,29250,25580,18771,5.58641
20001,29550,25586,18519,5.58788
20114,29600,25587,18477,5.58904
20453,29750,25590,18351,5.59047
18791,29051,25557,19131,5.59678
18904,29101,25558,19089,5.59825
20260,29701,25570,18585,5.59958
20373,29751,25571,18543,5.60079
18824,29102,25539,19281,5.605
18937,29152,25540,19239,5.6062
20293,29752,25552,18735,5.60759
20406,29802,25553,18693,5.60866
18405,28953,25517,19599,5.61217
18518,29003,25518,19557,5.61463
19309,29353,25525,19263,5.61705
19422,29403,25526,19221,5.61828
20100,29703,25532,18969,5.61962
20213,29753,25533,18927,5.62082
20552,29903,25536,18801,5.62232
18890,29204,25503,19581,5.628
19003,29254,25504,19539,5.6293
20359,29854,25516,19035,5.63063
20472,29904,25517,18993,5.63184
18923,29255,25485,19731,5.63713
19036,29305,25486,19689,5.63847
20392,29905,25498,19185,5.63985
20505,29955,25499,19143,5.64094
18504,29106,25463,20049,5.64517
18617,29156,25464,20007,5.64647
19408,29506,25471,19713,5.64804
19521,29556,25472,19671,5.64924
20199,29856,25478,19419,5.6506
20312,29906,25479,19377,5.65196
20651,30056,25482,19251,5.6545
18989,29357,25449,20031,5.65968
19102,29407,25450,19989,5.66095
20458,30007,25462,19485,5.66257
20571,30057,25463,19443,5.66424
19022,29408,25431,20181,5.6683
19135,29458,25432,20139,5.66965
20491,30058,25444,19635,5.67097
20604,30108,25445,19593,5.6721
18603,29259,25409,20499,5.67703
18716,29309,25410,20457,5.67835
19507,29659,25417,20163,5.67991
19620,29709,25418,20121,5.6811
20298,30009,25424,19869,5.68255
20411,30059,25425,19827,5.68439
20750,30209,25428,19701,5.68595
19088,29510,25395,20481,5.69025
19201,29560,25396,20439,5.69145
20557,30160,25408,19935,5.6933
20670,30210,25409,19893,5.69595
19121,29561,25377,20631,5.69988
19234,29611,25378,20589,5.70117
20590,30211,25390,20085,5.70279
20703,30261,25391,20043,5.70442
19154,29612,25359,20781,5.706
19267,29662,25360,20739,5.7072
20623,30262,25372,20235,5.70863
20736,30312,25373,20193,5.71009
19187,29663,25341,20931,5.71216
19300,29713,25342,20889,5.7146
20656,30313,25354,20385,5.71678
20769,30363,25355,20343,5.71794
19220,29714,25323,21081,5.71943
19333,29764,25324,21039,5.72073
20689,30364,25336,20535,5.72222
20802,30414,25337,20493,5.72391
19931,30065,25311,20979,5.72557
20044,30115,25312,20937,5.72678
19964,30116,25293,21129,5.72813
20077,30166,25294,21087,5.72923
18867,29667,25265,21699,5.73068
18980,29717,25266,21657,5.73195
19771,30067,25273,21363,5.73439
19884,30117,25274,21321,5.73642
20675,30467,25281,21027,5.73899
19352,29918,25251,21681,5.74344
19465,29968,25252,21639,5.74503
19385,29969,25233,21831,5.74857
19498,30019,25234,21789,5.74983
19418,30020,25215,21981,5.75445
19531,30070,25216,21939,5.75645
19451,30071,25197,22131,5.76058
19564,30121,25198,22089,5.76196
19484,30122,25179,22281,5.76622
19597,30172,25180,22239,5.7676
19517,30173,25161,22431,5.7691
19630,30223,25162,22389,5.77034
19098,30024,25139,22749,5.7719
19211,30074,25140,22707,5.77418
20002,30424,25147,22413,5.77692
20115,30474,25148,22371,5.77826
19583,30275,25125,22731,5.78024
19696,30325,25126,22689,5.78202
19616,30326,25107,22881,5.78404
19729,30376,25108,22839,5.78545
19649,30377,25089,23031,5.78696
19762,30427,25090,22989,5.78806
19682,30428,25071,23181,5.78954
19795,30478,25072,23139,5.79061
20752,31664,25544,18717,5.80109
20559,31615,25524,18951,5.80536
20672,31665,25525,18909,5.80695
20592,31666,25506,19101,5.81188
20705,31716,25507,19059,5.81447
20691,31819,25452,19551,5.82836
20804,31869,25453,19509,5.83011
20210,25677,25034,21119,5.86593
20009,26013,25370,21377,5.86771
19808,26349,25706,21635,5.86917
19607,26685,26042,21893,5.8706
19406,27021,26378,22151,5.87219
19205,27357,26714,22409,5.87514
22039,26577,27054,15369,5.91602
22378,26727,27057,15243,5.91863
22717,26877,27060,15117,5.91966
22830,26927,27061,15075,5.92158
22072,26628,27036,15519,5.93223
22411,26778,27039,15393,5.93619
22750,26928,27042,15267,5.93763
22863,26978,27043,15225,5.93948
22105,26679,27018,15669,5.95236
22444,26829,27021,15543,5.95614
22783,26979,27024,15417,5.95736
22138,26730,27000,15819,5.96965
22477,26880,27003,15693,5.97218
22171,26781,26982,15969,5.98618
22510,26931,26985,15843,5.98862
22204,26832,26964,16119,5.99985
22543,26982,26967,15993,6.0025
21220,26433,26937,16647,6.00582
21559,26583,26940,16521,6.00671
21672,26633,26941,16479,6.00841
22011,26783,26944,16353,6.00965
22124,26833,26945,16311,6.0115
21253,26484,26919,16797,6.0176
21592,26634,26922,16671,6.01856
21705,26684,26923,16629,6.02023
22044,26834,26926,16503,6.0211
22157,26884,26927,16461,6.02337
22303,26985,26910,16569,6.0351
22668,28017,20982,23483,6.05734
22702,28099,21090,23476,6.05875
22872,28509,21630,23441,6.05968
22906,28591,21738,23434,6.06104
23076,29001,22278,23399,6.062
23110,29083,22386,23392,6.06364
20005,26575,23602,22848,6.07899
19670,27135,24162,23278,6.08206
19603,27247,24274,23364,6.08475
19402,27583,24610,23622,6.08623
19335,27695,24722,23708,6.08809
21152,26465,25053,17046,6.2894
21491,26615,25056,16920,6.29218
21830,26765,25059,16794,6.2963
22395,27015,25064,16584,6.30208
22960,27265,25069,16374,6.30807
21218,26567,25017,17346,6.35522
21557,26717,25020,17220,6.35848
21896,26867,25023,17094,6.3618
22461,27117,25028,16884,6.36817
21251,26618,24999,17496,6.37871
21590,26768,25002,17370,6.38199
21929,26918,25005,17244,6.38678
22494,27168,25010,17034,6.39385
21284,26669,24981,17646,6.40113
21623,26819,24984,17520,6.40496
21962,26969,24987,17394,6.4084
22527,27219,24992,17184,6.41567
21317,26720,24963,17796,6.42231
21656,26870,24966,17670,6.42586
21995,27020,24969,17544,6.42921
22560,27270,24974,17334,6.43632
21350,26771,24945,17946,6.44004
21689,26921,24948,17820,6.44309
22028,27071,24951,17694,6.44765
22593,27321,24956,17484,6.45554
21383,26822,24927,18096,6.45924
21722,26972,24930,17970,6.46233
22061,27122,24933,17844,6.46639
21416,26873,24909,18246,6.47646
21755,27023,24912,18120,6.48
22094,27173,24915,17994,6.48388
21449,26924,24891,18396,6.49271
21788,27074,24894,18270,6.49732
22127,27224,24897,18144,6.50068
21482,26975,24873,18546,6.51159
21821,27125,24876,18420,6.51634
22160,27275,24879,18294,6.51975
21515,27026,24855,18696,6.52613
21854,27176,24858,18570,6.52949
22193,27326,24861,18444,6.53295
21661,27127,24838,18804,6.53999
21774,27177,24839,18762,6.54195
22339,27427,24844,18552,6.54435
22452,27477,24845,18510,6.54647
21694,27178,24820,18954,6.54875
21807,27228,24821,18912,6.55063
22372,27478,24826,18702,6.55242
22485,27528,24827,18660,6.55619
21727,27229,24802,19104,6.55833
21840,27279,24803,19062,6.56014
22405,27529,24808,18852,6.562
22518,27579,24809,18810,6.56454
21760,27280,24784,19254,6.56647
21873,27330,24785,19212,6.56819
22438,27580,24790,19002,6.56999
22551,27630,24791,18960,6.572
21680,27281,24765,19446,6.57519
22019,27431,24768,19320,6.57901
22358,27581,24771,19194,6.58224
21713,27332,24747,19596,6.58624
22052,27482,24750,19470,6.5895
22391,27632,24753,19344,6.59419
21746,27383,24729,19746,6.59814
22085,27533,24732,19620,6.60119
22424,27683,24735,19494,6.60511
21779,27434,24711,19896,6.60836
22118,27584,24714,19770,6.61166
22457,27734,24717,19644,6.6166
21812,27485,24693,20046,6.61992
22151,27635,24696,19920,6.62356
22490,27785,24699,19794,6.62717
21845,27536,24675,20196,6.63073
22184,27686,24678,20070,6.63581
22523,27836,24681,19944,6.63955
21991,27637,24658,20304,6.64295
22104,27687,24659,20262,6.64531
22024,27688,24640,20454,6.64996
22137,27738,24641,20412,6.65172
22057,27739,24622,20604,6.6583
22170,27789,24623,20562,6.66025
22090,27790,24604,20754,6.66561
22203,27840,24605,20712,6.66758
22010,27791,24585,20946,6.67264
22349,27941,24588,20820,6.67775
22156,27892,24568,21054,6.6845
22269,27942,24569,21012,6.68652
22189,27943,24550,21204,6.68826
22302,27993,24551,21162,6.69022
22222,27994,24532,21354,6.69201
22335,28044,24533,21312,6.69536
22255,28045,24514,21504,6.69755
22368,28095,24515,21462,6.69937
22288,28096,24496,21654,6.70117
22401,28146,24497,21612,6.70351
22321,28147,24478,21804,6.7055
22434,28197,24479,21762,6.70731
22354,28198,24460,21954,6.70908
22467,28248,24461,21912,6.71084
22387,28249,24442,22104,6.71265
22500,28299,24443,22062,6.71597
27714,26898,22591,26396,6.72602
27748,26980,22699,26389,6.72733
26424,25548,25906,21794,7.11981
17639,28006,27668,17076,7.12576
17752,28056,27669,17034,7.12732
18882,28556,27679,16614,7.12827
18995,28606,27680,16572,7.12971
20125,29106,27690,16152,7.13067
20238,29156,27691,16110,7.13222
17333,27907,27647,17352,7.1372
17446,27957,27648,17310,7.13867
18011,28207,27653,17100,7.13967
18124,28257,27654,17058,7.14104
18576,28457,27658,16890,7.1421
18689,28507,27659,16848,7.14397
19254,28757,27664,16638,7.14517
19367,28807,27665,16596,7.1465
19819,29007,27669,16428,7.14753
19932,29057,27670,16386,7.14887
20497,29307,27675,16176,7.14992
20610,29357,27676,16134,7.15122
17366,27958,27629,17502,7.15545
17479,28008,27630,17460,7.1573
18044,28258,27635,17250,7.15845
18157,28308,27636,17208,7.16
18609,28508,27640,17040,7.16115
18722,28558,27641,16998,7.16278
19287,28808,27646,16788,7.1644
19400,28858,27647,16746,7.16609
19852,29058,27651,16578,7.16725
19965,29108,27652,16536,7.16889
20530,29358,27657,16326,7.17011
17399,28009,27611,17652,7.1764
17512,28059,27612,17610,7.17803
18077,28309,27617,17400,7.17907
18190,28359,27618,17358,7.18044
18642,28559,27622,17190,7.18146
18755,28609,27623,17148,7.18312
19320,28859,27628,16938,7.18447
19433,28909,27629,16896,7.18602
19885,29109,27633,16728,7.18718
19998,29159,27634,16686,7.1886
20563,29409,27639,16476,7.18982
17432,28060,27593,17802,7.19525
17545,28110,27594,17760,7.19716
18110,28360,27599,17550,7.19851
18223,28410,27600,17508,7.20018
18675,28610,27604,17340,7.20146
18788,28660,27605,17298,7.20336
19353,28910,27610,17088,7.20484
19466,28960,27611,17046,7.2063
19918,29160,27615,16878,7.20748
20031,29210,27616,16836,7.20894
17465,28111,27575,17952,7.21339
17578,28161,27576,17910,7.21595
18143,28411,27581,17700,7.21747
18256,28461,27582,17658,7.219
18708,28661,27586,17490,7.22023
18821,28711,27587,17448,7.22174
19386,28961,27592,17238,7.22301
19499,29011,27593,17196,7.2248
19951,29211,27597,17028,7.22587
20064,29261,27598,16986,7.22721
17498,28162,27557,18102,7.23067
17611,28212,27558,18060,7.23214
18176,28462,27563,17850,7.23411
18289,28512,27564,17808,7.2363
18741,28712,27568,17640,7.23767
18854,28762,27569,17598,7.23925
19419,29012,27574,17388,7.24053
19532,29062,27575,17346,7.24202
19984,29262,27579,17178,7.24375
20097,29312,27580,17136,7.24542
17531,28213,27539,18252,7.24918
17644,28263,27540,18210,7.25055
18209,28513,27545,18000,7.25166
18322,28563,27546,17958,7.25363
18774,28763,27550,17790,7.25563
18887,28813,27551,17748,7.25716
19452,29063,27556,17538,7.25894
19565,29113,27557,17496,7.26057
20017,29313,27561,17328,7.26178
20130,29363,27562,17286,7.26389
17564,28264,27521,18402,7.26774
17677,28314,27522,18360,7.26928
18242,28564,27527,18150,7.27031
18355,28614,27528,18108,7.27186
18807,28814,27532,17940,7.27348
18920,28864,27533,17898,7.276
19485,29114,27538,17688,7.2773
19598,29164,27539,17646,7.27931
20050,29364,27543,17478,7.28207
20163,29414,27544,17436,7.28455
16946,28484,24737,23752,7.3251
16980,28566,24845,23745,7.32683
21710,31076,25078,15707,7.37561
21744,31158,25186,15700,7.37772
18108,28494,25679,18249,7.41016
18221,28544,25680,18207,7.41187
19012,28894,25687,17913,7.41486
19125,28944,25688,17871,7.41693
19803,29244,25694,17619,7.41884
19916,29294,25695,17577,7.4203
20255,29444,25698,17451,7.42214
20933,29744,25704,17199,7.42527
17802,28395,25658,18525,7.42896
17915,28445,25659,18483,7.43049
18480,28695,25664,18273,7.43233
18932,28895,25668,18105,7.43652
19610,29195,25674,17853,7.44207
19723,29245,25675,17811,7.44409
20740,29695,25684,17433,7.45359
17835,28446,25640,18675,7.4574
17948,28496,25641,18633,7.45894
18513,28746,25646,18423,7.46088
18965,28946,25650,18255,7.46436
19643,29246,25656,18003,7.47067
19756,29296,25657,17961,7.47262
17868,28497,25622,18825,7.48466
17981,28547,25623,18783,7.4862
18546,28797,25628,18573,7.48798
18998,28997,25632,18405,7.49079
19676,29297,25638,18153,7.49758
19789,29347,25639,18111,7.49931
17901,28548,25604,18975,7.51102
18014,28598,25605,18933,7.51332
18579,28848,25610,18723,7.51645
19031,29048,25614,18555,7.51953
19709,29348,25620,18303,7.52537
19822,29398,25621,18261,7.52706
17934,28599,25586,19125,7.53857
18047,28649,25587,19083,7.54006
18612,28899,25592,18873,7.54189
19064,29099,25596,18705,7.5454
19742,29399,25602,18453,7.55105
19855,29449,25603,18411,7.55276
17967,28650,25568,19275,7.56454
18080,28700,25569,19233,7.56634
18645,28950,25574,19023,7.56825
19097,29150,25578,18855,7.5711
19775,29450,25584,18603,7.57791
19888,29500,25585,18561,7.57963
18339,28851,25553,19299,7.59097
18452,28901,25554,19257,7.59315
19243,29251,25561,18963,7.59604
19356,29301,25562,18921,7.59781
20034,29601,25568,18669,7.5997
20147,29651,25569,18627,7.60123
20486,29801,25572,18501,7.60386
18372,28902,25535,19449,7.60922
18485,28952,25536,19407,7.61082
19276,29302,25543,19113,7.61268
19389,29352,25544,19071,7.61591
20067,29652,25550,18819,7.61808
20180,29702,25551,18777,7.61966
20519,29852,25554,18651,7.62147
18066,28803,25514,19725,7.62724
18179,28853,25515,19683,7.62909
18744,29103,25520,19473,7.63141
19196,29303,25524,19305,7.63624
19874,29603,25530,19053,7.64178
19987,29653,25531,19011,7.64483
18438,29004,25499,19749,7.65636
18551,29054,25500,19707,7.65809
19342,29404,25507,19413,7.6603
19455,29454,25508,19371,7.66213
20133,29754,25514,19119,7.66452
20246,29804,25515,19077,7.66638
20585,29954,25518,18951,7.66821
18471,29055,25481,19899,7.67519
18584,29105,25482,19857,7.67797
19375,29455,25489,19563,7.67985
19488,29505,25490,19521,7.6814
20166,29805,25496,19269,7.68385
20279,29855,25497,19227,7.68571
20618,30005,25500,19101,7.6876
18165,28956,25460,20175,7.69349
18278,29006,25461,20133,7.69635
18843,29256,25466,19923,7.6986
19295,29456,25470,19755,7.70167
19973,29756,25476,19503,7.70743
20086,29806,25477,19461,7.70913
18537,29157,25445,20199,7.71942
18650,29207,25446,20157,7.7211
19441,29557,25453,19863,7.72319
19554,29607,25454,19821,7.725
20232,29907,25460,19569,7.72689
20345,29957,25461,19527,7.72844
20684,30107,25464,19401,7.73019
18570,29208,25427,20349,7.7369
18683,29258,25428,20307,7.73858
19474,29608,25435,20013,7.74021
19587,29658,25436,19971,7.74172
20265,29958,25442,19719,7.74415
20378,30008,25443,19677,7.74598
20717,30158,25446,19551,7.74776
18264,29109,25406,20625,7.75292
18377,29159,25407,20583,7.75616
18942,29409,25412,20373,7.75826
19394,29609,25416,20205,7.76128
20072,29909,25422,19953,7.76704
20185,29959,25423,19911,7.76901
18636,29310,25391,20649,7.78465
18749,29360,25392,20607,7.78698
19540,29710,25399,20313,7.789
19653,29760,25400,20271,7.79101
20331,30060,25406,20019,7.79414
20444,30110,25407,19977,7.79728
20783,30260,25410,19851,7.79991
18669,29361,25373,20799,7.8076
18782,29411,25374,20757,7.8094
19573,29761,25381,20463,7.81109
19686,29811,25382,20421,7.81304
20364,30111,25388,20169,7.81614
20477,30161,25389,20127,7.8179
20816,30311,25392,20001,7.81981
18702,29412,25355,20949,7.82342
18815,29462,25356,20907,7.8253
19606,29812,25363,20613,7.82726
19719,29862,25364,20571,7.82884
20397,30162,25370,20319,7.83068
20510,30212,25371,20277,7.83226
20849,30362,25374,20151,7.83536
18735,29463,25337,21099,7.83856
18848,29513,25338,21057,7.84059
19639,29863,25345,20763,7.84241
19752,29913,25346,20721,7.84455
20430,30213,25352,20469,7.84668
20543,30263,25353,20427,7.8483
20882,30413,25356,20301,7.85012
18768,29514,25319,21249,7.85339
18881,29564,25320,21207,7.85592
19672,29914,25327,20913,7.85789
19785,29964,25328,20871,7.85952
20463,30264,25334,20619,7.86136
20576,30314,25335,20577,7.86332
19253,29765,25305,21231,7.86849
19366,29815,25306,21189,7.86999
20722,30415,25318,20685,7.87199
20835,30465,25319,20643,7.87431
19286,29816,25287,21381,7.87702
19399,29866,25288,21339,7.87849
20755,30466,25300,20835,7.8803
20868,30516,25301,20793,7.88199
18528,29517,25262,21825,7.88463
18641,29567,25263,21783,7.88654
19206,29817,25268,21573,7.88827
19658,30017,25272,21405,7.89123
18900,29718,25247,21849,7.90492
19013,29768,25248,21807,7.90672
19804,30118,25255,21513,7.90842
19917,30168,25256,21471,7.90998
18933,29769,25229,21999,7.9119
19046,29819,25230,21957,7.91445
19837,30169,25237,21663,7.91665
19950,30219,25238,21621,7.91826
18966,29820,25211,22149,7.92028
19079,29870,25212,22107,7.92196
19870,30220,25219,21813,7.92435
19983,30270,25220,21771,7.92613
18999,29871,25193,22299,7.92815
19112,29921,25194,22257,7.92973
19903,30271,25201,21963,7.93139
20016,30321,25202,21921,7.93373
19032,29922,25175,22449,7.93672
19145,29972,25176,22407,7.93859
19936,30322,25183,22113,7.94041
20049,30372,25184,22071,7.94211
19065,29973,25157,22599,7.94457
19178,30023,25158,22557,7.94672
19969,30373,25165,22263,7.94861
20082,30423,25166,22221,7.95143
18759,29874,25136,22875,7.95424
18872,29924,25137,22833,7.95616
19437,30174,25142,22623,7.95816
19889,30374,25146,22455,7.96101
19131,30075,25121,22899,7.96671
19244,30125,25122,22857,7.96838
20035,30475,25129,22563,7.97009
20148,30525,25130,22521,7.97163
19164,30126,25103,23049,7.97474
19277,30176,25104,23007,7.97704
20068,30526,25111,22713,7.9788
19197,30177,25085,23199,7.98228
19310,30227,25086,23157,7.98436
19230,30228,25067,23349,7.98851
19343,30278,25068,23307,7.99009
19263,30279,25049,23499,7.99541
19376,30329,25050,23457,7.99745
19409,30380,25032,23607,7.99945
20526,31564,25542,18801,8.00629
20639,31614,25543,18759,8.0086
20333,31515,25522,19035,8.01657
20446,31565,25523,18993,8.01886
20366,31566,25504,19185,8.02634
20479,31616,25505,19143,8.02865
20625,31717,25488,19251,8.03766
20738,31767,25489,19209,8.03998
20658,31768,25470,19401,8.04616
20771,31818,25471,19359,8.04856
20465,31719,25450,19635,8.05508
20578,31769,25451,19593,8.05768
20724,31870,25434,19701,8.0659
20837,31920,25435,19659,8.06891
20823,32023,25380,20151,8.08194
20172,27309,28276,16735,8.12791
20105,27421,28388,16821,8.12997
22943,26977,27062,15033,8.16313
20205,27360,28258,16885,8.16662
20138,27472,28370,16971,8.16796
20238,27411,28240,17035,8.2049
20171,27523,28352,17121,8.20651
22237,26883,26946,16269,8.34461
22270,26934,26928,16419,8.35939
22634,27935,20874,23490,8.41595
22736,28181,21198,23469,8.41797
22838,28427,21522,23448,8.41984
22940,28673,21846,23427,8.42162
23042,28919,22170,23406,8.42441
23144,29165,22494,23385,8.42648
21548,27077,24837,18846,9.06923
21887,27227,24840,18720,9.07417
22226,27377,24843,18594,9.07849
21581,27128,24819,18996,9.08557
21920,27278,24822,18870,9.0896
22259,27428,24825,18744,9.09459
21614,27179,24801,19146,9.10216
21953,27329,24804,19020,9.10673
22292,27479,24807,18894,9.11081
21647,27230,24783,19296,9.11974
21986,27380,24786,19170,9.12413
22325,27530,24789,19044,9.12868
21878,27587,24657,20346,9.24436
22217,27737,24660,20220,9.24828
22556,27887,24663,20094,9.25229
21911,27638,24639,20496,9.25728
22250,27788,24642,20370,9.26106
21944,27689,24621,20646,9.26855
22283,27839,24624,20520,9.27196
21977,27740,24603,20796,9.28122
22316,27890,24606,20670,9.28645
22043,27842,24567,21096,9.31057
22382,27992,24570,20970,9.31555
22076,27893,24549,21246,9.31938
22415,28043,24552,21120,9.32339
22109,27944,24531,21396,9.32746
22448,28094,24534,21270,9.33101
22142,27995,24513,21546,9.33622
22481,28145,24516,21420,9.34013
22175,28046,24495,21696,9.34409
22514,28196,24498,21570,9.34774
22208,28097,24477,21846,9.35138
22547,28247,24480,21720,9.35639
22241,28148,24459,21996,9.36082
22274,28199,24441,22146,9.36809
27578,26570,22159,26424,9.38727
27612,26652,22267,26417,9.38906
25479,25721,26887,20788,9.5383
25412,25833,26999,20874,9.54128
17300,27856,27665,17202,9.91611
17413,27906,27666,17160,9.91822
17978,28156,27671,16950,9.91967
18091,28206,27672,16908,9.92148
18543,28406,27676,16740,9.92327
18656,28456,27677,16698,9.92544
19221,28706,27682,16488,9.92688
19334,28756,27683,16446,9.92864
19786,28956,27687,16278,9.93013
19899,29006,27688,16236,9.93197
20464,29256,27693,16026,9.93449
20577,29306,27694,15984,9.93692
17220,27857,27646,17394,9.94053
17559,28007,27649,17268,9.94305
17898,28157,27652,17142,9.94553
18463,28407,27657,16932,9.94865
18802,28557,27660,16806,9.95233
19141,28707,27663,16680,9.95537
19706,28957,27668,16470,9.9584
20045,29107,27671,16344,9.96037
20384,29257,27674,16218,9.96238
17253,27908,27628,17544,9.96749
17592,28058,27631,17418,9.97003
17931,28208,27634,17292,9.97228
18496,28458,27639,17082,9.97684
18835,28608,27642,16956,9.9794
19174,28758,27645,16830,9.98153
19739,29008,27650,16620,9.98519
20078,29158,27653,16494,9.98743
20417,29308,27656,16368,9.9895
17286,27959,27610,17694,9.9953
17625,28109,27613,17568,9.99775
17964,28259,27616,17442,10
18529,28509,27621,17232,10.0043
18868,28659,27624,17106,10.0071
19207,28809,27627,16980,10.01
19772,29059,27632,16770,10.015
20111,29209,27635,16644,10.0178
20450,29359,27638,16518,10.0204
17319,28010,27592,17844,10.0264
17658,28160,27595,17718,10.0294
17997,28310,27598,17592,10.0322
18562,28560,27603,17382,10.0376
18901,28710,27606,17256,10.0407
19240,28860,27609,17130,10.0443
19805,29110,27614,16920,10.0483
20144,29260,27617,16794,10.0511
20483,29410,27620,16668,10.0552
17352,28061,27574,17994,10.0599
17691,28211,27577,17868,10.0629
18030,28361,27580,17742,10.0656
18595,28611,27585,17532,10.0688
18934,28761,27588,17406,10.0712
19273,28911,27591,17280,10.0745
19838,29161,27596,17070,10.0786
20177,29311,27599,16944,10.0809
20516,29461,27602,16818,10.0833
17385,28112,27556,18144,10.0866
17724,28262,27559,18018,10.0888
18063,28412,27562,17892,10.0911
18628,28662,27567,17682,10.0956
18967,28812,27570,17556,10.0982
19306,28962,27573,17430,10.1005
19871,29212,27578,17220,10.1041
20210,29362,27581,17094,10.1065
20549,29512,27584,16968,10.1088
17418,28163,27538,18294,10.1119
17757,28313,27541,18168,10.1155
18096,28463,27544,18042,10.1182
18661,28713,27549,17832,10.1216
19000,28863,27552,17706,10.1249
19339,29013,27555,17580,10.1271
19904,29263,27560,17370,10.1302
20243,29413,27563,17244,10.1325
20582,29563,27566,17118,10.1358
17451,28214,27520,18444,10.1391
17790,28364,27523,18318,10.1415
18129,28514,27526,18192,10.1441
18694,28764,27531,17982,10.1474
19033,28914,27534,17856,10.1496
19372,29064,27537,17730,10.1517
19937,29314,27542,17520,10.1563
20276,29464,27545,17394,10.1592
20615,29614,27548,17268,10.1618
16742,27992,24089,23794,10.1841
16776,28074,24197,23787,10.186
17150,28976,25385,23710,10.1875
21506,30584,24430,15749,10.2514
21540,30666,24538,15742,10.2532
21914,31568,25726,15665,10.2559
17769,28344,25676,18375,10.33
17882,28394,25677,18333,10.3319
18447,28644,25682,18123,10.3355
18899,28844,25686,17955,10.3386
19577,29144,25692,17703,10.3444
19690,29194,25693,17661,10.3465
20707,29644,25702,17283,10.3603
20820,29694,25703,17241,10.3628
17576,28295,25656,18609,10.3653
17689,28345,25657,18567,10.3672
18028,28495,25660,18441,10.3696
18367,28645,25663,18315,10.374
18819,28845,25667,18147,10.3784
19497,29145,25673,17895,10.3858
20627,29645,25683,17475,10.3965
17609,28346,25638,18759,10.4035
17722,28396,25639,18717,10.4058
18061,28546,25642,18591,10.4081
18400,28696,25645,18465,10.412
18852,28896,25649,18297,10.4171
19530,29196,25655,18045,10.4208
20660,29696,25665,17625,10.4276
17642,28397,25620,18909,10.4346
17755,28447,25621,18867,10.4371
18094,28597,25624,18741,10.4393
18433,28747,25627,18615,10.443
18885,28947,25631,18447,10.4471
19563,29247,25637,18195,10.4527
20693,29747,25647,17775,10.4594
17675,28448,25602,19059,10.466
17788,28498,25603,19017,10.4681
18127,28648,25606,18891,10.471
18466,28798,25609,18765,10.4763
18918,28998,25613,18597,10.4812
19596,29298,25619,18345,10.4858
17708,28499,25584,19209,10.5002
17821,28549,25585,19167,10.5021
18160,28699,25588,19041,10.5047
18499,28849,25591,18915,10.5083
18951,29049,25595,18747,10.5117
19629,29349,25601,18495,10.5164
17741,28550,25566,19359,10.5309
17854,28600,25567,19317,10.5333
18193,28750,25570,19191,10.5367
18532,28900,25573,19065,10.5402
18984,29100,25577,18897,10.5439
19662,29400,25583,18645,10.5475
18000,28701,25550,19425,10.5607
18113,28751,25551,19383,10.5631
18678,29001,25556,19173,10.5656
19130,29201,25560,19005,10.5689
19808,29501,25566,18753,10.5773
19921,29551,25567,18711,10.5797
18033,28752,25532,19575,10.591
18146,28802,25533,19533,10.5933
18711,29052,25538,19323,10.5966
19163,29252,25542,19155,10.6001
19841,29552,25548,18903,10.6067
19954,29602,25549,18861,10.6087
17840,28703,25512,19809,10.6219
17953,28753,25513,19767,10.6245
18292,28903,25516,19641,10.6268
18631,29053,25519,19515,10.6302
19083,29253,25523,19347,10.6349
19761,29553,25529,19095,10.6419
18099,28854,25496,19875,10.6557
18212,28904,25497,19833,10.6582
18777,29154,25502,19623,10.6607
19229,29354,25506,19455,10.6651
19907,29654,25512,19203,10.6712
20020,29704,25513,19161,10.674
18132,28905,25478,20025,10.6854
18245,28955,25479,19983,10.6874
18810,29205,25484,19773,10.6921
19262,29405,25488,19605,10.6977
19940,29705,25494,19353,10.7051
20053,29755,25495,19311,10.7075
17939,28856,25458,20259,10.719
18052,28906,25459,20217,10.7211
18391,29056,25462,20091,10.7239
18730,29206,25465,19965,10.7278
19182,29406,25469,19797,10.7311
19860,29706,25475,19545,10.7388
18198,29007,25442,20325,10.7526
18311,29057,25443,20283,10.7558
18876,29307,25448,20073,10.7587
19328,29507,25452,19905,10.7627
20006,29807,25458,19653,10.7691
20119,29857,25459,19611,10.771
18231,29058,25424,20475,10.7845
18344,29108,25425,20433,10.7868
18909,29358,25430,20223,10.789
19361,29558,25434,20055,10.7931
20039,29858,25440,19803,10.8001
20152,29908,25441,19761,10.802
18038,29009,25404,20709,10.8124
18151,29059,25405,20667,10.8158
18490,29209,25408,20541,10.8183
18829,29359,25411,20415,10.8216
19281,29559,25415,20247,10.8264
19959,29859,25421,19995,10.8343
18297,29160,25388,20775,10.847
18410,29210,25389,20733,10.8491
18975,29460,25394,20523,10.8512
19427,29660,25398,20355,10.8561
20105,29960,25404,20103,10.8634
20218,30010,25405,20061,10.8656
18330,29211,25370,20925,10.8774
18443,29261,25371,20883,10.8797
19008,29511,25376,20673,10.882
19460,29711,25380,20505,10.8862
20138,30011,25386,20253,10.8935
20251,30061,25387,20211,10.8967
18363,29262,25352,21075,10.9044
18476,29312,25353,21033,10.9065
19041,29562,25358,20823,10.9088
19493,29762,25362,20655,10.9132
20171,30062,25368,20403,10.9204
20284,30112,25369,20361,10.9227
18396,29313,25334,21225,10.9306
18509,29363,25335,21183,10.9328
19074,29613,25340,20973,10.9361
19526,29813,25344,20805,10.9398
20204,30113,25350,20553,10.9465
20317,30163,25351,20511,10.9495
18429,29364,25316,21375,10.9584
18542,29414,25317,21333,10.9605
19107,29664,25322,21123,10.9629
19559,29864,25326,20955,10.9667
20237,30164,25332,20703,10.9728
20350,30214,25333,20661,10.9762
18801,29565,25301,21399,10.9837
18914,29615,25302,21357,10.9858
19705,29965,25309,21063,10.9878
19818,30015,25310,21021,10.9896
20496,30315,25316,20769,10.9918
20609,30365,25317,20727,10.9948
18834,29616,25283,21549,11.0006
18947,29666,25284,21507,11.0024
19738,30016,25291,21213,11.005
19851,30066,25292,21171,11.007
20529,30366,25298,20919,11.0094
20642,30416,25299,20877,11.0114
18302,29417,25260,21909,11.0183
18415,29467,25261,21867,11.0203
18754,29617,25264,21741,11.0224
19093,29767,25267,21615,11.0261
19545,29967,25271,21447,11.032
18561,29568,25244,21975,11.0539
18674,29618,25245,21933,11.0569
19239,29868,25250,21723,11.0592
19691,30068,25254,21555,11.0626
18594,29619,25226,22125,11.0689
18707,29669,25227,22083,11.0711
19272,29919,25232,21873,11.0744
19724,30119,25236,21705,11.0788
18627,29670,25208,22275,11.0855
18740,29720,25209,22233,11.0875
19305,29970,25214,22023,11.0899
19757,30170,25218,21855,11.0948
18660,29721,25190,22425,11.1013
18773,29771,25191,22383,11.1036
19338,30021,25196,22173,11.1065
19790,30221,25200,22005,11.1108
18693,29772,25172,22575,11.1192
18806,29822,25173,22533,11.1216
19371,30072,25178,22323,11.1244
19823,30272,25182,22155,11.1283
18726,29823,25154,22725,11.1352
18839,29873,25155,22683,11.1379
19404,30123,25160,22473,11.1401
19856,30323,25164,22305,11.1437
18533,29774,25134,22959,11.1498
18646,29824,25135,22917,11.1518
18985,29974,25138,22791,11.1551
19324,30124,25141,22665,11.1594
19776,30324,25145,22497,11.1631
18792,29925,25118,23025,11.1694
18905,29975,25119,22983,11.1713
19470,30225,25124,22773,11.1744
19922,30425,25128,22605,11.1785
18825,29976,25100,23175,11.1857
18938,30026,25101,23133,11.188
19503,30276,25106,22923,11.1902
19955,30476,25110,22755,11.1948
18858,30027,25082,23325,11.2021
18971,30077,25083,23283,11.2048
19536,30327,25088,23073,11.2071
19988,30527,25092,22905,11.2105
18891,30078,25064,23475,11.2148
19004,30128,25065,23433,11.2172
19569,30378,25070,23223,11.2195
18924,30129,25046,23625,11.226
19037,30179,25047,23583,11.2281
19602,30429,25052,23373,11.2302
19070,30230,25029,23733,11.2343
19183,30280,25030,23691,11.237
20300,31464,25540,18885,11.2398
20413,31514,25541,18843,11.243
20399,31617,25486,19335,11.2975
20512,31667,25487,19293,11.3001
20432,31668,25468,19485,11.309
20545,31718,25469,19443,11.3122
20498,31770,25432,19785,11.341
20611,31820,25433,19743,11.3441
20757,31921,25416,19851,11.3497
20790,31972,25398,20001,11.3555
20597,31923,25378,20235,11.3604
20710,31973,25379,20193,11.3631
20856,32074,25362,20301,11.3692
20889,32125,25344,20451,11.3763
20574,26637,27604,16219,11.4205
20507,26749,27716,16305,11.4236
20607,26688,27586,16369,11.4749
20540,26800,27698,16455,11.4773
20640,26739,27568,16519,11.5246
20573,26851,27680,16605,11.5267
22946,28247,24436,15176,11.8857
22980,28329,24544,15169,11.8873
20603,27250,25818,17840,12.1519
20536,27362,25930,17926,12.1558
29440,32537,20541,26961,13.1123
29430,32520,20552,26958,13.1157
27510,26406,21943,26438,13.1271
27544,26488,22051,26431,13.1293
27646,26734,22375,26410,13.1308
27680,26816,22483,26403,13.1328
25446,25670,26905,20638,13.2401
25379,25782,27017,20724,13.2433
25814,25161,26327,20358,13.323
25747,25273,26439,20444,13.326
25512,25772,26869,20938,13.3775
25445,25884,26981,21024,13.3801
17187,27806,27664,17244,13.7474
17526,27956,27667,17118,13.7503
17865,28106,27670,16992,13.7536
18430,28356,27675,16782,13.7592
18769,28506,27678,16656,13.7622
19108,28656,27681,16530,13.7655
19673,28906,27686,16320,13.7692
20012,29056,27689,16194,13.772
20351,29206,27692,16068,13.7763
16640,27746,23765,23815,13.8701
16674,27828,23873,23808,13.872
16844,28238,24413,23773,13.875
16878,28320,24521,23766,13.877
17048,28730,25061,23731,13.8786
17082,28812,25169,23724,13.8804
21404,30338,24106,15770,13.9306
21438,30420,24214,15763,13.9325
21608,30830,24754,15728,13.9361
21642,30912,24862,15721,13.9385
21812,31322,25402,15686,13.9405
21846,31404,25510,15679,13.9423
17543,28244,25674,18459,14.0391
17656,28294,25675,18417,14.0409
17995,28444,25678,18291,14.0437
18334,28594,25681,18165,14.0472
18786,28794,25685,17997,14.0546
19464,29094,25691,17745,14.0683
20594,29594,25701,17325,14.089
17463,28245,25655,18651,14.0962
17496,28296,25637,18801,14.1215
17529,28347,25619,18951,14.1455
17562,28398,25601,19101,14.1693
17595,28449,25583,19251,14.193
17628,28500,25565,19401,14.2183
17774,28601,25548,19509,14.2435
17887,28651,25549,19467,14.2466
18226,28801,25552,19341,14.2492
18565,28951,25555,19215,14.2537
19017,29151,25559,19047,14.2583
19695,29451,25565,18795,14.2632
17807,28652,25530,19659,14.2764
17920,28702,25531,19617,14.279
18259,28852,25534,19491,14.2821
18598,29002,25537,19365,14.2872
19050,29202,25541,19197,14.292
19728,29502,25547,18945,14.2977
17727,28653,25511,19851,14.3093
17873,28754,25494,19959,14.3337
17986,28804,25495,19917,14.3371
18325,28954,25498,19791,14.3398
18664,29104,25501,19665,14.3441
19116,29304,25505,19497,14.3483
19794,29604,25511,19245,14.3523
17906,28805,25476,20109,14.3649
18019,28855,25477,20067,14.3671
18358,29005,25480,19941,14.37
18697,29155,25483,19815,14.3751
19149,29355,25487,19647,14.3796
19827,29655,25493,19395,14.3839
17826,28806,25457,20301,14.3957
17972,28907,25440,20409,14.4191
18085,28957,25441,20367,14.4215
18424,29107,25444,20241,14.4244
18763,29257,25447,20115,14.4282
19215,29457,25451,19947,14.4323
19893,29757,25457,19695,14.4377
18005,28958,25422,20559,14.4503
18118,29008,25423,20517,14.454
18457,29158,25426,20391,14.457
18796,29308,25429,20265,14.4608
19248,29508,25433,20097,14.4651
19926,29808,25439,19845,14.469
17925,28959,25403,20751,14.4801
18071,29060,25386,20859,14.5035
18184,29110,25387,20817,14.5061
18523,29260,25390,20691,14.5088
18862,29410,25393,20565,14.5133
19314,29610,25397,20397,14.5179
19992,29910,25403,20145,14.5218
18104,29111,25368,21009,14.5315
18217,29161,25369,20967,14.5349
18556,29311,25372,20841,14.5384
18895,29461,25375,20715,14.5423
19347,29661,25379,20547,14.5465
20025,29961,25385,20295,14.5501
18137,29162,25350,21159,14.5585
18250,29212,25351,21117,14.561
18589,29362,25354,20991,14.564
18928,29512,25357,20865,14.5683
19380,29712,25361,20697,14.5719
20058,30012,25367,20445,14.5773
18170,29213,25332,21309,14.585
18283,29263,25333,21267,14.5873
18622,29413,25336,21141,14.5899
18961,29563,25339,21015,14.5945
19413,29763,25343,20847,14.5988
20091,30063,25349,20595,14.603
18203,29264,25314,21459,14.6097
18316,29314,25315,21417,14.6118
18655,29464,25318,21291,14.616
18994,29614,25321,21165,14.6227
19446,29814,25325,20997,14.6271
20124,30114,25331,20745,14.6313
18462,29415,25298,21525,14.6413
18575,29465,25299,21483,14.645
19140,29715,25304,21273,14.6487
19592,29915,25308,21105,14.6539
20270,30215,25314,20853,14.6622
20383,30265,25315,20811,14.6651
18495,29466,25280,21675,14.6744
18608,29516,25281,21633,14.677
19173,29766,25286,21423,14.6794
19625,29966,25290,21255,14.6835
20303,30266,25296,21003,14.6906
20416,30316,25297,20961,14.6934
18189,29367,25259,21951,14.7026
18335,29468,25242,22059,14.7273
18448,29518,25243,22017,14.7297
18787,29668,25246,21891,14.7323
19126,29818,25249,21765,14.7376
19578,30018,25253,21597,14.7417
18368,29519,25224,22209,14.7463
18481,29569,25225,22167,14.7488
18820,29719,25228,22041,14.7516
19159,29869,25231,21915,14.7567
19611,30069,25235,21747,14.7609
18401,29570,25206,22359,14.7651
18514,29620,25207,22317,14.7673
18853,29770,25210,22191,14.7699
19192,29920,25213,22065,14.7748
19644,30120,25217,21897,14.7791
18434,29621,25188,22509,14.7836
18547,29671,25189,22467,14.7865
18886,29821,25192,22341,14.7891
19225,29971,25195,22215,14.7941
19677,30171,25199,22047,14.7984
18467,29672,25170,22659,14.8024
18580,29722,25171,22617,14.805
18919,29872,25174,22491,14.8075
19258,30022,25177,22365,14.811
19710,30222,25181,22197,14.8157
18500,29723,25152,22809,14.8197
18613,29773,25153,22767,14.822
18952,29923,25156,22641,14.8253
19291,30073,25159,22515,14.8299
19743,30273,25163,22347,14.8348
18420,29724,25133,23001,14.8391
18566,29825,25116,23109,14.8555
18679,29875,25117,23067,14.8583
19018,30025,25120,22941,14.8609
19357,30175,25123,22815,14.8652
19809,30375,25127,22647,14.8697
18599,29876,25098,23259,14.8744
18712,29926,25099,23217,14.8775
19051,30076,25102,23091,14.8801
19390,30226,25105,22965,14.8844
19842,30426,25109,22797,14.8886
18632,29927,25080,23409,14.8929
18745,29977,25081,23367,14.8961
19084,30127,25084,23241,14.8988
19423,30277,25087,23115,14.9028
19875,30477,25091,22947,14.9067
18665,29978,25062,23559,14.9106
18778,30028,25063,23517,14.9134
19117,30178,25066,23391,14.9168
19456,30328,25069,23265,14.9206
18698,30029,25044,23709,14.9275
18811,30079,25045,23667,14.9301
19150,30229,25048,23541,14.9332
19489,30379,25051,23415,14.9377
19296,30330,25031,23649,14.9455
20531,31821,25414,19935,15.0709
20644,31871,25415,19893,15.0753
20564,31872,25396,20085,15.0818
20677,31922,25397,20043,15.0849
20630,31974,25360,20385,15.1025
20743,32024,25361,20343,15.1056
20663,32025,25342,20535,15.1116
20776,32075,25343,20493,15.116
20696,32076,25324,20685,15.1228
20809,32126,25325,20643,15.1256
20729,32127,25306,20835,15.1315
20842,32177,25307,20793,15.1355
20762,32178,25288,20985,15.1384
20875,32228,25289,20943,15.141
20775,26301,27268,15961,15.1468
20708,26413,27380,16047,15.1489
20373,26973,27940,16477,15.1508
20306,27085,28052,16563,15.1537
19971,27645,28612,16993,15.156
19904,27757,28724,17079,15.1582
20808,26352,27250,16111,15.2199
20741,26464,27362,16197,15.2219
20406,27024,27922,16627,15.2243
20339,27136,28034,16713,15.2265
20004,27696,28594,17143,15.2281
19937,27808,28706,17229,15.2301
20841,26403,27232,16261,15.2866
20774,26515,27344,16347,15.2886
20439,27075,27904,16777,15.2905
20372,27187,28016,16863,15.2932
20037,27747,28576,17293,15.2964
20781,26805,24118,22255,15.6042
20815,26887,24226,22248,15.6064
22742,27755,23788,15218,15.6645
22776,27837,23896,15211,15.6667
23150,28739,25084,15134,15.669
20570,27199,25836,17690,15.9275
20503,27311,25948,17776,15.9305
20938,26690,25258,17410,16.0262
20871,26802,25370,17496,16.0306
20201,27922,26490,18356,16.036
20134,28034,26602,18442,16.0394
20636,27301,25800,17990,16.1259
20569,27413,25912,18076,16.1293
29470,32588,20508,26970,17.1893
29460,32571,20519,26967,17.1914
29410,32486,20574,26952,17.1953
29400,32469,20585,26949,17.1976
25781,25110,26345,20208,17.3297
25714,25222,26457,20294,17.3331
25881,25049,26215,20272,17.3881
25680,25385,26551,20530,17.3905
25613,25497,26663,20616,17.3944
25345,25945,27111,20960,17.3969
25847,25212,26309,20508,17.4082
25780,25324,26421,20594,17.411
16606,27664,23657,23822,17.6643
16708,27910,23981,23801,17.6671
16810,28156,24305,23780,17.6694
16912,28402,24629,23759,17.6716
17014,28648,24953,23738,17.6751
17116,28894,25277,23717,17.6806
21370,30256,23998,15777,17.747
21472,30502,24322,15756,17.7497
21574,30748,24646,15735,17.7533
21676,30994,24970,15714,17.7573
21778,31240,25294,15693,17.7603
21880,31486,25618,15672,17.7631
17430,28194,25673,18501,17.861
17350,28195,25654,18693,17.9201
17383,28246,25636,18843,17.9284
17416,28297,25618,18993,17.9343
17449,28348,25600,19143,17.939
17482,28399,25582,19293,17.9438
17515,28450,25564,19443,17.9494
17661,28551,25547,19551,17.9548
17694,28602,25529,19701,17.9801
17614,28603,25510,19893,18.0068
17760,28704,25493,20001,18.0165
17793,28755,25475,20151,18.0508
17713,28756,25456,20343,18.0805
17859,28857,25439,20451,18.0897
17892,28908,25421,20601,18.1169
17812,28909,25402,20793,18.1427
17958,29010,25385,20901,18.1504
17991,29061,25367,21051,18.1721
18024,29112,25349,21201,18.1973
18057,29163,25331,21351,18.2197
18090,29214,25313,21501,18.2421
18236,29315,25296,21609,18.2651
18349,29365,25297,21567,18.268
18688,29515,25300,21441,18.2707
19027,29665,25303,21315,18.2759
19479,29865,25307,21147,18.2811
20157,30165,25313,20895,18.2862
18269,29366,25278,21759,18.2948
18382,29416,25279,21717,18.2979
18721,29566,25282,21591,18.3008
19060,29716,25285,21465,18.3054
19512,29916,25289,21297,18.3096
20190,30216,25295,21045,18.3146
18076,29317,25258,21993,18.3224
18222,29418,25241,22101,18.3391
18255,29469,25223,22251,18.3572
18288,29520,25205,22401,18.3748
18321,29571,25187,22551,18.392
18354,29622,25169,22701,18.4094
18387,29673,25151,22851,18.4271
18307,29674,25132,23043,18.445
18453,29775,25115,23151,18.4544
18486,29826,25097,23301,18.4706
18519,29877,25079,23451,18.4886
18552,29928,25061,23601,18.5061
20842,26189,27156,15875,18.73
20641,26525,27492,16133,18.7338
20440,26861,27828,16391,18.7374
20239,27197,28164,16649,18.7401
20038,27533,28500,16907,18.7431
19837,27869,28836,17165,18.7458
20875,26240,27138,16025,18.7966
20674,26576,27474,16283,18.7994
20473,26912,27810,16541,18.8023
20272,27248,28146,16799,18.8052
20071,27584,28482,17057,18.8081
20908,26291,27120,16175,18.8464
20707,26627,27456,16433,18.849
20506,26963,27792,16691,18.8516
20305,27299,28128,16949,18.8556
20104,27635,28464,17207,18.8587
20577,26313,23470,22297,19.1077
20611,26395,23578,22290,19.1101
20985,27297,24766,22213,19.1129
22640,27509,23464,15239,19.1964
22674,27591,23572,15232,19.1988
22844,28001,24112,15197,19.202
22878,28083,24220,15190,19.2056
23048,28493,24760,15155,19.2087
23082,28575,24868,15148,19.2122
20905,26639,25276,17260,19.4823
20838,26751,25388,17346,19.4857
20168,27871,26508,18206,19.4894
20101,27983,26620,18292,19.4929
21005,26578,25146,17324,19.5673
20804,26914,25482,17582,19.5701
20737,27026,25594,17668,19.5759
20469,27474,26042,18012,19.5797
20402,27586,26154,18098,19.5834
20971,26741,25240,17560,19.608
20904,26853,25352,17646,19.6107
20234,27973,26472,18506,19.614
20167,28085,26584,18592,19.6187
29490,32622,20486,26976,20.5265
29480,32605,20497,26973,20.5287
29450,32554,20530,26964,20.5309
29420,32503,20563,26955,20.5346
29390,32452,20596,26946,20.5379
25759,25522,25511,25182,20.5443
27686,26390,25073,18152,20.6028
25848,24998,26233,20122,20.6758
25647,25334,26569,20380,20.6784
25580,25446,26681,20466,20.6818
25312,25894,27129,20810,20.6844
25245,26006,27241,20896,20.6907
25546,25609,26775,20702,20.7673
25914,25100,26197,20422,20.7833
25713,25436,26533,20680,20.7862
25646,25548,26645,20766,20.7897
17317,28144,25672,18543,20.9504
17548,28501,25546,19593,21.0385
17581,28552,25528,19743,21.0437
17647,28654,25492,20043,21.051
17680,28705,25474,20193,21.0568
17746,28807,25438,20493,21.0646
17779,28858,25420,20643,21.0691
17845,28960,25384,20943,21.0777
17878,29011,25366,21093,21.0826
17911,29062,25348,21243,21.0873
17944,29113,25330,21393,21.0915
17977,29164,25312,21543,21.097
18123,29265,25295,21651,21.1014
18156,29316,25277,21801,21.1234
18109,29368,25240,22143,21.1492
18142,29419,25222,22293,21.1544
18175,29470,25204,22443,21.1592
18208,29521,25186,22593,21.1636
18241,29572,25168,22743,21.1684
18274,29623,25150,22893,21.1733
18340,29725,25114,23193,21.1813
18373,29776,25096,23343,21.1858
18406,29827,25078,23493,21.19
18439,29878,25060,23643,21.1952
20475,26067,23146,22318,21.5688
20509,26149,23254,22311,21.5712
20679,26559,23794,22276,21.5744
20713,26641,23902,22269,21.5768
20883,27051,24442,22234,21.5788
20917,27133,24550,22227,21.5812
22606,27427,23356,15246,21.6606
22708,27673,23680,15225,21.6634
22810,27919,24004,15204,21.6668
22912,28165,24328,15183,21.6699
23014,28411,24652,15162,21.6736
23116,28657,24976,15141,21.6773
20972,26527,25164,17174,21.9282
20771,26863,25500,17432,21.9306
20704,26975,25612,17518,21.9351
20436,27423,26060,17862,21.9379
20369,27535,26172,17948,21.9412
20670,27138,25706,17754,22.0174
20335,27698,26266,18184,22.0236
20268,27810,26378,18270,22.0279
20067,28146,26714,18528,22.0301
21038,26629,25128,17474,22.0479
20837,26965,25464,17732,22.0504
20770,27077,25576,17818,22.0548
20502,27525,26024,18162,22.0577
20435,27637,26136,18248,22.0609
25521,24948,24755,25231,22.4358
25555,25030,24863,25224,22.4383
27550,26062,24641,18180,22.4958
27584,26144,24749,18173,22.4986
25513,25558,26793,20552,22.5723
25579,25660,26757,20852,22.6568
18010,29215,25294,21693,22.9068
18043,29266,25276,21843,22.9109
25523,31071,20700,23821,23.1854
25513,31054,20711,23818,23.1885
20441,25985,23038,22325,23.2127
20543,26231,23362,22304,23.2157
20645,26477,23686,22283,23.2189
20747,26723,24010,22262,23.2218
20849,26969,24334,22241,23.225
20951,27215,24658,22220,23.2277
20374,26097,23150,22411,23.2304
20307,26209,23262,22497,23.2343
20240,26321,23374,22583,23.2377
20173,26433,23486,22669,23.241
20106,26545,23598,22755,23.2444
19905,26881,23934,23013,23.2532
19838,26993,24046,23099,23.257
20637,27087,25724,17604,23.5446
20302,27647,26284,18034,23.5501
20235,27759,26396,18120,23.5546
20034,28095,26732,18378,23.5568
19967,28207,26844,18464,23.5595
20703,27189,25688,17904,23.6626
20368,27749,26248,18334,23.6692
20301,27861,26360,18420,23.673
25385,24620,24323,25259,23.816
25419,24702,24431,25252,23.8183
25657,25276,25187,25203,23.8204
25691,25358,25295,25196,23.8231
27482,25898,24425,18194,23.8835
27516,25980,24533,18187,23.8865
27618,26226,24857,18166,23.8896
27652,26308,24965,18159,23.8929
20436,29658,25915,17395,24.1826
20470,29740,26023,17388,24.1857
25365,30225,25174,14278,24.5008
25355,30208,25185,14275,24.503
25553,31122,20667,23830,24.5297
25543,31105,20678,23827,24.533
25493,31020,20733,23812,24.5366
25483,31003,20744,23809,24.5388
20039,26657,23710,22841,24.5607
19972,26769,23822,22927,24.565
19771,27105,24158,23185,24.5705
19704,27217,24270,23271,24.575
19637,27329,24382,23357,24.5789
19570,27441,24494,23443,24.5824
19503,27553,24606,23529,24.5861
19436,27665,24718,23615,24.5886
19369,27777,24830,23701,24.5913
19302,27889,24942,23787,24.5943
25317,24456,24107,25273,25.0652
25351,24538,24215,25266,25.0697
25453,24784,24539,25245,25.0727
25487,24866,24647,25238,25.0766
25589,25112,24971,25217,25.0804
25623,25194,25079,25210,25.0861
25725,25440,25403,25189,25.089
25250,24568,24219,25359,25.0929
25183,24680,24331,25445,25.0996
25116,24792,24443,25531,25.1042
25049,24904,24555,25617,25.1088
24982,25016,24667,25703,25.1141
24781,25352,25003,25961,25.124
24714,25464,25115,26047,25.1276
19495,30800,23483,24153,25.3655
19485,30783,23494,24150,25.3677
18628,28858,25899,18067,25.4255
18662,28940,26007,18060,25.4284
19080,29058,25903,17899,25.4437
19114,29140,26011,17892,25.4477
19193,29108,25904,17857,25.4547
19227,29190,26012,17850,25.4575
19306,29158,25905,17815,25.4632
19340,29240,26013,17808,25.4661
19984,29458,25911,17563,25.486
20018,29540,26019,17556,25.4892
20097,29508,25912,17521,25.4962
20131,29590,26020,17514,25.4992
20210,29558,25913,17479,25.5051
20244,29640,26021,17472,25.5079
20323,29608,25914,17437,25.5139
20357,29690,26022,17430,25.517
20402,29576,25807,17402,25.5232
25395,30276,25141,14287,25.8857
25385,30259,25152,14284,25.8877
25573,31156,20645,23836,25.9164
25563,31139,20656,23833,25.9205
25533,31088,20689,23824,25.9245
25503,31037,20722,23815,25.9285
25473,30986,20755,23806,25.932
24915,25128,24779,25789,26.3843
24848,25240,24891,25875,26.389
19525,30851,23450,24162,26.5973
19515,30834,23461,24159,26.5993
18176,28658,25895,18235,26.6369
18210,28740,26003,18228,26.6396
18515,28808,25898,18109,26.6505
18549,28890,26006,18102,26.6542
18594,28776,25791,18074,26.661
18967,29008,25902,17941,26.6742
19001,29090,26010,17934,26.6773
19046,28976,25795,17906,26.6838
19159,29026,25796,17864,26.6913
19272,29076,25797,17822,26.7006
19645,29308,25908,17689,26.7138
19679,29390,26016,17682,26.7169
19758,29358,25909,17647,26.7228
19792,29440,26017,17640,26.7257
19871,29408,25910,17605,26.7312
19905,29490,26018,17598,26.7356
19950,29376,25803,17570,26.7426
20063,29426,25804,17528,26.751
20176,29476,25805,17486,26.7599
20289,29526,25806,17444,26.7682
20775,29808,25918,17269,26.786
20809,29890,26026,17262,26.7888
20888,29858,25919,17227,26.7958
20922,29940,26027,17220,26.7986
25415,30310,25119,14293,27.0881
25405,30293,25130,14290,27.0904
25375,30242,25163,14281,27.0941
25345,30191,25196,14272,27.0975
25448,30361,25101,14443,27.1006
25481,30412,25083,14593,27.1098
25514,30463,25065,14743,27.1156
25547,30514,25047,14893,27.1204
25580,30565,25029,15043,27.1252
25495,30563,23182,15577,27.146
25485,30546,23193,15574,27.1479
21333,26679,25270,16990,27.3275
21367,26761,25378,16983,27.3298
21672,26829,25273,16864,27.3402
21706,26911,25381,16857,27.3426
22011,26979,25276,16738,27.3529
22045,27061,25384,16731,27.3556
22124,27029,25277,16696,27.3611
22158,27111,25385,16689,27.3635
22237,27079,25278,16654,27.3691
22271,27161,25386,16647,27.3713
19545,30885,23428,24168,27.9742
19535,30868,23439,24165,27.9787
19505,30817,23472,24156,27.9833
19475,30766,23505,24147,27.9886
19691,30986,23411,24276,27.9997
19837,31087,23394,24384,28.0076
19983,31188,23377,24492,28.0164
20129,31289,23360,24600,28.0234
17611,28408,25890,18445,28.0417
17645,28490,25998,18438,28.0461
17724,28458,25891,18403,28.057
17758,28540,25999,18396,28.0619
17837,28508,25892,18361,28.0728
17871,28590,26000,18354,28.0777
17950,28558,25893,18319,28.0889
17984,28640,26001,18312,28.0943
18063,28608,25894,18277,28.1041
18097,28690,26002,18270,28.1084
18142,28576,25787,18242,28.1205
18289,28708,25896,18193,28.1329
18323,28790,26004,18186,28.1375
18402,28758,25897,18151,28.1477
18436,28840,26005,18144,28.1528
18481,28726,25790,18116,28.1634
18741,28908,25900,18025,28.1762
18775,28990,26008,18018,28.1803
18854,28958,25901,17983,28.1901
18888,29040,26009,17976,28.1963
18933,28926,25794,17948,28.2069
19419,29208,25906,17773,28.2246
19453,29290,26014,17766,28.2291
19532,29258,25907,17731,28.2397
19566,29340,26015,17724,28.2433
19611,29226,25800,17696,28.2502
19724,29276,25801,17654,28.2596
19837,29326,25802,17612,28.2685
20549,29708,25916,17353,28.2848
20583,29790,26024,17346,28.2881
20662,29758,25917,17311,28.2951
20696,29840,26025,17304,28.298
20741,29726,25810,17276,28.3052
20854,29776,25811,17234,28.3137
20967,29826,25812,17192,28.3204
25525,30614,23149,15586,28.6744
25515,30597,23160,15583,28.6768
21220,26629,25269,17032,28.8798
21254,26711,25377,17025,28.8825
21299,26597,25162,16997,28.8899
21446,26729,25271,16948,28.8979
21480,26811,25379,16941,28.9005
21559,26779,25272,16906,28.9073
21593,26861,25380,16899,28.9098
21638,26747,25165,16871,28.9175
21785,26879,25274,16822,28.9248
21819,26961,25382,16815,28.9273
21898,26929,25275,16780,28.934
21932,27011,25383,16773,28.9367
21977,26897,25168,16745,28.9442
22090,26947,25169,16703,28.9539
22203,26997,25170,16661,28.9621
22350,27129,25279,16612,28.9695
22384,27211,25387,16605,28.9718
22542,27147,25173,16535,28.9786
22655,27197,25174,16493,28.9817
26243,25232,26447,19931,29.3338
26582,25382,26450,19805,29.3432
26921,25532,26453,19679,29.3526
27034,25582,26454,19637,29.356
27147,25632,26455,19595,29.3592
27486,25782,26458,19469,29.3682
17498,28358,25889,18487,29.499
17532,28440,25997,18480,29.5019
17577,28326,25782,18452,29.5083
17690,28376,25783,18410,29.5177
17803,28426,25784,18368,29.5266
17916,28476,25785,18326,29.5356
18029,28526,25786,18284,29.5439
18255,28626,25788,18200,29.5537
18368,28676,25789,18158,29.5624
18707,28826,25792,18032,29.5707
18820,28876,25793,17990,29.5796
19385,29126,25798,17780,29.5878
19498,29176,25799,17738,29.5965
20515,29626,25808,17360,29.6091
20628,29676,25809,17318,29.6194
25545,30648,23127,15592,29.9575
25535,30631,23138,15589,29.9596
25505,30580,23171,15580,29.9628
25475,30529,23204,15571,29.9667
25578,30699,23109,15742,29.9745
25677,30852,23055,16192,29.9906
26007,31362,22875,17692,30.0219
21107,26579,25268,17074,30.1103
21141,26661,25376,17067,30.1141
21186,26547,25161,17039,30.1884
21412,26647,25163,16955,30.1999
21525,26697,25164,16913,30.209
21751,26797,25166,16829,30.2188
21864,26847,25167,16787,30.2279
22316,27047,25171,16619,30.2428
22429,27097,25172,16577,30.2492
26130,25182,26446,19973,30.5372
26175,25068,26231,19945,30.5418
26209,25150,26339,19938,30.5445
26356,25282,26448,19889,30.5499
26469,25332,26449,19847,30.5533
26514,25218,26234,19819,30.5578
26548,25300,26342,19812,30.5602
26695,25432,26451,19763,30.5662
26808,25482,26452,19721,30.5695
26853,25368,26237,19693,30.5741
26887,25450,26345,19686,30.5767
26966,25418,26238,19651,30.5831
27000,25500,26346,19644,30.5856
27079,25468,26239,19609,30.5918
27113,25550,26347,19602,30.5947
27260,25682,26456,19553,30.6004
27373,25732,26457,19511,30.604
27418,25618,26242,19483,30.6081
27452,25700,26350,19476,30.6104
27531,25668,26243,19441,30.6141
27565,25750,26351,19434,30.6166
27644,25718,26244,19399,30.6193
27678,25800,26352,19392,30.6215
17385,28308,25888,18529,30.7372
17419,28390,25996,18522,30.7403
17464,28276,25781,18494,30.7476
25611,30750,23091,15892,31.1387
25644,30801,23073,16042,31.1437
25710,30903,23037,16342,31.149
25743,30954,23019,16492,31.1539
25776,31005,23001,16642,31.1582
25809,31056,22983,16792,31.1622
26040,31413,22857,17842,31.1821
26073,31464,22839,17992,31.1867
26106,31515,22821,18142,31.1907
26139,31566,22803,18292,31.1953
26370,31923,22677,19342,31.2155
26403,31974,22659,19492,31.2198
21073,26497,25160,17081,31.2951
21006,26609,25272,17167,31.3011
20939,26721,25384,17253,31.3053
20872,26833,25496,17339,31.309
20805,26945,25608,17425,31.3131
20738,27057,25720,17511,31.3172
20537,27393,26056,17769,31.338
20470,27505,26168,17855,31.3441
26017,25132,26445,20015,31.5372
26062,25018,26230,19987,31.5761
26096,25100,26338,19980,31.5789
26288,25118,26232,19903,31.5887
26322,25200,26340,19896,31.5911
26401,25168,26233,19861,31.5985
26435,25250,26341,19854,31.6009
26627,25268,26235,19777,31.6111
26661,25350,26343,19770,31.615
26740,25318,26236,19735,31.6212
26774,25400,26344,19728,31.6242
27192,25518,26240,19567,31.6412
27226,25600,26348,19560,31.6447
27305,25568,26241,19525,31.6509
27339,25650,26349,19518,31.6542
27757,25768,26245,19357,31.6643
17272,28258,25887,18571,31.7722
17306,28340,25995,18564,31.7768
17351,28226,25780,18536,31.7848
25842,31107,22965,16942,32.1065
25875,31158,22947,17092,32.1107
25908,31209,22929,17242,32.1165
26172,31617,22785,18442,32.1302
26205,31668,22767,18592,32.1361
26238,31719,22749,18742,32.1404
26436,32025,22641,19642,32.1547
26469,32076,22623,19792,32.1591
26502,32127,22605,19942,32.1632
26634,32331,22533,20542,32.1749
26667,32382,22515,20692,32.1789
26700,32433,22497,20842,32.183
20671,27169,25832,17597,32.2366
20604,27281,25944,17683,32.2411
20403,27617,26280,17941,32.2471
20336,27729,26392,18027,32.2507
20269,27841,26504,18113,32.2549
20202,27953,26616,18199,32.2587
20135,28065,26728,18285,32.2625
20068,28177,26840,18371,32.2661
20001,28289,26952,18457,32.2697
25949,24968,26229,20029,32.3429
25983,25050,26337,20022,32.3464
25882,25080,26341,20115,32.3526
25815,25192,26453,20201,32.3581
25748,25304,26565,20287,32.3627
25681,25416,26677,20373,32.3676
25614,25528,26789,20459,32.3723
25413,25864,27125,20717,32.3856
25346,25976,27237,20803,32.3903
17238,28176,25779,18578,32.4857
25941,31260,22911,17392,32.7497
25974,31311,22893,17542,32.7556
26271,31770,22731,18892,32.7639
26535,32178,22587,20092,32.7775
26733,32484,22479,20992,32.7937
26832,32637,22425,21442,32.8053
26865,32688,22407,21592,32.8107
26898,32739,22389,21742,32.8156
26997,32892,22335,22192,32.8251
25547,25640,26901,20545,32.8923
25480,25752,27013,20631,32.8988
26304,31821,22713,19042,33.1496
26337,31872,22695,19192,33.1558
26568,32229,22569,20242,33.161
26601,32280,22551,20392,33.1652
26766,32535,22461,21142,33.1702
26799,32586,22443,21292,33.1745
26931,32790,22371,21892,33.1823
26964,32841,22353,22042,33.1865
27030,32943,22317,22342,33.1916
27063,32994,22299,22492,33.1962
27096,33045,22281,22642,33.2001
27129,33096,22263,22792,33.4256
27162,33147,22245,22942,33.4305
27195,33198,22227,23092,33.436
27228,33249,22209,23242,33.4403
27261,33300,22191,23392,33.4456
