obj0,obj1,obj2,cpu
17330,21580,24900,0.403958
17767,20808,22471,0.412942
17043,22104,22524,0.425046
17777,21684,21184,0.437024
17512,23535,22101,0.864402
16788,24831,22154,0.884718
17522,24411,20814,0.905249
15692,28640,23998,1.03682
16129,27868,21569,1.06616
18538,26428,19038,1.08544
15405,29164,21622,1.09917
16139,28744,20282,1.1252
20103,28056,18730,1.20316
16608,32017,20231,1.26233
17155,30761,18506,1.28369
18793,23701,19408,1.29484
19103,23257,20041,1.33754
18720,32389,18198,1.3554
20358,25329,19100,1.36105
18675,30377,18746,1.51141
18770,30353,18761,1.5123
19393,26212,19173,1.52016
19488,26188,19188,1.52143
18092,24267,20904,1.53781
18187,24243,20919,1.53881
15787,28616,24013,1.55606
15882,28592,24028,1.55667
17174,27604,21734,1.56173
17269,27580,21749,1.56233
18485,30425,18716,1.56406
18580,30401,18731,1.56496
18918,26332,19098,1.57817
19013,26308,19113,1.57971
16994,28528,20417,1.58888
17089,28504,20432,1.58945
17712,24363,20844,1.60319
17807,24339,20859,1.60429
18377,24195,20949,1.60476
18472,24171,20964,1.60588
21053,27816,18880,1.62103
21148,27792,18895,1.62233
16794,27700,21674,1.64004
16889,27676,21689,1.64062
17820,30593,18611,1.6434
17915,30569,18626,1.64429
18865,30329,18776,1.64616
18960,30305,18791,1.64708
18728,26380,19068,1.65961
18823,26356,19083,1.66097
19108,26284,19128,1.66286
19773,26116,19233,1.66368
19868,26092,19248,1.6654
15595,29116,21652,1.66799
15690,29092,21667,1.66889
16329,28696,20312,1.67336
16424,28672,20327,1.67396
17617,24387,20829,1.69072
17902,24315,20874,1.69119
17997,24291,20889,1.69218
18282,24219,20934,1.69268
18567,24147,20979,1.69403
18662,24123,20994,1.695
20768,27888,18835,1.70764
20863,27864,18850,1.70891
16224,27844,21584,1.72834
16319,27820,21599,1.72896
17079,27628,21719,1.72945
17630,30641,18581,1.73174
17725,30617,18596,1.73273
18295,30473,18686,1.73352
18390,30449,18701,1.73462
19340,30209,18851,1.73958
19435,30185,18866,1.74069
17607,23511,22116,1.75818
17702,23487,22131,1.75925
18633,26404,19053,1.76027
19298,26236,19158,1.76565
19678,26140,19218,1.76757
19963,26068,19263,1.76982
20058,26044,19278,1.77163
15500,29140,21637,1.77476
16883,24807,22169,1.77683
16978,24783,22184,1.7779
16234,28720,20297,1.78179
16804,28576,20387,1.78228
16899,28552,20402,1.78288
18815,32365,18213,1.82332
20198,28032,18745,1.83369
20958,27840,18865,1.83452
15977,28568,24043,1.84508
16072,28544,24058,1.84574
16703,31993,20246,1.84729
16414,27796,21614,1.85639
16509,27772,21629,1.85702
16984,27652,21704,1.85751
17440,30689,18551,1.85977
17535,30665,18566,1.8608
18010,30545,18641,1.8636
19055,30281,18806,1.86929
19150,30257,18821,1.87031
19530,30161,18881,1.87113
19625,30137,18896,1.87215
19203,26260,19143,1.91053
19583,26164,19203,1.91311
20343,25972,19323,1.91833
15975,29020,21712,1.92429
16070,28996,21727,1.92492
16519,28648,20342,1.93089
17272,27711,20714,1.9733
17267,27777,20712,1.97384
19385,32221,18303,1.99147
19480,32197,18318,1.99242
20293,28008,18760,2.00734
21528,27696,18955,2.01174
21623,27672,18970,2.01316
16798,31969,20261,2.02682
16604,27748,21644,2.0378
17250,30737,18521,2.04114
18105,30521,18656,2.04758
18200,30497,18671,2.04894
19245,30233,18836,2.05639
20248,25996,19308,2.12278
15785,29068,21682,2.12971
17358,24687,22244,2.13283
16614,28624,20357,2.13581
16709,28600,20372,2.13646
17184,28480,20447,2.13696
17279,28456,20462,2.13758
17497,24741,20804,2.18771
17492,24807,20802,2.18824
17237,28173,20700,2.18893
17232,28239,20698,2.18948
19290,32245,18288,2.21219
19938,30234,18664,2.225
19933,30300,18662,2.226
20578,27936,18805,2.22854
20673,27912,18820,2.22999
21338,27744,18925,2.23538
21433,27720,18940,2.23678
21813,27624,19000,2.23762
16699,27724,21659,2.2606
17345,30713,18536,2.26258
19720,30113,18911,2.28858
17277,26637,22007,2.33275
17272,26703,22005,2.33327
20153,26020,19293,2.3741
15880,29044,21697,2.38381
16678,26283,22110,2.38609
16673,26349,22108,2.38663
17263,24711,22229,2.3893
18229,28216,20612,2.39457
18324,28192,20627,2.39521
17512,24543,20810,2.4506
17507,24609,20808,2.45116
17312,27183,20730,2.4518
17307,27249,20728,2.4523
17242,28107,20702,2.45298
17217,28437,20692,2.45395
18757,24099,21009,2.47209
19005,32317,18243,2.47619
19100,32293,18258,2.47721
20335,31981,18453,2.4796
20430,31957,18468,2.48066
19993,29508,18686,2.49128
19988,29574,18684,2.49224
20388,27984,18775,2.49888
21243,27768,18910,2.50604
21718,27648,18985,2.51094
16893,31945,20276,2.53045
18685,30333,18810,2.55607
18695,30289,18874,2.5567
19815,30089,18926,2.56501
18843,23481,19728,2.58338
18853,23437,19792,2.58402
17387,25185,22051,2.61668
17382,25251,22049,2.61719
17222,27363,21985,2.61785
17217,27429,21983,2.61836
18483,27154,19016,2.62459
18478,27220,19014,2.6256
16783,24897,22152,2.67636
16778,24963,22150,2.67688
17073,24759,22199,2.68158
17374,28432,20477,2.68429
17469,28408,20492,2.68492
19143,23081,20297,2.71145
19153,23037,20361,2.71208
17517,24477,20812,2.73044
17502,24675,20806,2.73108
17467,25137,20792,2.73204
17462,25203,20790,2.73258
17297,27381,20724,2.73321
17292,27447,20722,2.73373
17257,27909,20708,2.7344
17252,27975,20706,2.7349
17227,28305,20696,2.73558
17222,28371,20694,2.73611
18910,32341,18228,2.75253
19195,32269,18273,2.75414
19575,32173,18333,2.75602
19670,32149,18348,2.75708
20003,29376,18690,2.77405
19998,29442,18688,2.77503
19958,29970,18672,2.77569
19953,30036,18670,2.77666
20483,27960,18790,2.78682
18600,30313,18859,2.84792
18803,23657,19472,2.88264
18813,23613,19536,2.8834
17432,24591,22069,2.905
17427,24657,22067,2.90554
17312,26175,22021,2.90622
17307,26241,22019,2.90673
17267,26769,22003,2.90737
17262,26835,22001,2.90792
18503,26890,19024,2.91806
18498,26956,19022,2.91913
18408,28144,18986,2.91993
18403,28210,18984,2.92096
16708,25887,22122,2.97492
16703,25953,22120,2.97545
17168,24735,22214,2.98164
17564,28384,20507,2.98613
17659,28360,20522,2.98681
19113,23213,20105,3.01897
19123,23169,20169,3.01966
19163,22993,20425,3.02023
19173,22949,20489,3.02088
17472,25071,20794,3.03387
17322,27051,20734,3.03488
17317,27117,20732,3.03537
17302,27315,20726,3.03602
17287,27513,20720,3.03733
17262,27843,20710,3.038
17247,28041,20704,3.03929
19955,32077,18393,3.06318
20050,32053,18408,3.06421
20525,31933,18483,3.06582
20378,25241,19228,3.07409
20388,25197,19292,3.07475
20053,28716,18710,3.08151
20048,28782,18708,3.08251
19978,29706,18680,3.08458
19973,29772,18678,3.08568
19948,30102,18668,3.08728
19918,30498,18656,3.08796
17765,30441,18852,3.14697
17775,30397,18916,3.14764
17950,30021,19443,3.14953
17960,29977,19507,3.15018
18590,30357,18795,3.1584
18833,23525,19664,3.18788
19013,22733,20816,3.18888
19023,22689,20880,3.18953
19263,21633,22416,3.19005
17437,24525,22071,3.2117
17397,25053,22055,3.21271
17392,25119,22053,3.21322
17377,25317,22047,3.21387
17372,25383,22045,3.21444
17282,26571,22009,3.21509
17247,27033,21995,3.21688
17242,27099,21993,3.21742
18518,26692,19030,3.22458
18513,26758,19028,3.22556
18493,27022,19020,3.22624
18488,27088,19018,3.22716
18428,27880,18994,3.22787
18423,27946,18992,3.22884
18258,30124,18926,3.22958
18253,30190,18924,3.23057
16723,25689,22128,3.28879
16718,25755,22126,3.28933
16688,26151,22114,3.29
16683,26217,22112,3.29058
17944,28288,20567,3.30178
18039,28264,20582,3.30247
19133,23125,20233,3.32964
17482,24939,20798,3.3398
17477,25005,20796,3.34037
17352,26655,20746,3.34108
17347,26721,20744,3.34159
17282,27579,20718,3.34419
19765,32125,18363,3.36813
19860,32101,18378,3.36921
20240,32005,18438,3.37009
20368,25285,19164,3.38165
20058,28650,18712,3.38492
20023,29112,18698,3.38644
20018,29178,18696,3.38741
19983,29640,18682,3.39095
19963,29904,18674,3.39249
19943,30168,18666,3.39542
19928,30366,18660,3.39777
17745,30529,18724,3.4494
17755,30485,18788,3.45004
17850,30461,18803,3.45273
17860,30417,18867,3.4534
17975,30305,19010,3.45593
17985,30261,19074,3.45658
18823,23569,19600,3.48243
18963,22953,20496,3.48342
18973,22909,20560,3.48411
19043,22601,21008,3.48464
19053,22557,21072,3.48528
19253,21677,22352,3.4858
17482,23931,22089,3.49958
17477,23997,22087,3.50022
17417,24789,22063,3.50091
17412,24855,22061,3.50147
17332,25911,22029,3.50388
17327,25977,22027,3.50444
17287,26505,22011,3.50512
17252,26967,21997,3.5061
17237,27165,21991,3.5071
17232,27231,21989,3.50764
18523,26626,19032,3.51178
18508,26824,19026,3.51329
18473,27286,19012,3.51828
18418,28012,18990,3.51903
18413,28078,18988,3.52015
18283,29794,18936,3.52099
18278,29860,18934,3.522
16758,25227,22142,3.58344
16753,25293,22140,3.58406
16713,25821,22124,3.58486
16693,26085,22116,3.586
17849,28312,20552,3.59855
18134,28240,20597,3.59961
19233,22685,20873,3.63236
19243,22641,20937,3.63301
17487,24873,20800,3.63857
17392,26127,20762,3.6404
17387,26193,20760,3.64098
17337,26853,20740,3.64168
17332,26919,20738,3.64221
17277,27645,20716,3.64288
18730,32345,18262,3.65156
20145,32029,18423,3.65957
20620,31909,18498,3.6632
20398,25153,19356,3.67325
20073,28452,18718,3.67492
20068,28518,18716,3.67586
20028,29046,18700,3.67805
20008,29310,18692,3.67964
19968,29838,18676,3.68563
19923,30432,18658,3.69241
17715,29873,19718,3.73483
17725,29829,19782,3.73564
17880,29541,20181,3.73852
17890,29497,20245,3.73919
17735,30573,18660,3.74086
17845,30089,19364,3.74263
17855,30045,19428,3.74329
17830,30549,18675,3.7453
17910,30197,19187,3.74592
17920,30153,19251,3.74658
17965,30349,18946,3.74932
18085,29821,19714,3.75036
18095,29777,19778,3.75106
18285,29729,19808,3.75282
18305,30429,18750,3.7557
18495,30381,18780,3.75767
19160,30213,18885,3.76329
18863,23393,19856,3.77906
18873,23349,19920,3.77979
18983,22865,20624,3.78088
19033,22645,20944,3.78146
17507,23601,22099,3.79467
17502,23667,22097,3.79522
17457,24261,22079,3.79594
17452,24327,22077,3.79651
17422,24723,22065,3.79751
17402,24987,22057,3.79819
17367,25449,22043,3.79958
17317,26109,22023,3.80032
17302,26307,22017,3.80174
17257,26901,21999,3.80242
17227,27297,21987,3.8046
17212,27495,21981,3.80565
18528,26560,19034,3.80745
18458,27484,19006,3.82054
18453,27550,19004,3.82162
18338,29068,18958,3.82563
18333,29134,18956,3.82678
18273,29926,18932,3.82849
18248,30256,18922,3.83013
16773,25029,22148,3.88965
16768,25095,22146,3.89023
16743,25425,22136,3.89091
16738,25491,22134,3.89146
16698,26019,22118,3.89329
16583,27537,22072,3.89398
16578,27603,22070,3.89453
17754,28336,20537,3.90312
19203,22817,20681,3.9282
19213,22773,20745,3.92884
19253,22597,21001,3.92935
19263,22553,21065,3.93001
17417,25797,20772,3.93256
17412,25863,20770,3.93313
17382,26259,20758,3.93419
17342,26787,20742,3.93508
17327,26985,20736,3.93612
20098,28122,18728,3.97127
20093,28188,18726,3.97226
20063,28584,18714,3.97378
20033,28980,18702,3.97485
20013,29244,18694,3.97869
17235,30409,19018,4.02962
17245,30365,19082,4.03028
17635,30225,19206,4.04001
17645,30181,19270,4.04064
17750,30113,19349,4.04216
17760,30069,19413,4.04278
17815,30221,19172,4.04501
17825,30177,19236,4.04564
17915,29781,19812,4.04613
17925,29737,19876,4.04677
17840,30505,18739,4.04727
17890,30285,19059,4.04819
17900,30241,19123,4.04881
17940,30065,19379,4.04931
17980,29889,19635,4.05035
17990,29845,19699,4.05099
17955,30393,18882,4.05151
18045,29997,19458,4.05244
18055,29953,19522,4.05313
18125,30433,18784,4.05541
18135,30389,18848,4.05606
18885,30241,18904,4.06344
18953,22997,20432,4.08127
18993,22821,20688,4.08223
19003,22777,20752,4.08288
17497,23733,22095,4.09057
17472,24063,22085,4.09155
17447,24393,22075,4.09219
17442,24459,22073,4.0927
17407,24921,22059,4.0944
17352,25647,22037,4.09506
17347,25713,22035,4.09559
17322,26043,22025,4.09659
17297,26373,22015,4.09723
17292,26439,22013,4.09777
18533,26494,19036,4.10205
18463,27418,19008,4.11149
18443,27682,19000,4.11293
18438,27748,18998,4.11386
18373,28606,18972,4.11986
18368,28672,18970,4.12083
18323,29266,18952,4.12152
18318,29332,18950,4.12247
18263,30058,18928,4.12449
18243,30322,18920,4.12739
19878,26048,19312,4.16918
16763,25161,22144,4.18358
16748,25359,22138,4.18426
16728,25623,22130,4.18522
16658,26547,22102,4.18693
16653,26613,22100,4.18748
16573,27669,22068,4.18813
16568,27735,22066,4.18866
19183,22905,20553,4.21728
19193,22861,20617,4.21792
19223,22729,20809,4.21843
19273,22509,21129,4.22057
17447,25401,20784,4.22213
17442,25467,20782,4.22264
17402,25995,20766,4.22329
17397,26061,20764,4.22381
17372,26391,20754,4.22445
17367,26457,20752,4.22498
20088,28254,18724,4.24792
20083,28320,18722,4.24888
20038,28914,18704,4.25305
17225,30453,18954,4.30419
17475,30141,19368,4.31002
17485,30097,19432,4.31064
17575,30489,18822,4.31319
17585,30445,18886,4.3138
17675,30049,19462,4.31432
17685,30005,19526,4.31496
17640,30597,18645,4.31651
17650,30553,18709,4.31714
17770,30025,19477,4.31807
17805,30265,19108,4.31947
17835,30133,19300,4.32085
17895,29869,19684,4.3214
17905,29825,19748,4.32211
17880,30329,18995,4.32457
17930,30109,19315,4.32666
17970,29933,19571,4.32717
17925,30525,18690,4.33051
18025,30085,19330,4.33105
18035,30041,19394,4.33169
18075,29865,19650,4.33221
18200,29709,19857,4.33422
18210,29665,19921,4.33485
18115,30477,18720,4.33536
18245,29905,19552,4.33632
18255,29861,19616,4.33695
18400,30405,18765,4.34069
18780,30309,18825,4.34266
18875,30285,18840,4.34316
19065,30237,18870,4.34552
18883,23305,19984,4.35455
18893,23261,20048,4.35524
19063,22513,21136,4.35762
17487,23865,22091,4.35934
17467,24129,22083,4.36063
17362,25515,22041,4.36385
17337,25845,22031,4.36455
17207,27561,21979,4.36818
18468,27352,19010,4.37659
18448,27616,19002,4.37938
18433,27814,18996,4.38083
18383,28474,18976,4.38375
18378,28540,18974,4.38472
18348,28936,18962,4.3854
18343,29002,18960,4.38634
18328,29200,18954,4.38707
18313,29398,18948,4.38926
18268,29992,18930,4.39035
19793,26028,19361,4.43956
19888,26004,19376,4.44208
16733,25557,22132,4.45693
16663,26481,22104,4.45793
16588,27471,22074,4.4589
17452,25335,20786,4.49654
17427,25665,20776,4.49748
17422,25731,20774,4.49802
17407,25929,20768,4.49869
17377,26325,20756,4.50041
17362,26523,20750,4.50174
18750,32257,18390,4.50232
18760,32213,18454,4.50301
20078,28386,18720,4.52793
20043,28848,18706,4.53348
20968,27796,18929,4.56165
20978,27752,18993,4.5623
17185,30629,18698,4.57902
17195,30585,18762,4.57983
17295,30145,19402,4.58038
17305,30101,19466,4.58103
17310,30473,18905,4.58275
17320,30429,18969,4.58342
17395,30493,18856,4.5851
17405,30449,18920,4.58573
17640,29809,19831,4.58727
17650,29765,19895,4.58791
17555,30577,18694,4.58844
17565,30533,18758,4.58907
17605,30357,19014,4.58959
17615,30313,19078,4.59023
17655,30137,19334,4.59117
17705,29917,19654,4.5917
17690,30377,18965,4.59439
17700,30333,19029,4.59503
17790,29937,19605,4.59554
17800,29893,19669,4.59618
17795,30309,19044,4.59771
17885,29913,19620,4.59942
17935,29693,19940,4.60201
17870,30373,18931,4.60303
17945,30437,18818,4.60605
18015,30129,19266,4.60701
18065,29909,19586,4.60865
18105,29733,19842,4.60959
18115,29689,19906,4.61024
18160,29885,19601,4.61076
18170,29841,19665,4.61145
18220,29621,19985,4.61197
18230,29577,20049,4.61263
18185,30169,19168,4.61388
18195,30125,19232,4.61453
18265,29817,19680,4.61548
18240,30321,18927,4.6171
18325,30341,18878,4.61819
18420,30317,18893,4.61928
18790,30265,18889,4.62169
18980,30217,18919,4.62295
18903,23217,20112,4.63072
18913,23173,20176,4.63137
17492,23799,22093,4.63278
17462,24195,22081,4.63408
17357,25581,22039,4.63475
17342,25779,22033,4.63573
18388,28408,18978,4.65995
18353,28870,18964,4.66271
18308,29464,18946,4.66941
18303,29530,18944,4.67039
19783,26072,19297,4.72697
16668,26415,22106,4.74072
16633,26877,22092,4.74145
16628,26943,22090,4.74199
17457,25269,20788,4.77599
17432,25599,20778,4.77694
17357,26589,20748,4.7801
18740,32301,18326,4.78098
18855,32189,18469,4.78302
19215,32181,18401,4.78717
19225,32137,18465,4.78867
19395,32177,18367,4.79024
19405,32133,18431,4.79089
17040,24769,24516,4.85692
17175,30673,18634,4.8578
17215,30497,18890,4.85876
17265,30277,19210,4.85976
17275,30233,19274,4.86043
17395,29705,20042,4.86098
17405,29661,20106,4.86162
17290,30561,18777,4.86426
17300,30517,18841,4.86489
17365,30625,18664,4.8665
17375,30581,18728,4.86713
17455,30229,19240,4.86765
17465,30185,19304,4.86829
17515,29965,19624,4.86881
17525,29921,19688,4.86945
17560,30161,19319,4.87006
17570,30117,19383,4.87068
17660,29721,19959,4.87119
17670,29677,20023,4.87183
17545,30621,18630,4.87279
17595,30401,18950,4.87404
17625,30269,19142,4.87497
17665,30093,19398,4.87592
17695,29961,19590,4.87731
17735,29785,19846,4.87786
17745,29741,19910,4.8785
17660,30509,18773,4.87944
17730,30201,19221,4.87995
17740,30157,19285,4.88064
17780,29981,19541,4.88116
17820,29805,19797,4.88219
17830,29761,19861,4.88287
17785,30353,18980,4.88483
17875,29957,19556,4.88536
17965,29561,20132,4.8863
17975,29517,20196,4.88696
17935,30481,18754,4.88921
18005,30173,19202,4.89016
18145,29557,20098,4.89253
18155,29513,20162,4.89318
18030,30457,18769,4.89372
18040,30413,18833,4.89435
18190,29753,19793,4.89487
18240,29533,20113,4.89653
18250,29489,20177,4.89718
18145,30345,18912,4.89771
18155,30301,18976,4.89837
18205,30081,19296,4.8989
18215,30037,19360,4.89956
18275,29773,19744,4.9001
18210,30453,18735,4.9018
18220,30409,18799,4.90245
18315,30385,18814,4.90297
18410,30361,18829,4.90434
18515,30293,18908,4.90485
18970,30261,18855,4.90679
18943,23041,20368,4.91356
18393,28342,18980,4.95019
18363,28738,18968,4.95652
18298,29596,18942,4.96599
18293,29662,18940,4.96701
16638,26811,22094,5.02962
16613,27141,22084,5.03058
16608,27207,22082,5.03113
17437,25533,20780,5.05222
18825,32321,18277,5.0553
18835,32277,18341,5.05595
19035,32185,18435,5.05735
19045,32141,18499,5.05799
19205,32225,18337,5.05953
19310,32157,18416,5.06134
19320,32113,18480,5.062
19490,32153,18382,5.06413
19500,32109,18446,5.06477
17165,30717,18570,5.13135
17205,30541,18826,5.13233
17255,30321,19146,5.13332
17285,30189,19338,5.1343
17315,30057,19530,5.13528
17325,30013,19594,5.13595
17270,30649,18649,5.1391
17280,30605,18713,5.13974
17510,29593,20185,5.14105
17520,29549,20249,5.14172
17355,30669,18600,5.14226
17385,30537,18792,5.14322
17445,30273,19176,5.14417
17495,30053,19496,5.14625
17550,30205,19255,5.14782
17580,30073,19447,5.14917
17680,30421,18901,5.15673
17710,30289,19093,5.1581
17810,29849,19733,5.16006
17850,29673,19989,5.16101
17860,29629,20053,5.16167
17865,30001,19492,5.16382
17945,29649,20004,5.16477
17955,29605,20068,5.16545
17985,29473,20260,5.16642
18000,29801,19763,5.16696
18010,29757,19827,5.16762
17995,30217,19138,5.16887
18135,29601,20034,5.16983
18020,30501,18705,5.17183
18110,30105,19281,5.17276
18120,30061,19345,5.17341
18180,29797,19729,5.17394
18260,29445,20241,5.17561
18175,30213,19104,5.17747
18225,29993,19424,5.17963
18230,30365,18863,5.18165
18505,30337,18844,5.18449
18933,23085,20304,5.18969
18398,28276,18982,5.22135
18358,28804,18966,5.22736
18288,29728,18938,5.23549
19023,26264,19177,5.26259
19033,26220,19241,5.26324
19118,26240,19192,5.26511
19508,26100,19316,5.27305
19518,26056,19380,5.27369
19983,25980,19391,5.28099
20068,26000,19342,5.28196
20078,25956,19406,5.28263
20353,25928,19387,5.28559
16648,26679,22098,5.28951
16623,27009,22088,5.29053
16593,27405,22076,5.29122
18845,32233,18405,5.30446
19025,32229,18371,5.3063
19300,32201,18352,5.31134
19415,32089,18495,5.3126
21063,27772,18944,5.37152
21158,27748,18959,5.37249
17365,29837,19850,5.38557
17375,29793,19914,5.38635
17425,29573,20234,5.3869
17260,30693,18585,5.38844
17330,30385,19033,5.38973
17340,30341,19097,5.39039
17425,30361,19048,5.39324
17435,30317,19112,5.3939
17505,30009,19560,5.39443
17545,29833,19816,5.39539
17555,29789,19880,5.39606
17450,30645,18615,5.39702
17630,29853,19767,5.39754
17690,29589,20151,5.3985
17700,29545,20215,5.39916
17755,29697,19974,5.39972
17765,29653,20038,5.40038
17670,30465,18837,5.40135
17720,30245,19157,5.40189
17840,29717,19925,5.40356
17870,29585,20117,5.40452
18125,29645,19970,5.41084
18165,29469,20226,5.41197
18050,30369,18897,5.41433
18130,30017,19409,5.41529
18165,30257,19040,5.41789
18235,29949,19488,5.41862
18923,23129,20240,5.42412
19043,26176,19305,5.50526
19138,26152,19320,5.507
19148,26108,19384,5.50768
19403,26168,19237,5.51398
19498,26144,19252,5.51554
19688,26096,19282,5.52093
19973,26024,19327,5.52265
16643,26745,22096,5.53
16618,27075,22086,5.5307
16603,27273,22080,5.53213
18940,32209,18420,5.53945
18950,32165,18484,5.54014
19015,32273,18307,5.54114
19585,32129,18397,5.54724
19965,32033,18457,5.55127
20208,27988,18809,5.58727
20588,27892,18869,5.5969
20598,27848,18933,5.59758
20883,27776,18978,5.60303
17345,29925,19722,5.61168
17355,29881,19786,5.61236
17385,29749,19978,5.61291
17415,29617,20170,5.61431
17480,29725,19993,5.61629
17490,29681,20057,5.61696
17415,30405,18984,5.61893
17535,29877,19752,5.62094
17540,30249,19191,5.62296
17590,30029,19511,5.62391
17600,29985,19575,5.62457
17680,29633,20087,5.62511
17710,29501,20279,5.62611
18050,29581,20083,5.63169
18060,29537,20147,5.63242
18100,30149,19217,5.6344
18150,29929,19537,5.63537
19255,30189,18900,5.63777
19350,30165,18915,5.63917
18758,26248,19260,5.71413
18768,26204,19324,5.71478
19053,26132,19369,5.72423
19128,26196,19256,5.7248
19613,26032,19395,5.73445
16598,27339,22078,5.74101
18930,32253,18356,5.7434
19775,32081,18427,5.75199
20608,27804,18997,5.79516
20873,27820,18914,5.79928
17335,29969,19658,5.80575
17390,30121,19417,5.8089
17400,30077,19481,5.80969
17500,29637,20121,5.81026
17565,29745,19944,5.81309
17490,30469,18871,5.81363
17500,30425,18935,5.81429
17620,29897,19703,5.81555
18020,29713,19891,5.81926
18070,29493,20211,5.82053
18080,30237,19089,5.82114
18090,30193,19153,5.82181
18140,29973,19473,5.82236
18723,26008,19629,5.88396
18733,25964,19693,5.88467
18748,26292,19196,5.88948
18778,26160,19388,5.89043
18788,26116,19452,5.89113
18948,26200,19290,5.89721
18958,26156,19354,5.89785
19213,26216,19207,5.90031
19318,26148,19286,5.9009
19328,26104,19350,5.90161
19593,26120,19267,5.90415
19603,26076,19331,5.90479
19698,26052,19346,5.90534
18920,32297,18292,5.90896
19110,32249,18322,5.91106
19595,32085,18461,5.91265
20060,32009,18472,5.91705
20418,27852,18967,5.94268
17350,30297,19161,5.95643
17360,30253,19225,5.95713
17420,29989,19609,5.95768
17430,29945,19673,5.95835
17595,29613,20136,5.95966
17605,29569,20200,5.96037
17480,30513,18807,5.96093
17520,30337,19063,5.9619
17530,30293,19127,5.96256
17610,29941,19639,5.96312
17775,29609,20102,5.96409
17785,29565,20166,5.96476
18030,29669,19955,5.96578
18080,29449,20275,5.96644
18060,30325,18961,5.9676
18070,30281,19025,5.96828
18703,26096,19501,6.02631
18713,26052,19565,6.02699
18738,26336,19132,6.0314
18938,26244,19226,6.03517
19308,26192,19222,6.03808
19423,26080,19365,6.04011
19130,32161,18450,6.04695
19680,32105,18412,6.04952
19690,32061,18476,6.05019
19785,32037,18491,6.05075
20218,27944,18873,6.0694
20398,27940,18839,6.07354
21348,27700,18989,6.08152
17370,30209,19289,6.08604
17380,30165,19353,6.08676
17410,30033,19545,6.08774
17460,29813,19865,6.0883
17470,29769,19929,6.08897
17575,29701,20008,6.08954
17585,29657,20072,6.09023
17460,30601,18679,6.09181
17470,30557,18743,6.09248
17510,30381,18999,6.09302
17795,29521,20230,6.09612
18040,29625,20019,6.09726
18708,25680,20126,6.1006
18718,25636,20190,6.10141
18663,26272,19245,6.14598
18673,26228,19309,6.14665
18863,26180,19339,6.15383
18873,26136,19403,6.15449
18928,26288,19162,6.15506
19243,26084,19399,6.15602
19413,26124,19301,6.15956
20163,25976,19357,6.16066
20258,25952,19372,6.16182
19120,32205,18386,6.16324
19870,32057,18442,6.16627
20155,31985,18487,6.16727
20143,27880,18986,6.16998
20303,27964,18824,6.18224
20408,27896,18903,6.18377
21253,27724,18974,6.19049
17450,29857,19801,6.1964
17615,29525,20264,6.19966
18678,25812,19934,6.20439
18688,25768,19998,6.20508
18643,26360,19117,6.23749
18683,26184,19373,6.23851
18743,25920,19757,6.23952
18853,26224,19275,6.244
19233,26128,19335,6.24668
20113,28012,18794,6.25641
20778,27844,18899,6.26742
20788,27800,18963,6.26812
17440,29901,19737,6.27311
18548,26384,19102,6.27486
18558,26340,19166,6.27565
18698,25724,20062,6.27665
18758,25460,20446,6.27725
18768,25416,20510,6.27795
18653,26316,19181,6.30186
18693,26140,19437,6.3033
18773,25788,19949,6.3039
18783,25744,20013,6.30459
18843,26268,19211,6.307
19223,26172,19271,6.30901
20250,31961,18502,6.30999
20123,27968,18858,6.3121
20228,27900,18937,6.31504
18618,26076,19550,6.32404
18628,26032,19614,6.32481
18738,25548,20318,6.32612
18748,25504,20382,6.32682
18788,25328,20638,6.3274
18753,25876,19821,6.34351
18763,25832,19885,6.34424
18833,26312,19147,6.34602
20133,27924,18922,6.34895
18568,26296,19230,6.35597
18638,25988,19678,6.35657
18648,25944,19742,6.35727
18728,25592,20254,6.35786
18778,25372,20574,6.35959
20313,27920,18888,6.37137
20323,27876,18952,6.37206
20503,27872,18918,6.37263
20513,27828,18982,6.37328
18608,26120,19486,6.37489
18668,25856,19870,6.37667
20493,27916,18854,6.38437
20693,27824,18948,6.38603
18578,26252,19294,6.38714
18588,26208,19358,6.38785
18658,25900,19806,6.38886
20683,27868,18884,6.39362
18598,26164,19422,6.3953
