obj0,obj1,obj2,obj3,obj4,cpu
3346,2081,2617,3773,4454,3.30408
3482,3743,3708,2455,2376,3.30409
3781,3882,1799,2898,3492,3.30411
3755,2185,4210,2457,3878,3.30412
3678,3558,3391,2394,2597,3.30414
3233,3731,3935,1658,3701,3.30417
3655,3274,3594,3639,2073,3.30419
4251,3416,2827,2070,3602,3.30424
3975,2307,2136,3908,3953,3.30428
3776,1890,4017,2602,4400,3.3043
3633,1344,3321,3833,4536,3.30435
3540,1255,4153,3684,4181,3.30437
3844,1351,4043,3821,3750,3.30441
3382,3287,3948,2933,2286,3.30445
4159,2737,3860,2116,3537,3.30451
2916,3387,2032,3900,3720,3.30459
3124,3836,3405,1712,4096,3.30465
2853,3253,4424,3386,2396,3.3047
3126,3240,4070,4092,2183,3.30477
3908,3634,3308,1940,3163,3.30484
3840,3794,2532,2234,3611,3.3049
4021,3340,2910,2524,3036,3.30497
3816,4142,2654,3521,2230,3.30506
3083,4109,1803,3865,3307,3.3051
3804,2143,2952,3698,3506,3.30518
4180,2442,3667,2261,4059,3.30535
4337,1592,2939,4016,4114,3.3054
4166,1428,3755,3806,3667,3.30543
3578,3102,3631,2872,2507,3.30548
3909,2430,4063,3828,2460,3.30567
3941,3000,3084,3697,2424,3.3057
4002,3412,2384,4057,2491,3.30582
3022,2490,4173,3964,2960,3.30589
2726,4194,3447,3119,2593,3.30598
2250,3900,4574,3493,2653,3.30608
4195,2156,3553,3886,2811,3.3061
3371,2018,4404,3106,3617,3.30613
3749,1312,4083,3241,4743,3.30625
3465,2677,2811,3719,3205,3.3063
2719,3964,3792,2216,3313,3.30659
4132,2819,1925,3502,4131,3.30671
3882,4000,1539,3427,3325,3.30681
3715,3278,1768,3462,3738,3.30687
3513,3659,3192,1918,3667,3.30701
3622,3554,3722,1864,3272,3.30715
3878,2711,3976,2100,4508,3.30726
2405,3978,3969,3007,3051,3.30733
2885,3915,4351,2234,3006,3.3074
3995,4178,1461,3383,3426,3.3075
3497,4008,3087,1833,4007,3.30753
3513,3269,2812,3383,2647,3.30761
3135,4072,2209,2744,3803,3.3079
2970,3898,1895,3768,3564,3.30799
2949,4411,2142,4253,2660,3.30812
2805,3481,3464,4254,2589,3.30817
3803,3563,1766,3894,3239,3.30833
3636,2841,1995,3929,3652,3.30842
3748,4302,1878,3815,2678,3.30849
3965,2946,2861,3459,2691,3.30857
3755,3730,3354,3161,2163,3.30869
3907,2280,4199,3109,2973,3.3088
3243,3280,2140,3132,4356,3.30893
2380,3111,4226,3996,3120,3.30917
2624,3179,4633,3297,2906,3.30925
2814,2121,4189,4020,3992,3.30937
3880,1702,4265,3748,3316,3.30944
2966,2122,4090,3505,4466,3.30952
3873,2079,3841,3901,2894,3.30968
3837,2250,3187,3569,3201,3.3098
3218,3172,3146,3323,2828,3.31003
3712,3819,3625,2001,2942,3.31048
3711,2465,4516,3170,2752,3.31055
2477,3516,2772,4296,3613,3.31064
2506,4224,3504,4498,2415,3.31074
2510,4540,2882,4649,2553,3.31083
2254,4216,3952,3644,2791,3.31092
3857,3006,4169,1955,3986,3.311
3716,3686,2894,3999,2140,3.31117
3115,3991,4268,1780,3572,3.31135
3008,3331,3819,2900,2794,3.31144
2953,3709,4184,2908,2486,3.31176
2535,3189,3621,3510,3518,3.31192
3323,3910,1815,3052,3923,3.31214
3892,4064,2050,2830,3279,3.31226
3436,4121,1723,3149,3666,3.31238
3549,4299,1645,3105,3767,3.31254
4198,3423,1956,2938,3885,3.31261
2708,3908,2464,3579,3440,3.31268
4033,1496,3049,3879,4545,3.31298
3329,2692,2188,3779,4070,3.31303
3859,4484,2129,3747,2465,3.31316
3669,3865,2105,4282,2592,3.31324
3702,3972,2340,4153,2287,3.31341
3498,2784,3046,3590,2900,3.31358
3921,2884,3150,3002,2946,3.31385
4191,2731,2658,2838,4250,3.31405
4580,2594,3395,2307,4068,3.3142
2907,2210,3357,4169,4347,3.31428
3675,2114,4294,3243,3186,3.3144
4256,2568,2853,4246,2878,3.31467
2628,3278,2789,3659,3873,3.31476
3479,4118,2122,2596,4299,3.31503
2473,3200,3394,4145,3475,3.3152
3425,3852,2933,1976,4317,3.31544
3178,4102,2594,2332,4078,3.3156
3462,2049,3379,3181,4661,3.31569
2981,3290,2709,2943,4232,3.31597
2909,2857,4365,2902,3431,3.31631
3551,4274,2276,2453,3989,3.31658
3886,3831,2874,2039,3578,3.31666
3728,1607,4276,3096,4221,3.3168
2993,2700,4024,2866,4123,3.31692
3174,3282,4378,2918,2487,3.3173
3407,2369,4626,3033,3183,3.31743
2228,4097,4140,3592,3068,3.31758
2793,2416,4382,3875,3470,3.31766
2797,2458,3473,4319,3967,3.31782
3014,4061,3458,2276,3132,3.31796
3882,3967,1553,3286,3683,3.31818
2929,3805,3119,2639,3347,3.31827
3224,3902,2785,2699,3166,3.3188
4249,3288,1967,3625,3239,3.31918
3523,1592,3437,3983,4156,3.31932
3236,2329,2733,3923,4074,3.31951
3253,1992,3449,3624,4099,3.31974
2645,2884,4440,3442,3428,3.3201
2531,4027,2635,4164,3457,3.32026
4142,3029,1907,3873,3540,3.32037
2451,3397,2960,4244,3890,3.3205
2476,2838,4132,4189,3721,3.32059
3551,2524,3697,3511,2850,3.32074
3117,2862,3935,2917,3230,3.3211
3006,4096,3738,1834,3967,3.32146
3436,4088,1737,3008,4024,3.32157
3060,4593,2393,4185,2447,3.32169
3862,1332,3865,3669,4098,3.3219
4176,2042,3745,2648,4409,3.3221
2856,3405,3099,3622,3060,3.32223
3314,2729,3978,2398,4214,3.32254
3209,4033,3114,3913,2248,3.32273
2779,3257,4028,2811,3304,3.323
3196,4287,1725,3821,3408,3.32337
3769,3789,1631,3330,3582,3.32351
4008,2414,2371,3779,3648,3.32384
2945,3208,4587,2829,2997,3.32399
2779,3934,4098,3040,2543,3.32422
3619,2923,3372,3712,2507,3.32447
3078,2094,4114,3480,3995,3.32468
2532,3112,4127,3481,3594,3.32513
2358,3308,3792,4095,3535,3.32534
2569,2927,3300,4338,4076,3.32548
2890,3268,2220,3848,3997,3.3256
2543,4120,2803,3732,3367,3.32579
2384,3427,3604,4147,3258,3.32597
2576,4142,3153,3217,3498,3.32618
4250,2062,3718,3239,3412,3.32632
3508,4244,1891,2865,3714,3.32657
2518,4189,3877,3104,2794,3.32674
2948,2494,3777,3389,3868,3.32697
2523,3887,4220,4199,2440,3.32755
2888,3201,3541,2794,3877,3.32786
3083,4076,1817,3724,3665,3.32832
4106,4360,1712,3315,3213,3.32853
3721,3900,2866,2620,2832,3.32872
3951,3976,2783,2166,3398,3.32895
4257,3335,2689,2274,4004,3.3291
3287,3694,2199,4084,2931,3.32928
3680,3335,2672,4072,2574,3.32957
4159,3924,2173,3651,2669,3.32982
3049,3068,4107,3325,2617,3.32999
3177,2568,3568,3478,3358,3.33036
3366,3940,2200,2640,4198,3.33074
3603,2184,4309,2972,3404,3.33093
3003,4306,2898,2382,3861,3.33122
2823,3298,2864,3751,3365,3.33139
2442,3786,2987,4494,3312,3.33165
3298,4403,2564,2442,3680,3.33186
3286,2099,3684,3495,3794,3.33205
3097,3258,3471,2351,4439,3.33247
3041,2583,2945,3538,4223,3.33276
3525,4085,3183,2681,2611,3.33315
3993,4182,1790,3359,3112,3.33335
3779,3676,3131,2923,2430,3.33358
2615,3819,3296,3430,3085,3.33388
3668,3013,3438,2991,2637,3.33433
2425,4380,3136,3854,3238,3.33471
2821,4119,2372,3676,3183,3.33492
3274,3738,4138,2440,2577,3.33531
2999,4181,3093,3825,2380,3.33554
3184,3129,3641,2307,4087,3.3359
3670,3781,2601,2977,2825,3.33624
2459,3175,3416,4488,3696,3.33686
3187,3652,3370,4452,2250,3.33704
3552,2320,3235,4063,3300,3.33725
2987,4164,2502,2986,3401,3.33745
3954,4123,1707,3143,3373,5.01294
3797,3611,1918,3549,3195,5.0134
3744,2618,2580,3588,4000,5.01383
2972,3435,2639,3533,3313,5.01414
2542,4083,3963,2801,3330,5.01464
4406,3800,1756,3219,3417,5.01484
3195,3365,2445,3339,3794,5.01504
3940,4097,2063,2659,3560,5.01548
2810,4283,2673,3571,3418,5.01564
2795,3554,2810,4118,3330,5.01582
3569,1983,3951,3764,3325,5.01609
3874,2218,2917,3679,4127,5.01645
4274,2370,2645,3725,4136,5.01665
3990,2028,3539,3559,3588,5.01679
3649,3703,2211,3791,2793,5.01708
3637,3827,2431,4026,2467,5.01747
2975,4288,2722,3221,3075,5.0178
2798,4407,2893,3806,3092,5.01804
3581,3951,2025,3022,3462,5.01822
2824,3036,3407,3680,3624,5.01856
2989,3098,3355,3234,3338,5.01893
4294,2124,3429,3696,3157,5.01974
3624,1889,4116,3117,3926,5.02033
3521,2688,2774,3782,3519,5.02088
2841,2699,4123,3381,3649,5.02116
3199,4106,2460,3777,2989,5.02151
2960,3559,2859,3768,2987,5.02185
3806,4215,2000,3385,2971,5.02227
4480,2138,3635,2785,3978,5.02256
3607,2226,3400,3416,3901,5.0229
2822,3144,4180,3955,2614,5.02334
2826,3186,3271,4399,3111,5.02369
2651,3978,4493,2747,2935,5.02397
3928,1985,4006,3254,3495,5.02418
3668,1951,3827,3574,3671,5.02456
3187,4230,2680,4012,2663,5.02491
3360,4336,2184,3107,3312,5.02517
3651,2288,3111,3873,3646,5.02544
2783,3678,3030,4353,3004,5.02569
3794,4339,2220,3620,2645,5.02603
4151,2960,3067,2548,3512,5.02641
2958,4191,2380,3329,3820,5.02697
3891,2060,3663,3749,3242,5.02727
4392,3774,2112,2735,3604,5.02753
3567,3925,2381,2538,3649,5.02779
2843,2849,3987,4100,3136,5.02823
3997,2191,4006,3228,3103,5.0286
3433,4043,2318,3264,3060,5.02891
2602,3376,4199,3396,3321,5.02942
3972,2047,3717,3711,3240,5.02965
3102,3035,2976,3624,3440,5.02991
3347,4014,2167,3535,3391,5.03028
4122,3458,2650,3053,2869,5.03063
3946,1966,3828,3102,3843,5.03089
4355,2536,2729,4056,3224,5.0313
4350,2518,3478,2761,3502,5.0315
3421,4167,2538,3499,2734,5.03183
3325,2965,2782,3430,3921,5.03221
3814,3992,2790,2802,2743,5.03268
3348,4460,2404,3342,2986,5.03291
3368,3573,3394,3087,2433,7.04859
3836,3478,3154,2083,3473,7.04953
3641,3560,3040,3793,2220,7.05015
4153,1864,3733,2900,4402,7.05055
3770,2874,3123,2647,3719,7.05095
3052,3921,3744,3746,2330,7.05163
3777,3566,2421,2747,3354,7.05201
3061,3920,2384,2863,3799,7.05273
2871,4201,3797,2388,3153,7.05316
3206,3153,4001,2297,4044,7.05353
4227,1840,3055,4166,3734,7.05427
3669,2948,2230,3800,3347,7.05461
2571,3929,4528,3025,2744,7.05513
3665,3506,2817,3555,2487,7.05546
3836,3670,2001,3765,2934,7.05582
3174,4131,2292,2960,3542,7.05618
3166,4298,3463,2448,2972,7.05652
3287,2151,4044,3037,4557,7.0568
3276,4073,3410,1884,3936,7.05712
3895,2716,3509,3982,2607,7.05741
3528,2653,3410,2617,4415,7.05771
3576,1606,4375,3611,3747,7.0585
4553,2016,3461,2946,4411,7.05899
3711,2962,2390,3311,3600,7.05926
4008,3331,2246,4261,2893,7.06
4175,3136,2142,3744,3235,7.06024
3755,4161,3100,2227,3177,7.06055
2929,4154,3073,2501,3857,7.06083
4132,2159,3926,2755,3880,7.06119
3774,3190,2501,2798,3857,7.06149
4231,3530,2191,2809,3580,7.06184
3798,4072,2829,3387,2398,7.0622
2897,4358,2631,3329,3040,7.06246
3359,3248,2902,2540,4563,7.06289
2864,4251,2396,3458,3345,7.06338
3104,3950,2769,2451,4074,7.06374
2945,2417,4283,3360,3944,7.06415
4224,2838,2893,2709,3945,7.06449
4149,1464,3811,3287,4752,7.06482
3266,2446,4237,2892,4035,7.06508
3039,4047,2092,3408,3562,7.06542
3301,3525,3768,2332,3181,7.75792
4157,3774,2309,2932,3182,7.75882
3698,3316,2494,3920,2922,7.75925
3835,3697,2597,2947,3265,7.75965
3207,3883,3250,3194,2761,7.75995
3376,3239,2782,3935,3005,7.7605
3431,3145,2947,3288,3606,7.7609
3600,2809,3564,2474,4105,7.76136
4411,2930,2778,3121,3569,7.76193
4007,2378,3128,3462,3910,7.76229
3228,3588,3057,3339,3283,7.76261
2803,3331,3600,3535,3102,7.76292
2972,2995,4217,2721,3601,7.76334
3952,2472,2963,4109,3309,7.76383
3753,3222,2659,3273,3523,7.76409
4311,2474,3018,3599,3479,7.76455
2706,3296,3740,3802,3495,7.76483
3178,3274,3235,3277,3297,7.7651
2685,3591,3933,3657,2973,7.76563
3230,3738,2921,4058,2770,7.76609
3370,2733,3647,2928,3539,7.76643
3153,3213,4157,2844,2796,7.76712
3183,3785,4101,2454,3052,7.76752
3837,3847,2461,3666,2752,7.7679
3315,2827,3482,3575,2938,7.7682
2854,3255,4550,2843,3472,7.76864
3618,4177,3107,2863,2522,7.76893
4057,3318,2549,3410,3092,7.76939
3679,3220,3371,3401,2340,8.90047
4101,3380,2260,3867,2837,8.90127
3656,3755,2957,2493,3012,8.9017
3915,4110,2530,3331,2576,8.90259
3150,3186,3847,3854,2450,8.90302
4063,4018,2237,3089,2978,8.90345
4137,2934,3426,2215,3952,8.90381
3303,3428,3485,2960,2613,8.90423
3530,4062,3068,3445,2339,8.90487
4049,3992,2593,2605,3165,8.90531
3733,2382,3776,2556,4293,8.90576
3370,3097,4061,2857,2708,8.90643
3384,3123,3705,3341,2521,8.90707
2907,4302,3423,3752,2697,8.90745
3949,3685,3136,1909,4051,8.90775
3748,3111,3639,2009,4381,8.90805
3606,3903,3617,1779,3612,8.9084
4352,3534,2567,2599,3435,8.90879
3119,2698,3692,3325,3465,8.90915
2942,2817,3863,3910,3482,8.90971
3538,2351,3490,3483,3544,8.91011
3293,3024,4171,2253,3692,8.91068
3877,2008,3757,3131,4233,8.91114
3470,3553,3821,2379,2798,8.91157
3576,3415,3131,3666,2400,8.91195
2831,3450,3990,3485,2811,8.9124
2800,3341,3746,4054,3029,8.91286
2812,3217,3526,3819,3355,8.91325
3041,3291,3317,3908,2845,8.9137
3460,3940,3274,2554,2791,8.91412
3180,4012,4017,2294,2825,8.91463
3900,3857,2518,2523,3391,8.91501
4258,3892,2049,3461,3015,8.91537
4721,2952,2680,2972,4070,8.91569
3670,2849,3195,3399,2872,8.91599
2925,3154,3147,4209,3457,8.91656
2977,3222,3575,3469,3012,8.91692
4008,2398,3939,3638,2806,8.91758
2921,3112,4056,3765,2960,8.91792
3107,2822,3912,3560,3139,8.91837
2781,3528,3166,3634,3517,8.91884
3744,3986,2500,3664,2540,10.0107
2598,3716,4158,2917,3348,10.0118
3559,1943,3659,3910,3722,10.0127
2919,3745,4112,2449,3439,10.0144
2810,3850,3582,2503,3834,10.0149
3574,2957,2903,4144,3013,10.0154
2776,2753,3666,4174,3445,10.0156
3252,4375,2589,4139,2483,10.0162
3506,2203,3008,3989,3772,10.0166
3616,1955,2892,3839,4152,10.017
3746,4152,2014,3096,3191,10.0175
3127,4525,2727,3393,2915,10.0181
2576,3913,3724,3016,3763,10.0185
3665,3896,3197,2090,3507,10.0189
2602,4032,3536,3068,3486,10.0193
2539,3804,3425,3581,3229,10.0197
2774,4513,2807,4109,2556,10.0203
4073,2247,3193,3419,3761,10.0207
3219,2940,2304,3929,3690,10.0213
3866,2601,3029,2840,4320,10.022
2827,4253,3458,4030,2506,10.0229
3274,2947,3834,2971,3524,10.0235
2438,3470,3609,4343,3174,10.0242
2744,3246,3551,3067,4080,10.0249
2504,4074,3640,3779,2928,10.0255
2508,4390,3018,3930,3066,10.026
3281,3639,3132,3071,3159,10.0265
3139,4401,2507,3158,3241,10.0271
2751,3938,2849,3167,3715,10.0275
3878,3684,2161,3276,3187,10.0279
3215,3035,3101,3635,3405,10.0285
4035,3565,2582,3875,2760,10.0289
3932,3205,3060,2276,4074,10.0292
3094,3643,3447,2593,3543,10.03
2517,4001,2991,3680,3644,10.0307
2482,4271,3206,3878,3343,10.0311
3742,3836,2636,2945,3053,10.0315
3573,4404,2543,3671,2574,10.0319
2786,4389,2587,3874,2882,10.0323
3684,2709,2787,3994,3393,10.0329
2416,3667,3175,4442,3589,10.0332
4139,2851,3224,2855,3515,10.0336
2931,2831,3061,3688,3843,10.0346
3157,2551,3707,2946,4430,10.0351
3814,3675,2720,2182,3888,10.0357
2510,3309,3693,3580,4009,10.0362
3441,2344,3572,3036,4139,10.0366
2923,4061,3490,2600,3577,10.0373
2628,2839,4033,3674,4195,10.0385
3507,2948,3603,2472,3893,10.0394
2673,4178,2679,3777,3139,10.0403
2661,4302,2899,4012,2813,10.0409
3340,3434,2850,4005,2881,10.0413
3028,3039,3416,3157,3789,10.0418
3571,4254,2679,2952,3087,10.0425
2886,2505,3550,4024,3825,10.043
3746,2233,2345,3819,4463,11.5069
3150,3191,2972,2983,4001,11.5079
3194,4291,2054,3797,3094,11.5087
3688,3793,2631,2749,3137,11.5098
2527,4203,3598,4350,2578,11.5105
2693,4087,3212,3248,2898,11.5112
3027,3569,2283,3832,3507,11.5123
3337,4462,2647,2658,3419,11.5141
3191,4144,2504,2690,3981,11.5146
3224,4251,2739,2561,3676,11.5152
3304,4322,2426,2646,4082,11.5158
3547,4303,1974,3081,3453,11.5163
4299,3541,1696,3467,3718,11.5169
3230,3821,2647,2903,3568,11.5174
2390,4650,3351,4052,2937,11.5179
4027,3259,2772,2728,3438,11.5184
4412,3719,1618,3423,3819,11.519
4015,1515,3227,4031,4197,11.5194
3696,4249,2367,2891,3058,11.5198
3684,3477,3253,2598,2999,11.5218
3434,4092,2066,2984,3710,11.5226
3539,3737,2578,3297,2880,11.5236
2862,4628,2846,3527,2739,11.5247
3690,3352,1858,3797,3496,11.5265
3023,4127,2870,3587,2647,11.5273
4255,3207,1829,3829,3641,11.528
3042,4365,2981,2598,3600,11.5285
3990,3073,3243,2930,3038,11.9569
4413,3080,2642,3840,3056,11.9585
3722,3382,3303,2523,3712,11.9596
3811,2921,4276,2692,2842,11.9607
3992,3223,3107,3649,2525,11.9614
4011,2778,3050,3075,3560,11.9618
4007,2736,3959,2631,3063,11.9625
3149,3524,3867,2847,2707,11.9634
4009,2886,3823,3350,2550,11.9641
3586,2521,3593,3271,3379,11.9646
3226,3696,3830,3614,2273,11.9655
3970,2842,3363,4188,2527,11.9661
3226,3338,2999,4445,3120,11.9665
2820,2994,4316,3236,3127,11.967
3934,2491,3141,4261,2961,11.9679
3693,2095,4116,3091,3534,11.9683
4013,2928,2914,3794,3047,11.969
3412,3590,3004,3862,2571,12.172
3214,3625,3457,3204,2863,12.1736
3692,2810,3359,2913,3456,12.1743
3383,3289,4074,2390,3362,12.1755
3637,2904,3194,3560,2855,12.1761
3922,2886,3276,2459,4022,12.1767
3579,3104,3757,2329,3583,12.1773
3351,3178,3704,3502,2504,12.1781
3808,3178,3548,2418,3073,12.1787
3421,2958,3825,3054,2799,12.1794
3674,2829,3537,3065,3108,12.1801
3404,2994,3881,2535,3884,12.1807
3889,2947,2780,3132,4215,12.9805
4256,2389,2823,3877,3788,12.9812
3213,2953,4255,3039,3000,12.9821
2924,3586,4228,2355,3519,12.9827
3502,3514,2252,3489,3376,12.9834
3759,3347,2443,3041,4088,12.9842
2752,3924,3290,3224,3364,12.9847
3473,2839,4363,2604,3725,12.9853
3329,3458,3841,1851,4302,12.9869
4033,2459,3017,4071,3307,12.9875
3354,3606,2545,3731,2974,12.988
3903,2859,2680,3980,3180,12.989
3027,3265,3673,3424,3032,12.9895
4321,2800,2952,2926,4061,12.99
3165,3849,2936,4551,2665,12.991
3177,3725,2716,4316,2991,12.9914
2747,3705,4399,2940,3536,12.9919
3246,2913,3753,4047,3051,12.993
3342,3730,2765,3966,2648,12.9938
3557,3301,3323,2428,3998,13.3676
3736,2872,3070,3370,3201,13.3694
3333,3731,2541,3889,2898,13.3707
3345,3607,2321,3654,3224,13.3715
3284,3195,3021,3294,3157,13.3725
3568,3537,2127,3460,3705,13.3738
4020,3214,2176,3536,3749,13.3747
3797,3284,2370,3730,3268,13.3753
3611,3567,2512,3048,3980,13.3759
3074,3354,3694,2871,3123,13.3774
3509,2812,2994,4017,3193,13.3788
2840,3669,3328,3171,3371,13.3793
2663,3788,3499,3756,3388,13.38
3135,3766,2994,3231,3190,13.3806
3141,3023,4270,2768,3218,13.3819
3238,3395,2830,2927,4069,13.3828
3450,3146,3580,3312,2850,13.3836
3126,3510,3418,3786,2680,13.3843
3155,3049,3914,3252,3031,13.3851
3704,2302,4049,3501,3237,13.3863
3066,3389,3974,2429,3958,13.3871
3090,3159,3196,3859,3114,13.3878
3358,3696,2800,3037,3671,13.3891
3175,3284,4504,2375,3563,13.3904
3015,3465,3024,3121,3588,13.3911
3414,2795,3358,3385,3284,13.393
3328,2510,4163,3060,3510,13.3945
3112,3796,2864,3940,2827,14.2391
4202,3079,3335,2342,3772,14.2412
3236,3674,2846,4313,2742,14.2419
3344,3867,3243,2558,3416,14.2427
4145,3317,2466,3725,3140,14.2435
4136,2475,3304,2906,4018,14.2442
4077,2563,2571,3570,3899,14.2451
4143,3167,2602,3006,3653,14.2458
2536,3428,3505,3632,3732,14.2464
2527,3929,3311,4643,2937,14.2477
2848,3823,2939,4480,2824,14.2483
4094,1952,3000,3564,4283,14.249
3679,3922,2841,2574,3320,14.2498
4033,3415,2718,3156,3273,14.2505
2780,3069,3044,4325,3583,14.2516
2791,3902,3236,4103,2940,14.253
2484,4421,3070,4597,2830,14.254
4160,2556,3031,3000,4037,14.2547
3061,2431,3398,3779,3970,14.2554
3991,3862,2083,3232,3288,14.5643
3669,1695,3543,3760,4102,14.5659
3382,2432,2839,3700,4020,14.5667
3136,3849,2454,3786,3257,14.5676
2969,3127,2683,3821,3670,14.5689
3002,4151,2793,4174,2610,14.5702
3035,3731,2714,3257,3424,14.571
3272,2680,2955,3850,3640,14.572
3489,3861,2374,3070,3616,14.5729
3213,3845,3299,2397,3679,14.5739
3475,3835,2730,2586,3803,14.5749
3000,4001,2929,3455,3123,14.5764
3468,3143,3432,2486,4168,14.5773
3409,3231,2699,3150,4049,14.5781
3147,3241,3268,2961,3925,14.5788
3249,4027,2376,3742,3358,14.5799
2640,3922,3165,4110,3062,14.5806
2860,3833,3379,3113,3320,14.5814
3602,3668,3086,2603,3250,14.5822
3236,2603,3020,3630,3715,15.8557
3575,2069,3161,3609,4016,15.8574
3862,2201,3107,3227,4670,15.8598
3523,1866,3724,3690,3797,15.8605
3497,1747,3912,3638,4074,15.863
2771,2613,3948,3974,3885,15.8639
2797,2732,3760,4026,3608,15.8663
3136,2198,3901,4005,3909,15.868
3590,2195,3574,3632,3363,16.5117
2818,3605,3975,3161,3056,16.5127
3728,2252,2523,3971,4115,16.5139
2610,3600,4405,3146,3257,16.5156
2346,3627,4480,3686,3254,16.5169
2915,2709,3392,3793,3828,16.5179
3118,2217,4079,4157,3561,16.5188
3984,3475,2578,2872,3742,16.5195
3686,3254,2534,4276,2976,16.5222
3829,3113,2653,3997,3051,16.5231
3557,2088,3339,3761,3668,16.5241
3761,2359,2758,3842,3810,16.5263
3016,3570,3522,3819,2764,16.5272
2544,3592,4027,4344,2962,16.5281
3077,3982,2822,4179,2831,16.5294
2879,4017,3275,3521,3123,16.5333
3123,2781,3797,3121,3632,16.5382
3093,2823,3977,2933,4083,16.539
3618,2500,2639,4121,3735,16.5397
2785,3498,3740,3290,3361,16.5412
3396,3766,2940,2829,4187,16.5421
2740,2811,4057,3649,3724,16.543
2407,4039,3780,4046,3321,16.5439
2846,3910,3040,3650,3428,16.5447
2956,3662,2924,3500,3808,16.5454
3651,2607,2874,3992,3430,16.5493
4083,2269,3122,4186,3438,16.5507
3780,3204,3159,2791,3600,16.5515
2948,2816,3627,3664,3523,16.5534
3294,2945,2981,3331,4079,16.5568
3905,1763,3343,4181,3817,16.5588
3347,2511,2984,3855,3861,16.5595
2989,3769,3159,3371,3503,16.5604
3639,3714,2502,3123,3916,16.5611
3184,3193,3097,3481,3699,16.5623
3321,2746,3344,3779,3340,16.5671
3327,3052,3216,3202,3774,16.5684
3457,2263,2868,3705,4241,16.5694
2517,3791,3664,3896,3701,16.5711
3009,3228,2927,4024,3590,16.572
2781,3764,3589,3356,3704,16.573
4008,3152,2216,3892,3803,16.574
3525,3017,2763,3860,3482,16.5749
3296,3491,3703,3038,2925,16.9154
3492,3306,3386,2977,3146,16.9178
3196,3035,3943,3516,2835,16.9191
3526,3567,3620,2584,3491,16.92
3397,3252,3674,2525,3782,16.9208
3469,3022,3589,4222,2622,16.9219
3147,2945,3877,4237,2705,16.9229
4154,2703,3795,2822,3281,16.9239
2949,2980,4330,3579,2997,16.9251
3392,2850,3626,3455,3056,16.926
4384,2779,3712,2368,3847,16.9269
4352,2668,3342,3480,2989,16.9277
3832,2626,4083,2837,3364,16.9287
3208,3357,3177,4597,2772,16.9308
3279,3512,4007,2647,3653,16.9323
2875,2960,4357,2988,3994,16.9343
3588,2671,3457,3990,2866,17.0608
3605,2334,4173,3691,2891,17.0631
3968,2692,3499,3469,3040,17.0661
3842,2447,3380,3620,3113,17.941
3632,2606,4053,3197,3079,17.9427
3830,2571,3600,3855,2787,17.9443
3885,2477,3765,3208,3388,17.9455
4278,2863,3704,2146,4517,17.9467
4115,2553,3682,2754,3954,17.9475
3718,3281,3628,2057,3873,18.2873
4159,3745,2143,3282,3579,18.2905
3718,2891,3248,3522,2853,18.2914
4002,3233,2354,3688,3401,18.2924
3411,2918,3802,3697,2708,18.2936
3779,3303,2548,3882,2920,18.2948
3936,3815,2337,3476,3098,18.2967
3423,2794,3582,3462,3034,18.2991
3117,3764,2839,3077,3528,18.3007
3219,3683,3894,2415,3338,18.3017
3713,3866,2327,3004,3920,18.3029
3340,3694,2645,2883,4009,18.3039
4335,2826,2596,3410,3874,18.305
3490,3936,2521,3198,3439,18.3069
3105,3888,3059,3312,3202,18.3086
3563,3643,2655,3355,3187,18.3094
3875,3403,3037,3116,3031,18.3111
3772,3547,2817,2677,3855,18.3133
3484,3206,2882,3822,3101,18.3148
4281,2560,3407,2790,3892,18.3163
3329,3706,2797,3868,3116,18.3173
3549,3617,3011,2871,3374,18.3182
3702,3630,3523,1972,4213,18.3194
3383,3724,3030,2471,4284,18.3203
3307,3325,3053,4407,3118,18.3213
3472,3330,3102,4057,2775,18.3223
3707,3136,2688,3628,3582,18.3233
3134,3427,3555,2778,3553,18.3243
3503,4025,3000,2581,3886,18.3255
3429,3524,3221,2838,3372,18.3264
3211,3718,4174,1973,4173,18.3279
3160,3794,3224,2665,3803,18.3289
2957,3546,3726,3363,3570,18.3299
3538,4063,2841,2073,4060,19.34
3356,3491,2048,3229,4099,19.3418
3094,3501,2617,3040,3975,19.3433
3171,2183,3282,3629,4350,19.3451
3217,4161,2677,2548,3817,19.3462
2741,3489,2697,3756,3616,19.3479
3479,4151,2108,2737,3941,19.3494
3592,4329,2030,2693,4042,19.3504
3044,3042,2969,3785,3586,19.3513
2694,3443,4064,3110,3949,19.3525
2644,4238,2543,4261,3200,19.3537
3124,3672,2644,3705,3153,19.3548
3210,3469,3379,2448,4182,19.3561
3098,3959,2825,2744,3681,19.3573
3302,2880,3907,2490,4645,19.3583
3590,1836,3080,3787,4429,19.7814
3480,2084,3196,3937,4049,19.7835
3670,2466,2755,3707,3996,19.7847
3755,3763,1987,2846,3769,19.7859
3722,4183,2066,3763,2955,19.7874
3706,1804,3842,3195,4636,19.7886
3303,2573,2376,3727,4347,19.7897
3748,3071,2689,2746,4134,19.791
3689,3159,1956,3410,4015,19.7926
2923,4292,2330,4201,2937,19.7942
4110,2356,3492,2854,4295,19.7968
3261,3575,2387,4032,3208,19.7992
3868,3941,1909,2802,3870,19.8008
3383,3203,2051,3647,3914,19.802
3493,3773,2556,2657,3645,19.8035
3507,3799,2200,3141,3458,19.8055
2923,2614,3849,3459,4359,19.8073
3734,4059,1846,3528,3281,19.8085
3193,2821,2492,3877,3967,19.8098
3486,3081,3258,2557,4010,19.8111
2864,2702,3116,4123,4240,19.8129
3828,3701,2364,2666,3701,19.8166
3273,3451,2167,3797,3534,19.8179
2935,4168,2110,3966,3263,19.8192
2496,4297,2850,4362,3156,19.8215
3427,3169,2525,3221,3891,19.8229
3210,3555,3034,4261,3019,19.8246
2754,2950,3232,4273,3860,19.8257
3121,3213,2620,3458,3790,19.827
3802,3337,1878,3366,4116,19.8302
2593,3548,3004,3857,3572,19.8329
3288,4180,2030,3250,3622,19.8345
3854,3738,2384,3514,2920,20.0083
3112,3903,2677,4024,2990,20.0104
3448,3036,2870,3136,3774,20.0118
3595,2976,3788,2503,3615,20.3595
3616,3694,2730,3087,3063,20.3619
3536,3064,3055,3167,3496,20.3642
2794,3229,3348,3677,3566,20.3659
2874,3859,3023,3597,3133,20.3681
3097,2782,3620,3706,3536,20.3699
3843,3954,2376,3474,2886,20.3724
3207,2534,3504,3556,3916,20.375
2853,3141,4081,3013,3685,20.3763
3937,3596,2894,2612,3306,20.3786
3227,3871,2943,2881,3492,20.3804
2605,4192,3380,4308,2761,20.3837
2933,3771,3756,2933,3252,20.3851
3439,3402,2726,3815,3227,20.3864
4240,2969,2964,3384,3348,20.3889
3026,2806,3551,4115,3098,21.3353
3827,1962,3614,3827,3366,21.3374
2896,3595,3899,3612,2631,21.3389
3169,3582,3545,4318,2418,21.3417
3697,2751,3962,3324,2899,21.3431
3365,2272,3692,4094,3399,21.3445
3158,4333,3743,2006,3807,21.3499
3689,2581,2646,3850,3602,21.8827
3722,3605,2756,4203,2542,21.8854
3888,3748,2672,2679,3141,21.8866
3856,3303,2417,3815,3189,21.8881
2421,4064,3758,3703,3100,21.8893
3518,2417,3462,3640,3155,21.8906
3113,4333,3044,4106,2397,21.8925
3146,3913,2965,3189,3211,21.8941
3618,2873,3222,3162,3245,21.8962
2876,3038,3515,3672,3315,21.898
2975,3749,3781,2979,2764,21.8997
4051,1866,3449,3958,3763,21.9022
3289,2343,3671,3551,3665,21.9038
3989,3866,2412,3208,2974,21.9054
3692,3933,2989,2740,2920,21.9068
3881,3056,3374,2579,3506,21.908
3651,2980,3457,3033,2940,21.9094
2480,3976,4491,3039,3219,21.9109
2746,3827,3863,3169,2848,21.9132
2917,3991,3047,3379,3295,21.9153
3193,2654,3357,4174,3407,21.9169
2942,3642,3546,3108,3069,21.9182
3822,3144,2641,3243,3387,21.92
2909,3145,3750,3543,3010,21.9217
3980,2158,4025,3270,3406,21.924
4110,1778,4182,3294,3882,21.9253
3755,3185,2677,3286,3356,21.9267
3788,3292,2912,3157,3051,21.9305
3322,2450,3906,3422,3360,21.9323
3054,3152,4100,2812,3570,21.9348
2446,3715,4257,3432,2874,21.9367
3355,2947,3702,2987,3419,21.9386
3748,2493,3379,3186,3721,21.9401
3941,2114,3565,4108,3383,21.9435
3114,2445,4336,3407,3561,21.9471
3584,3021,3493,3076,2909,21.9501
3781,2600,3614,3057,3416,21.9517
3642,2076,4112,3182,4289,22.3558
2808,3565,3952,3804,2965,22.3584
3631,3148,3106,3339,3343,22.3617
3202,1972,4096,3853,3910,22.3635
3388,2920,3643,2993,3902,22.3649
3559,3084,2827,3203,4349,22.3663
3355,2813,3408,3122,4207,22.3683
3785,3222,2410,4086,3322,22.3703
3225,3602,3756,2619,3740,22.3718
3270,2726,3991,4008,3151,22.3748
3598,3041,2871,3468,3648,22.3797
2576,3703,4397,3232,3820,22.9698
4001,1863,3832,3415,3928,22.9724
3714,2600,3128,3355,3846,22.9792
3376,2652,3509,3132,3941,22.9812
3071,3476,3687,3172,3365,22.9863
3918,2871,2547,3436,3988,22.9876
4131,1483,3989,3439,4404,22.9891
3747,2707,3363,3226,3541,22.992
3179,2629,3379,4517,3628,22.9943
2542,3442,4163,3625,3475,22.9977
3741,3160,2699,3629,3577,23.0046
3680,2748,3399,3269,3510,23.0061
4028,2441,3766,2776,3585,23.1316
3245,3251,3773,3040,3308,23.1347
3247,3401,3637,3759,2795,23.1368
4030,2591,3630,3495,3072,23.1387
2967,2961,4152,3427,3345,23.2978
3165,2926,3699,4085,3053,23.3004
3980,2227,4062,2709,4188,23.3042
3943,2955,3497,2533,3713,24.0233
3954,3191,2301,3565,3420,24.026
4043,3411,3257,2055,3803,24.0283
3713,2879,3580,2987,3147,24.03
3654,3588,3470,1849,4232,24.0317
2931,3906,3750,3007,2901,24.0337
3141,3747,3077,3430,2935,24.0357
3600,3173,3978,2403,3274,24.0376
3460,3008,3868,2976,2838,24.0399
3250,3642,3607,3376,2540,24.0419
3261,3202,3531,2911,3103,24.0444
3491,3278,3448,2457,3669,24.0473
3792,4189,2356,2901,3158,24.779
3281,3318,3465,3606,2581,24.7813
3447,3269,4024,3624,2274,24.7834
4205,3226,2259,3319,3747,24.7851
3104,3437,3636,4191,2598,24.7868
3542,3938,2848,3210,2665,24.7884
3150,4495,2857,2684,3278,24.79
2855,4398,3191,2624,3459,24.7914
3419,4017,2674,2780,3247,24.794
3528,3912,3204,2726,2852,24.796
3596,4374,2673,2962,2937,24.7977
3343,3239,4026,2513,3598,24.7992
3891,2983,2900,4215,2854,24.8009
2678,4517,3362,3209,3476,24.8025
3030,4194,2887,2574,3676,24.8042
2796,4257,3029,3087,3605,24.8068
3253,3063,3275,4307,3126,26.0173
3185,2309,3380,4152,3885,26.0194
3967,2811,2687,3720,3519,26.0212
3295,2061,3264,4002,4265,26.023
3411,2029,4026,3410,4472,26.0249
3807,2689,2296,3504,4201,26.0272
3008,2798,2560,3942,4183,26.029
3186,2912,3145,3082,4438,26.0307
3168,2920,2951,4158,3501,26.0328
3448,2902,2576,3271,4562,26.0349
3477,2633,4057,2846,4226,26.0367
3278,3263,3212,3122,3662,26.0386
3015,3472,4018,2642,4040,26.041
3735,2165,3280,3331,4644,26.0435
3599,3292,3166,2654,3753,26.0455
2723,3148,3341,3948,3699,26.0472
3511,3264,2981,2623,4031,26.2323
3609,3592,1881,3700,3758,26.2354
3336,3366,3646,2479,3927,26.2371
3798,2527,3685,2683,4113,26.2394
3452,3352,2248,3287,3912,26.2422
3015,3337,3692,2947,3836,26.2446
3397,3446,2083,3934,3311,26.2462
3496,3414,1959,3744,3657,26.2481
3342,3600,2364,3437,3532,26.2501
3386,3662,2075,3894,3277,26.2523
2846,3673,3075,3761,3337,26.2544
3800,2677,3549,3402,3600,26.2561
2890,2821,2928,4175,3963,26.2577
2956,3425,2959,3611,3717,26.26
3701,2098,3216,3988,3777,26.2617
2949,2733,3661,3511,4082,26.2635
3167,3702,3029,3293,3428,26.2652
3234,3424,2528,3555,3533,26.2667
2973,2814,3388,3605,4101,26.2686
3154,2794,2853,3635,3966,26.2705
4165,2926,2160,3373,3826,27.9049
3779,2340,2580,3690,4158,27.9097
3354,3462,2391,3064,4143,27.9121
3440,2874,2439,3711,3857,27.9141
3348,2732,2752,3688,3805,27.9163
3660,4481,1896,3037,3554,27.9185
3826,3460,2019,3394,3525,27.9201
3081,4080,2146,3700,3351,27.9221
3197,2970,2735,4325,3545,27.9248
3477,4122,2451,2572,3985,27.9267
3307,4469,1976,3753,3195,27.9284
3880,3971,1882,3262,3369,27.93
4332,3648,1931,3338,3413,27.9319
3723,3459,2093,3668,3191,27.9339
3194,4258,2068,3656,3452,27.9364
3608,2176,3396,3480,3711,27.9381
3183,3298,3207,2854,3696,27.9412
3335,3466,3159,3216,2738,28.3125
3492,3978,2948,2810,2916,28.3157
3674,2932,3300,3195,3039,28.3178
3020,3980,3320,2480,3534,28.3197
3928,2805,3138,2663,4424,28.3216
3608,3453,2805,3922,2525,28.324
3722,4054,2865,2356,3482,28.3262
3445,2858,3509,3106,3549,28.328
3307,4112,3266,2098,4188,28.33
3133,4191,3228,2577,3277,28.3316
2966,4074,2858,3954,2685,28.3338
3947,2919,2946,3901,2826,28.3361
2797,3179,3052,3699,3642,28.338
3210,2484,3208,3578,3992,28.341
4157,2879,2929,2752,3914,28.3441
3632,3399,2582,3684,2792,28.346
3971,2865,2723,3663,3093,28.3486
2667,3968,3400,3196,3175,28.351
3831,3444,3089,2789,3217,28.3535
4061,3520,3006,2335,3783,28.3558
4091,2275,2898,3316,4160,28.3581
3955,3604,2998,2113,4453,28.3602
3106,3392,3368,3127,3248,28.3619
3304,4355,2412,2787,3724,28.3646
3765,3965,2594,3516,2703,28.3663
3506,3630,2343,3426,3185,28.3682
3663,4142,2132,3020,3363,28.3707
3080,3273,3556,3075,3525,28.3737
2838,4132,2584,3406,3622,28.3769
3420,4323,3174,2195,3931,28.3788
2990,4020,2635,3716,2952,28.3806
2829,4521,2611,3656,3044,28.3831
3009,4010,4015,2586,3109,28.7405
3205,3825,3698,2525,3330,28.7443
3965,3920,2635,3446,2707,28.7474
3343,2519,4127,3496,3051,29.3308
3076,3867,3521,3508,2597,29.3346
3685,3139,3233,3605,2742,29.337
2701,3140,4180,3528,3211,29.3392
2781,3770,3855,3448,2778,29.3444
2547,3833,3997,3961,2707,29.3474
3443,2975,3887,3018,3141,29.3518
3043,3760,3286,3637,2902,29.3541
3785,3595,2993,3127,2832,29.3612
2767,3744,4211,2964,2965,29.3633
3316,3142,3531,3001,3694,29.3655
3573,2595,4044,3042,3617,29.3812
2801,4005,4445,2571,3310,29.3834
3581,2208,3685,3391,4161,29.5301
3072,2761,4444,3350,3443,29.5332
3382,2190,4004,3617,3564,29.8409
3420,2714,3220,3589,3686,29.8493
3435,3443,3083,3042,3774,29.8513
3624,2985,2639,3670,3828,29.8537
3301,3552,3604,2718,3931,30.2606
3410,2913,3743,2739,4286,30.2639
3478,3473,3468,2630,4049,30.9655
2897,3732,4351,2764,3911,30.9725
2950,3192,3783,2820,4016,33.352
3004,3458,2972,3440,3998,33.3556
3361,3486,3640,2489,3777,33.3577
2904,3449,3340,4064,2935,33.3598
2798,3191,3882,3335,3542,33.362
3094,2818,3764,3395,3956,33.3642
2964,3218,3427,3304,3829,33.3661
3502,3187,2704,3670,3449,33.4752
3441,2775,3404,3310,3382,33.4785
3124,3360,3554,3067,3193,33.4818
3138,3386,3198,3551,3006,33.4841
3714,2881,3706,2444,4223,33.4873
3328,2755,3622,2882,4027,33.4894
3162,2728,4077,2913,3740,33.4921
3815,2795,2955,3251,4211,33.846
3460,3244,3628,2852,3842,33.8491
3798,3406,2526,3257,3827,33.8512
3630,3474,3369,2115,4523,33.8542
3401,4391,1938,3347,3365,33.8563
3278,2672,2835,4008,3881,33.8585
3389,4515,2158,3582,3039,33.8606
3564,2870,3338,2679,4769,33.8628
3472,3459,2810,2637,4306,33.865
3469,3669,1970,3185,4200,33.8673
3346,3426,2730,4163,3122,33.8701
2857,3457,3459,3164,3823,33.8722
3363,2815,3159,4157,3506,33.8748
3219,3351,2479,3786,3543,34.033
3311,2762,3007,3828,4006,34.0373
3285,3955,2510,3222,3297,34.0394
3370,2674,3740,3164,4125,34.0419
3201,3010,3123,3978,3626,34.044
3184,3621,2694,3984,3242,34.046
3250,4225,2725,3420,2996,34.0488
3386,4073,2250,3751,3130,34.0516
3606,3984,2464,2754,3388,34.0546
3691,2703,3694,2696,4216,34.057
3673,2925,2779,3954,3359,34.3434
2947,3791,2815,4290,3170,34.346
3783,2677,2663,3804,3739,34.349
3800,2066,3092,3798,4123,34.3547
3513,2803,2388,3738,4041,34.3568
3251,2813,2957,3549,3917,34.3589
2863,3321,3613,2864,4368,34.7424
3276,4304,2250,3485,3296,34.7447
2870,4013,2911,2964,4003,34.7471
2590,3939,3368,3500,3576,34.75
3419,2541,3138,3135,4554,34.7532
3072,3840,3013,2692,3958,34.756
2821,4086,2386,3535,3541,34.8947
3540,3347,2447,3177,3992,34.8983
3358,3811,3095,3838,2725,35.028
3735,2299,3574,3196,3856,35.0313
3737,2449,3438,3915,3343,35.0346
2616,3976,3388,4348,2795,35.0369
2952,3109,3581,3460,3579,35.0391
3509,3098,3467,3191,3380,35.1046
3913,3650,3117,2850,3039,35.1075
3338,3284,2986,3286,3394,35.1096
3382,3757,2872,3600,2992,35.3622
3649,3242,2977,3123,3597,35.3698
2753,4100,3087,4066,3163,35.3724
3195,3761,3187,3122,3376,35.4911
3393,2655,4072,3187,3330,36.1921
3414,2755,2627,3659,4134,36.1955
2830,3286,3287,3570,3337,36.198
3243,2591,3443,3449,3687,36.2016
2711,3320,3712,3379,3894,36.2047
3269,2710,3255,3501,3410,36.207
2424,3912,3823,3531,3289,36.2099
3001,3450,2471,3780,3784,36.2125
2700,4075,3635,3067,2870,36.2189
2399,4261,3324,3802,3515,36.2217
2450,4031,3635,3583,3012,36.2241
3470,3430,3153,2472,4350,36.2269
2752,4273,3244,3086,3874,36.2292
2484,4292,3869,3190,3357,36.2314
3139,3499,3603,2998,2943,36.237
3453,4430,3409,2066,3626,36.2396
3513,3895,3296,2605,3033,36.6544
3317,4080,3613,2666,2812,36.6573
3160,3568,3824,3072,2634,36.6595
3527,3921,2940,3089,2846,36.6617
3370,3409,3151,3495,2668,36.6642
3433,3555,3470,3778,2421,36.6697
3400,2171,3826,3465,3912,36.6721
3629,2245,3617,3554,3402,36.6748
3687,2303,3772,3083,4566,36.6773
3800,2409,2801,3764,3849,36.6795
3571,2335,3010,3675,4359,36.6828
4016,2833,3323,2694,4146,36.6861
4023,3525,2621,2794,3781,36.6884
3494,3967,2770,4138,2488,36.693
2791,4176,3523,3810,2581,36.6955
3880,3039,2476,3684,3416,36.698
4037,3551,2265,3278,3594,36.7012
3547,4156,3530,2212,3378,36.7058
3541,3573,2335,3705,3115,36.708
3428,3362,2427,3608,3372,36.7107
3290,2779,3476,3575,3101,36.7177
2728,4030,3204,3527,2828,36.7205
3957,2921,2590,3358,4027,36.7263
3916,2377,3563,3172,4056,36.7287
3511,3042,2774,3080,4368,36.7347
3081,4042,3124,2811,3187,36.7372
3627,3010,3536,2488,4575,36.7398
3590,4067,3259,3372,2599,36.7423
3340,2878,3590,2870,3921,36.7468
3461,2943,2660,3785,3548,36.7539
3155,4543,2903,2554,3701,36.7592
2648,3400,3529,3607,3261,36.7615
3591,3672,2449,3000,3935,36.7679
2689,4353,3061,3314,3241,36.7704
2541,4412,3368,3415,3197,36.7782
2654,4623,3276,3512,2940,36.7806
3789,3911,2371,3278,2970,37.0672
3162,2764,3005,3730,3666,37.0705
3439,2558,2999,3667,3482,37.0736
3309,3347,3347,3164,3015,37.077
3889,3000,2967,2677,4699,37.0799
3779,3617,1989,4132,2972,37.562
3269,4625,2627,2985,3423,37.5692
4118,3083,2130,4111,3273,37.5715
3601,3111,2210,4127,3351,37.5742
3156,4414,2719,2888,3680,37.5768
3628,4412,2347,3218,3062,37.59
3304,3357,2915,3785,2956,37.5924
3940,2577,2351,4106,3652,37.5951
2803,4402,2799,3604,3321,37.6006
3277,3556,2552,3337,3695,37.6054
3167,3804,2668,3487,3315,37.6081
3471,3900,2558,3624,2884,37.6106
3333,3988,2523,3051,3578,41.1627
3493,2968,3366,3984,2889,41.166
3456,3909,2697,3481,2996,41.1685
2999,3794,4077,2171,3630,41.1711
3279,3722,3334,2431,3596,41.1742
2890,3899,3547,2225,4025,41.1774
3293,3748,2978,2915,3409,41.1808
3402,3643,3508,2861,3014,41.1837
2944,4165,2736,2845,4007,41.1869
3127,3721,3433,2946,3122,41.1926
2738,3898,3646,2740,3551,41.1965
2904,3925,3191,2709,3838,41.1997
2847,3793,4176,2686,3156,41.2025
3257,3341,3590,2970,3598,41.2052
3982,3296,2453,3513,3266,41.6681
3547,3725,3784,3146,2364,41.6708
4260,2855,3600,2645,3370,41.6737
3806,3283,2594,3807,3018,41.6765
4108,2854,3699,3160,2896,41.6827
3508,3681,3324,3984,2341,41.6852
3733,2995,3514,3682,2625,41.6878
3287,4048,3104,2982,2919,41.9208
3370,3465,4044,2633,3178,42.1171
4112,2896,2790,3604,3393,42.1213
3732,3307,3272,2541,3686,42.1242
3566,3280,3727,2572,3399,42.127
3417,3648,3441,3073,3046,42.2304
3506,3815,3840,2033,3992,42.2333
3472,3554,3606,2426,3647,42.236
3787,2648,2965,3176,4275,42.4445
3687,2639,3333,3800,3212,42.4485
3698,3137,2464,3551,3832,42.5496
3475,3207,2658,3745,3351,42.5538
3063,3599,3134,2977,3852,42.6062
3231,2934,4077,2887,3348,42.61
3515,3276,3183,3053,3896,42.6138
3198,3155,3285,2791,3900,42.7312
3484,2805,3789,2898,3657,42.7357
3307,3050,3815,2737,3505,42.7386
3032,3128,3740,2822,3613,42.7424
3728,2907,3350,2928,4036,42.7464
3368,2995,3167,3018,4196,42.749
2884,4265,2691,3959,2936,43.0138
3059,4163,2026,4103,3040,43.0172
2620,4292,2766,4499,2933,43.0201
2679,4204,3499,3835,3052,43.0237
3237,4277,2611,3243,3295,43.0267
2637,3681,3195,4493,3317,43.0306
2881,3657,2247,4098,3419,43.1832
3182,4431,2892,2746,3516,43.187
2898,3046,2676,4092,3803,43.1902
3076,3160,3261,3232,4058,43.1944
3048,4379,2018,4063,3006,43.1977
3338,3150,2692,3421,4182,43.2005
3444,4421,2323,2935,3640,43.2034
3059,3771,2832,3238,3674,43.2062
2829,4419,2972,3462,3157,43.2088
3321,3761,2263,3427,3798,43.2123
3004,4317,2307,3606,3261,43.2153
2525,3779,3447,3924,3450,43.2181
2706,3759,2912,3954,3315,43.221
2803,3778,3016,3868,3266,43.225
3608,3024,2967,3487,3880,43.2288
3418,3780,2367,3341,3749,43.2319
3858,4054,1762,3665,3058,43.358
3540,3380,2433,3318,3634,43.5583
3620,4010,2108,3238,3201,43.5631
3941,3912,2272,2763,3444,43.5667
3632,2791,2961,3360,4097,43.5696
4134,3533,2458,3685,3106,43.5729
3351,4343,2465,3949,2829,43.5757
3847,4270,1754,3625,3024,43.5792
3522,3039,3077,3510,3717,43.582
3585,4280,2323,3436,2900,43.5848
4244,3285,2342,3535,3486,43.5877
3626,2981,2310,3694,4142,43.7748
3284,2361,3204,3585,4451,43.7792
3270,2762,3615,3043,4173,43.9625
3294,2843,3342,3137,4192,43.9816
3612,3382,2721,3152,3864,43.9848
3485,3145,3169,2571,4308,44.2382
3252,3144,3400,3070,3939,44.2424
4051,2444,2759,3518,4176,44.3896
4117,3048,2790,2954,3930,44.3942
3142,2801,3139,4106,3778,44.3972
3685,3195,2618,3160,4084,44.4027
3222,3431,2814,4026,3345,44.4055
3605,2565,2943,3240,4517,44.4082
3368,2521,3785,3364,4365,44.4149
3728,3225,3003,2748,4359,44.4175
3721,2533,3705,2648,4724,44.4201
3495,2813,3059,3390,4137,44.4271
4164,2622,2681,3474,4277,44.4304
2716,4208,3064,3365,3414,44.6264
2946,3560,2924,3141,3931,44.6303
3549,3154,2610,3665,3607,45.2723
4200,2218,2820,3844,4132,45.9463
2910,3916,2962,3490,2904,45.9499
4156,2156,3109,3387,4387,45.9543
4504,2314,2710,3981,3701,45.9572
3494,3385,2302,3579,3701,45.9616
2438,3938,3467,4015,3102,45.965
4405,2346,2834,4171,3355,45.9681
4101,2250,2944,4034,3786,45.9708
3591,2620,3619,3845,3038,45.9738
2667,3521,4108,3523,3141,45.9773
4560,2708,2759,3046,4046,45.9803
4460,2252,2999,3524,3956,45.9835
2865,3486,3655,4181,2849,45.9863
4131,3074,2431,3287,3490,45.9892
3956,3128,2809,4342,2674,45.9969
2863,3336,3791,3462,3362,45.9998
3902,3000,2640,3198,4000,46.006
3251,3481,2598,4193,3389,46.0096
3337,3464,3150,3656,2651,46.0126
3092,3410,3582,3551,2852,46.016
4066,2880,2693,4192,3054,46.0189
3398,3876,2450,4016,2718,46.0218
3885,3372,2752,2730,3644,46.2354
3655,3296,2835,3184,3078,46.2398
2992,3839,2498,4030,3206,46.244
3296,3509,3115,2951,3439,46.247
3634,3218,2445,3998,3046,46.2504
3791,3730,2234,3592,3224,46.2541
3467,3640,2313,3020,4244,46.257
3994,2762,2976,3163,3379,46.2617
3580,3851,2221,3117,3987,46.2664
3467,3673,2299,3161,3886,46.2694
3583,3641,3061,2569,4093,46.2731
3922,3107,3202,2548,4394,46.2767
3602,2868,3021,3059,4045,46.858
3472,3657,3369,2556,3578,46.864
3916,3741,1688,3850,3340,46.8672
3845,3096,2484,3405,3486,46.8701
3343,4032,2555,3000,3311,46.8736
3682,3498,2696,2979,3612,46.8777
3773,3032,2205,3269,4492,46.8813
3853,3662,1880,3189,4059,46.8847
3966,3840,1802,3145,4160,46.8878
3886,3210,2127,3225,4593,46.8911
3417,4533,2334,2743,3825,46.8955
3643,3821,2553,2766,4025,46.8985
3803,3530,1780,3753,3597,46.9045
3927,2803,3012,3206,3348,47.1389
3273,3851,3032,2491,3843,47.1445
3961,2655,2741,3292,3684,47.1479
3588,3337,2871,3227,3047,47.1522
3622,3189,2600,3313,3383,47.156
2946,3958,2924,3259,3207,47.1614
4098,2967,2196,3416,3795,47.1653
3759,3501,2055,3437,3494,47.1686
4128,3377,2512,3257,3271,47.1723
2920,3839,3112,3207,3484,47.1764
3768,3833,1981,4092,2938,47.4988
3698,2729,3221,3117,3858,47.921
3869,2893,2405,3327,4305,47.9263
3359,3263,3080,3138,3557,47.9302
3732,2990,3455,2724,4203,47.9339
4104,3431,2735,3495,3004,47.937
4275,3595,1919,3705,3451,47.9403
3367,3405,3502,2693,4179,47.9442
3333,3144,3268,3086,3834,47.9539
3724,3771,2270,3635,3193,47.958
3552,2526,3823,2968,3926,48.2261
3139,3221,3667,3089,3576,48.2315
3559,3218,3121,3068,3561,48.2349
3718,3738,3487,2205,3344,48.3465
3488,3662,3570,2659,2778,48.3505
3388,3206,3810,3137,2688,48.3543
3389,3208,3936,2594,3764,48.3581
3159,3132,4019,3048,3198,48.3615
3661,3193,3456,3843,2475,48.365
3814,3097,3410,2622,3475,48.3679
3659,3826,2754,2869,3225,48.3712
3019,3814,3509,3875,2635,48.3753
3761,3649,3216,3365,2565,48.3786
3579,3325,3683,2418,3955,48.8345
3360,4209,2627,3674,3145,48.8378
3119,2980,2811,3874,3970,49.0993
3427,2877,3687,3258,3201,49.1539
3488,3289,2987,3618,3268,49.1588
3553,2354,3188,3827,4011,49.5072
3580,2923,2928,3213,4083,49.7785
3573,2231,3630,3113,4448,49.7828
3977,2783,3280,2772,4107,49.7862
3289,2381,3263,4367,4008,49.7904
3584,3389,3476,2852,3379,49.9205
3814,3465,3393,2398,3945,49.9255
3910,2824,3316,2815,4076,49.929
3844,2220,3285,3379,4322,49.933
3512,3734,3702,2237,4394,50.6474
3279,3144,4024,2871,3183,50.9932
3637,2445,4543,2579,3749,51.0454
4041,2997,4193,2238,3408,51.0494
3468,2781,3926,3393,3250,51.0528
3410,4088,3934,1840,3391,51.4034
3301,4193,3404,1894,3786,51.4082
3376,3827,3700,2233,3046,51.4117
3786,3375,3114,2517,3488,51.4161
3556,3299,3197,2971,2922,51.4208
3267,3932,3170,2287,3441,51.4257
3690,3846,2555,2968,3067,51.5965
3484,3579,3465,2863,2611,51.6008
3676,3820,2911,2484,3254,51.6054
3527,3685,2836,2402,3480,51.6092
3636,3580,3366,2348,3085,51.6148
3375,3684,2935,2917,3006,51.6189
4111,3703,2090,3159,3598,51.625
3165,3843,3608,2494,2972,51.6283
3361,3658,3291,2433,3193,51.6334
4097,3677,2446,2675,3785,51.6387
3536,3417,2637,3235,3607,52.4101
3509,3190,4585,2531,3291,52.4149
3968,3270,2809,3029,3453,52.4182
3802,3377,2828,2629,4363,52.4256
3630,3371,3972,2131,4252,52.4288
3739,3266,4502,2077,3857,52.4328
3553,3080,3353,2936,3632,52.4372
3579,3447,3022,2823,3882,52.4413
3466,2824,3967,3050,3309,52.8478
3696,2900,3884,2596,3875,52.853
3666,3017,2974,3326,3734,52.958
3683,2680,3690,3027,3759,52.9623
3760,2971,4309,2222,4379,52.9664
3389,2922,3463,3420,3577,53.1849
3615,2642,4109,2678,4164,53.1894
3564,2718,3159,3370,3794,53.1927
3148,3084,2953,4015,3938,53.3124
3134,3058,3309,3531,4125,53.317
3032,3355,2794,3308,3927,53.7763
3124,2766,3322,3350,4390,53.7803
3499,4267,2042,3432,3419,53.7839
3175,4131,2788,3511,3247,53.7879
3190,3370,3353,2786,4144,53.791
2833,2900,3225,3798,4079,53.8525
2949,2868,3987,3206,4286,53.8566
3287,4309,2214,2916,3643,53.8599
3330,4339,2599,2504,3918,53.8633
2934,4297,2294,3632,3284,53.8674
3207,3679,2539,2996,4076,53.8719
2864,4149,2757,3264,3458,53.8754
2966,3800,2571,4247,3044,53.9578
3739,2615,2952,3347,3994,54.5286
2958,3575,2823,4330,3204,54.5362
3629,2863,3068,3497,3614,54.5413
3304,3083,2628,4078,3315,54.5825
3530,2803,3274,3336,3902,54.5888
3513,3414,2845,3342,3518,54.5941
3414,2835,2512,3928,3695,54.601
2855,3538,2435,4046,3696,55.0067
3006,3236,2982,3256,4204,55.0106
3013,3928,2280,3356,3839,55.0145
3273,3862,2342,3654,3387,55.1392
2884,4039,2555,3448,3816,55.1435
2804,3409,2880,3528,4249,55.1469
2644,4205,2557,4120,3558,55.1517
3456,2928,4250,2701,3704,55.6145
3399,3166,3381,4084,3072,55.6196
3331,2412,3486,3929,3831,55.6228
3390,2324,4219,3265,3950,55.6261
3397,3016,3517,3365,3585,55.6295
2993,3934,3085,3394,3421,55.9419
2913,3304,3410,3474,3854,55.9456
3822,4018,2606,3149,2665,56.7541
3903,2285,3397,3376,4078,56.7579
3886,3769,2115,3060,3754,56.7614
3878,3203,2719,3276,3181,56.7696
2871,4239,2819,3277,3317,56.7803
4052,4094,2523,2695,3231,56.7847
4207,2381,3287,3513,3647,56.7916
3450,4640,2569,2614,3520,56.7952
3538,2700,3444,3345,4054,56.7986
3284,3544,2975,3156,3667,56.8033
3150,4229,2343,3340,3349,56.9924
3621,3444,3106,3098,2742,56.9972
2979,4065,3159,3130,2902,57.0061
3792,3608,2290,3308,3189,57.0099
3563,3534,2499,3219,3699,57.0142
3263,3574,2766,3761,3299,57.0187
3646,2526,3784,3198,3639,57.0223
3392,3370,3315,3009,3252,57.0292
3115,4499,2558,3538,3048,57.0338
3757,3878,2505,3506,2888,57.0379
3857,4334,2265,3028,2978,57.0414
3537,3415,2687,3167,3976,57.0448
3419,4169,3175,2459,3281,57.0528
3649,4245,3092,2005,3847,57.0563
3950,2622,3674,3335,3208,57.0597
3126,3262,3311,3637,3188,57.2595
3888,2374,2914,4187,3433,57.2642
3998,2126,2798,4037,3813,57.2693
3984,2474,3403,3421,3544,57.2733
4494,2104,2728,3610,4292,57.2768
3162,3240,2950,4523,3244,57.2844
2824,3531,3620,3476,3637,57.288
4323,1940,3544,3400,3845,57.2915
3625,2687,3683,3188,3905,57.2997
3895,2308,3342,3098,4365,57.3982
4124,2382,3133,3187,3855,57.4039
3506,3843,2550,3903,2814,58.1675
3426,3213,2875,3983,3247,58.1727
2678,3965,3615,3713,2838,58.1766
3007,4635,3196,2796,3299,58.1804
3313,3002,2967,3886,3504,58.1851
3651,2965,2685,3595,3926,58.1887
3453,4514,3012,3074,2958,58.1924
4264,3811,1911,3665,3417,59.5296
3618,3282,3727,2683,3254,59.8349
3559,3370,2994,3347,3135,59.84
3357,3097,3566,3706,2906,59.9693
2820,3215,4242,3325,3499,60.3137
3349,3249,3766,2872,3389,60.3179
2844,3916,4174,3731,2531,60.4842
3456,3065,3442,3516,3252,60.794
3669,2322,3950,3235,4218,62.3315
3539,2702,3793,3211,3742,62.3359
3145,2795,4013,3518,3218,62.5892
3432,2430,3704,3466,3684,62.6587
3658,2150,4350,2724,4271,62.664
4062,2702,4000,2383,3930,62.6675
3141,4239,3281,3239,2768,63.7923
3629,3402,2765,4392,3035,64.0031
3185,4080,2816,3293,3176,64.0076
3308,4001,2990,3723,2594,64.0128
2905,4152,3559,3033,3210,64.0172
3286,3620,3246,4262,2596,64.0208
3095,3521,3983,2364,4231,64.6604
3612,2852,3269,3226,4058,64.9044
4064,2529,3318,3302,4102,64.9096
3747,2408,3420,3040,4106,65.0227
3856,2303,3950,2986,3711,65.0285
3581,2381,3875,3071,3819,65.0326
4317,2400,3030,3313,4411,65.0368
4277,2160,3485,3177,4242,65.0402
3917,2248,3302,3267,4402,65.0463
3076,3552,2455,4097,3424,65.5278
3718,2776,2851,3337,4260,65.595
3848,2343,3202,3287,4745,65.6025
3362,4127,2473,3989,2863,65.9226
3765,3691,2307,3809,3062,65.9606
3697,2937,2412,3654,3821,65.965
3680,3548,1983,3660,3437,65.9692
3934,3355,2924,2995,3561,65.9737
3917,3966,2495,3001,3177,65.9776
3505,3650,2648,3516,3333,66.1682
3733,4188,2030,3194,3302,66.1732
3719,4162,2386,2710,3489,66.1782
3653,3558,2355,3274,3735,66.1822
3445,2660,2950,3187,4277,66.315
3359,2989,2793,3431,3916,66.3203
3469,2741,2677,3281,4296,66.3249
3403,3051,2504,3888,3661,66.3749
3267,2972,2775,3591,4067,66.4091
3629,2771,3150,3146,4248,66.5489
2978,4198,2495,3554,3538,66.7947
3208,3550,2355,3330,4055,66.799
3287,3164,3179,3476,3483,67.5844
3273,3138,3535,2992,3670,67.5892
3053,3227,3321,3989,3412,67.7401
3029,3253,4203,3304,3336,68.4054
3253,3337,3562,4014,2767,68.4105
2996,4051,3659,3134,2721,68.6973
3167,4215,2843,3344,3168,68.7065
3293,3984,3082,3602,2775,68.7104
3193,3528,3322,4080,2685,68.7149
3364,3692,2506,4290,3132,68.7188
3230,3994,2845,4678,2485,68.7231
2694,4320,3968,2973,3170,68.7273
3269,4038,3305,3840,2508,68.7308
2551,4149,3375,4112,2845,68.7385
3209,4141,3076,2676,3468,68.8747
3622,3446,3232,2555,3818,68.8792
3866,3945,2238,2778,3556,69.0914
3766,3489,2478,3256,3466,69.0957
2953,3946,3347,3078,3179,69.0998
3124,4110,2531,3288,3626,69.104
3590,4333,2359,2669,3728,69.1086
3703,4511,2281,2625,3829,69.1126
2890,4135,3651,2912,3391,69.117
3000,2687,3739,4063,3375,69.4791
3171,2851,2923,4273,3822,69.485
3801,1843,3802,3775,3643,69.4895
3972,2007,2986,3985,4090,69.4943
3958,2355,3591,3369,3821,69.4983
3964,2153,3824,3167,4206,69.5022
3195,2871,3240,3601,3361,69.5772
3366,3035,2424,3811,3808,69.5832
3472,2665,3234,3538,3177,69.5874
3330,3122,2555,3861,3477,69.7117
3319,3732,2606,3262,3842,69.7178
3432,3943,2514,3359,3585,69.7224
3530,2723,3389,3067,4341,69.7265
3973,2684,2586,3977,3347,69.7303
2966,3720,2686,3978,3483,69.7348
3654,3751,2257,3661,3216,69.8495
3624,3220,2696,3036,4469,69.8538
3381,3831,3122,2577,3901,69.8583
3786,2757,3406,3148,3580,70.1031
3334,3080,3357,3072,3536,70.1084
3464,2700,3514,3096,4012,70.1188
2658,3849,3681,3018,3360,70.1256
2692,4110,3915,2625,3705,70.1312
3144,4188,3443,3094,2940,70.3826
4119,2620,3344,4113,3004,72.4176
4117,2470,3480,3394,3517,72.4227
3336,3430,3351,4377,2727,72.4304
3633,3591,2872,3038,3937,73.1202
4138,2175,3287,3539,4039,74.4768
3357,3135,3158,4522,3249,74.4887
3235,2948,3573,3282,4177,74.5744
2983,4224,2819,3061,3746,78.8088
2976,3532,3521,2961,4111,78.819
3009,3031,3316,3667,4455,78.8231
2757,4416,2465,4217,3301,78.8278
3858,2825,3340,2839,4486,78.9403
3394,2640,3597,3416,4088,78.9461
3266,3542,2820,3002,4005,79.0555
2913,3530,2900,3718,3646,79.0618
3299,3090,3067,3038,4539,79.0674
2944,3332,2791,4043,3807,80.3062
2930,3306,3147,3559,3994,80.3106
3376,4139,2790,2871,3006,81.6924
3949,3848,1923,3721,3035,81.7034
4215,2947,2683,3297,4220,81.7131
4661,2826,2499,3575,3879,82.1185
3013,4326,3393,2737,3247,82.1401
3695,2804,3369,3162,4055,82.8894
3536,2436,2876,4304,3846,82.8959
3159,2464,3855,3807,3803,83.0601
3635,2975,3256,2930,3740,83.2277
3806,3139,2440,3140,4187,83.2337
3117,3418,3233,3188,3991,83.2993
3556,2842,3201,3119,4064,83.4738
3163,3899,3465,3193,3030,86.1034
3122,2946,3933,3486,3050,86.259
3877,2327,3520,3250,4017,88.4757
3754,2507,3416,3451,3601,89.823
4058,2603,3306,3588,3170,89.828
4215,3115,3095,3182,3348,89.8323
4284,2323,3952,2846,3757,89.8369
3349,3028,3840,2783,3017,90.0971
3410,3440,3140,3143,3084,90.1041
4055,3601,3144,2131,3381,90.1874
3500,3351,2947,3262,3214,90.1928
3825,3525,3227,2585,2815,90.1971
3518,3721,3347,3341,2432,90.2019
3955,3145,3384,2609,3291,90.2073
3612,3363,3865,2479,2852,90.2116
3439,2939,3647,2902,3147,90.216
3726,3071,3593,2520,3801,90.2216
3639,3882,2914,3008,3044,90.2258
3482,3370,3125,3414,2866,90.2296
3528,3532,2251,3191,4129,92.7203
3561,3080,2498,3227,4663,92.7248
3309,3572,3205,2590,4280,93.0154
2956,3560,3285,3306,3921,93.0243
3499,4251,2172,3707,3231,93.3925
3732,1923,3654,3247,4359,93.5736
3756,2004,3381,3341,4378,93.5797
3390,3632,2835,3099,3909,93.8138
2954,3259,3445,4179,3066,94.683
3180,3305,3316,3833,3104,94.7076
3450,3186,2734,3855,3261,94.8098
3676,3232,2605,3509,3299,94.8333
3046,4350,2361,3898,3050,95.6941
3512,4573,2189,3279,3152,95.7039
3812,3724,2224,4003,2667,95.8361
3564,2819,3256,3397,3777,95.8417
3170,4345,2277,4035,2827,95.8461
4151,3190,2365,3982,2968,95.8515
3310,3663,2787,3208,3390,95.856
3649,3129,2928,3187,3691,95.8609
3508,3628,2334,3866,3098,95.8652
3958,4452,2005,3557,2811,96.1799
3661,4519,2582,3089,2757,96.1872
4028,4148,2746,2933,2964,96.3761
3969,4236,2013,3597,2845,96.3809
4308,3702,2154,3576,3146,96.386
4562,2858,2623,3765,3533,96.4059
2593,3682,4093,3623,3092,96.5968
3132,4485,3058,3542,2867,96.918
3340,3746,2729,4528,2865,96.9231
2897,3597,4025,3069,3707,96.9271
2364,4531,3539,4000,3214,96.9317
3192,3866,3342,3073,2942,97.0334
4050,3078,3434,2857,3298,97.0383
4121,2786,2858,3545,3655,97.0435
3183,4022,3264,2624,3745,97.252
4453,1560,3701,3424,4321,97.4449
4384,2352,2844,3760,3912,97.4503
3482,3003,3186,3219,4015,97.9024
3759,2797,3180,3156,3831,97.9865
3629,3177,3023,3132,3355,97.9957
3859,3253,2940,2678,3921,98.0014
3800,3341,2207,3342,3802,98.0057
3913,3519,2129,3298,3903,98.011
3108,3112,4666,3277,3009,100.842
3252,2566,4090,3510,3526,100.962
3238,2323,4318,3780,3476,100.999
3383,2862,3206,3782,3427,101.05
3325,2632,4156,3361,3752,103.21
4582,2744,3259,3026,3555,104.712
4178,2192,3609,3367,3896,104.718
4482,2288,3499,3504,3465,104.723
3089,4143,3583,3316,2632,104.825
2989,3687,3823,3794,2542,104.831
3083,3329,4341,2932,2962,104.836
3714,3536,3030,3280,2653,104.956
3735,3241,2837,3425,3175,104.962
3985,3806,3271,2707,2729,105.026
4328,3588,2790,2837,3168,105.031
4006,3511,3078,2852,3251,105.035
3581,3254,3621,3048,3070,105.039
3602,2959,3428,3193,3592,105.044
3924,3036,3140,3178,3509,105.048
4098,3512,2873,3291,2602,105.053
4228,3132,3030,3315,3078,105.057
3504,3814,4055,1986,3143,105.397
3404,3358,4295,2464,3053,105.403
3747,3140,3814,2594,3492,105.407
3138,3862,3049,2196,3909,105.412
3458,3773,3787,1910,4011,105.417
3395,3919,3525,2040,3538,105.422
3247,3757,3579,2142,3514,105.427
3957,2981,3141,3017,3526,105.433
4057,3437,2901,2539,3616,105.437
3171,3641,3841,2292,3357,105.442
3668,3614,3114,2333,4045,105.447
3997,3221,2686,3153,3695,105.516
3813,3335,3340,2509,3237,105.522
2972,3835,3504,2227,3622,105.528
3545,3544,2637,3077,3651,105.533
3081,3730,4034,2173,3227,105.537
3397,3636,2930,3319,3249,105.902
3153,4115,3061,3004,3094,106
4621,2496,2920,3450,3980,106.425
3871,3032,3813,2439,3799,106.522
3762,3137,3283,2493,4194,106.527
4681,2712,3135,2836,3901,106.532
4581,2256,3375,3314,3811,106.536
4069,2810,3239,3998,2873,106.541
4238,2474,3856,3184,3372,106.546
3720,3431,3492,2776,3360,106.893
3331,3608,3705,2570,3789,106.898
4129,2559,3506,3305,3418,107.068
3671,2804,3910,3262,3433,107.112
3880,2861,3840,2819,3995,107.116
3571,3327,2967,2912,3811,107.601
4023,3004,3016,2988,3855,107.607
3701,2927,3304,3003,3938,107.612
3680,3222,3497,2858,3416,107.617
3388,3637,2706,3242,3499,107.65
3327,3225,3406,2882,3432,107.656
3741,3167,2849,3139,4107,107.662
3193,3199,3471,3068,3979,107.7
3006,3620,3887,3189,3064,107.811
3295,3174,4035,2972,3179,107.852
3186,3279,3505,3026,3574,107.859
3316,2879,3842,3117,3701,107.863
3641,3710,2173,3147,4230,107.932
3571,3562,2636,2779,4404,108
3644,3500,3013,2599,4336,108.006
3131,3458,2620,3450,4025,108.011
2635,3531,3331,3774,3830,108.111
2609,4508,2758,4459,2899,108.453
3439,3878,2577,2460,4130,109.233
3356,3458,2062,3088,4457,109.239
3086,3866,2657,3176,3771,109.244
3126,4106,2202,3312,3940,109.262
3499,3171,2813,3055,4121,109.365
3426,3233,2436,3235,4189,109.4
3718,2743,2865,3196,4618,109.647
3713,2496,3140,3295,4271,109.684
3094,3468,2631,2899,4333,109.728
2824,3876,3226,2987,3647,109.733
2864,4116,2771,3123,3816,109.753
3608,3066,3343,3001,3726,110.563
3801,3940,2216,3963,2633,110.796
3159,4561,2269,3995,2793,110.801
3504,4007,2793,3495,2579,110.806
3994,2684,3385,3792,2953,110.811
3439,4285,3109,3154,2759,110.946
3500,4697,2409,3514,2826,110.952
2973,4062,3281,3773,2657,110.958
3034,4474,2581,4133,2724,110.963
3610,4449,2293,3364,3206,111.038
3943,4117,2201,3545,3122,111.792
3318,3531,3300,3109,3203,112.404
3548,3607,3217,2655,3769,112.408
3489,3695,2484,3319,3650,112.413
3453,3782,2615,3369,3319,112.466
3929,3799,2500,2648,4029,112.587
2723,2893,3745,4126,3559,113.014
2877,3809,2727,3619,3209,115.072
3519,3188,2674,3587,3049,115.079
3961,3064,3246,2813,3693,115.292
4358,3453,2429,2803,3837,115.298
4002,3608,2273,2999,3664,115.303
3285,3424,3065,3238,3508,115.362
3386,4062,2940,2588,3586,115.368
3562,3218,3059,3175,3324,115.373
3616,3022,2693,3316,3996,115.574
3742,2791,2932,3574,3603,115.662
3290,3114,2883,3498,3559,115.668
3655,3622,2073,3995,3195,115.674
3913,2955,2116,3784,4050,115.679
4107,3299,2122,4071,3239,115.684
4026,3133,2038,3740,4151,115.689
3851,2912,2583,3479,3957,119.287
3736,2526,3594,3603,3253,120.493
3962,2246,4240,2861,3840,120.5
3185,3502,3506,3733,2763,120.647
2974,3145,4081,3440,3088,120.67
3772,2877,3816,3530,2819,120.741
3941,2541,4433,2716,3318,120.746
4009,3752,3048,2469,2996,121.073
3690,4016,3191,2100,3357,121.079
4252,3078,2807,3077,3345,121.084
3511,4034,2731,2317,3820,121.089
3466,3738,3507,2352,3176,121.094
3963,3711,2780,2393,3864,121.1
3800,3401,2758,3001,3301,121.105
3676,3579,2834,2775,3210,121.11
3840,3641,2303,3137,3470,121.163
4292,3318,2352,3213,3514,121.17
3949,3536,2833,3083,3075,121.175
3161,3982,3667,2553,3467,121.497
2826,4425,3069,2967,3878,121.503
3139,4089,3417,2520,3281,121.734
2992,3951,3438,2922,3100,121.739
3301,4277,3007,2902,3118,121.827
3144,3765,3218,3308,2940,121.838
3410,4172,3537,2848,2723,121.843
2967,3884,3389,3893,2957,122.122
3204,3893,3396,3713,2688,122.21
3705,3005,4268,2470,3512,122.378
3688,3342,3552,2769,3487,122.384
3985,2933,3525,2730,3478,122.388
4368,2625,3208,3439,3671,122.479
4525,3137,2997,3033,3849,122.485
4082,3048,4021,2207,4296,122.495
3795,2916,4075,2589,3642,122.5
3919,2738,3999,2815,3733,122.505
3439,3862,2884,3368,2759,122.806
3692,3733,2596,3379,3068,122.813
3403,4366,2569,2695,3587,122.817
3733,3927,2920,3260,2578,122.822
3815,3654,2770,3809,2486,122.912
3177,3457,3940,2366,3828,122.981
3600,3541,3961,2179,3744,123.015
3500,3085,4201,2657,3654,123.021
3726,2710,4075,2615,4034,123.205
3716,3656,3167,2456,4026,123.346
2886,3718,3305,3562,3869,123.66
3810,3373,2849,3113,3715,123.781
3488,3296,3137,3128,3798,123.786
3196,2989,4311,2520,4085,123.966
3352,3031,3151,4117,3472,124.489
3065,3768,2447,4057,3390,124.496
3335,3642,2722,4123,3088,124.5
3003,3446,2142,3804,4098,125.369
3371,3327,2271,3882,3588,125.506
3033,4044,2214,4051,3317,125.513
3386,4056,2134,3335,3676,125.518
2630,4179,2913,3636,3745,125.594
3658,2590,2975,3942,3670,125.82
2741,3456,2711,3615,3974,125.895
3109,3337,2840,3693,3464,126.031
3570,3945,2519,3424,3211,126.037
2771,4054,2783,3862,3193,126.043
3124,4066,2703,3146,3552,126.048
2675,3888,4121,3684,2914,126.117
3260,3419,3190,2917,4026,126.266
3679,3840,3049,3370,2816,126.375
2937,4005,3342,3880,2886,126.38
3522,3409,2621,3106,4150,126.724
3497,3844,2326,3826,3064,127.003
4165,2848,2569,4002,3400,127.227
3144,4226,2465,3983,3104,127.269
3663,4271,2736,2489,3660,127.562
2789,3497,3776,3562,3313,128.547
3555,4603,2574,2867,3427,128.865
3331,3732,3008,3282,3081,130.161
3574,3121,2582,3741,3649,130.166
3218,3521,3100,3185,3338,130.172
3913,2587,2723,3720,3950,130.182
2802,4531,2983,3270,3342,130.187
3461,2910,2674,3644,3906,130.193
3471,3392,2812,3196,3647,130.509
3923,3069,2861,3272,3691,130.515
2771,4060,3589,3115,3103,130.52
3584,3603,2720,3293,3390,130.525
3634,3702,2834,2588,4210,130.531
3604,3719,2654,3988,2868,130.756
3943,3185,2795,3967,3169,130.762
3296,4002,3223,3480,2780,130.766
3491,3508,2746,3891,3125,130.778
2989,3447,3309,3096,3848,130.782
3684,2513,2932,3631,4460,130.788
3806,3320,2620,3205,3703,131.633
3676,3700,2463,3181,3227,131.639
4258,2997,2669,3281,3747,131.646
3969,3630,2642,2597,4266,131.651
3792,3294,2976,2721,3890,131.757
3733,3382,2243,3385,3771,131.762
3662,3674,2819,2697,3414,131.767
3896,3692,2265,2777,4334,131.774
3278,3238,3103,3733,3233,131.917
3251,3437,2740,3285,3972,131.923
4097,3089,2140,3700,3830,132.263
3330,3296,3203,3258,3645,133.193
3580,3287,3342,3142,3252,134.076
4182,2592,3531,2980,3546,136.817
3778,2040,3881,3321,3887,136.823
3622,2926,3543,3001,3622,136.878
4161,2887,3724,2835,3024,137.043
3757,2335,4074,3176,3365,137.051
3095,3756,3678,2657,3040,137.51
3614,3199,3622,2887,3087,137.518
3744,3350,2974,3142,3386,137.589
3292,3673,2925,3066,3342,137.595
3449,4185,2714,2660,3520,137.601
3617,3520,3657,2570,3016,137.606
3455,3983,2947,2458,3905,137.611
3558,4080,3244,2606,3125,137.618
3295,3463,3765,2518,3448,137.622
3590,3831,3155,2685,3233,138.051
3201,4008,3368,2479,3662,138.056
3067,4340,3149,3415,3047,138.458
3750,3261,3503,2728,3868,138.735
3453,3999,3663,3000,2612,139.055
3343,3484,3485,2335,4115,139.264
3892,2737,3620,2584,4321,139.505
3511,3558,2880,3672,2917,140.081
2970,3269,3665,3262,3498,140.22
3145,3065,3361,3212,3715,140.313
3552,4089,2485,2557,3873,140.408
3199,4077,2565,3273,3514,140.414
3406,3904,2587,3576,3423,140.86
3377,3366,3038,3264,3760,141.063
3875,3443,2191,3659,3442,141.106
3873,3293,2327,2940,3955,141.113
3763,3541,2443,3090,3575,141.118
3683,4156,2427,3521,2954,141.338
3712,3421,2636,3280,3664,141.357
2975,2964,3252,4324,3588,141.383
3222,3548,2748,3790,3207,141.562
3239,2937,3177,3784,3591,141.568
3654,3429,2171,3608,3714,141.901
2917,3587,2802,3484,4350,142.013
2564,3575,2882,4200,3991,142.019
2594,4173,2954,4447,3210,142.123
3941,2692,2875,3668,3796,142.236
3392,3439,2740,3419,3590,142.446
3302,4732,2862,2856,3118,143.431
3200,3911,2903,3358,3010,143.436
3786,3605,2412,3951,2944,143.742
3236,3824,2772,3308,3341,143.764
3513,3618,2766,3245,3157,143.769
3680,2787,4018,2805,3984,144.004
3329,3962,2721,4488,2831,145.057
3032,4029,3298,4020,2777,145.063
2501,4084,3786,4298,2855,145.162
3447,3291,3265,3169,3279,147.077
4029,2923,2878,3192,4257,149.153
3602,4293,2535,3166,3339,149.16
3063,3443,3705,3671,2940,149.513
3915,3215,3150,3151,3308,151.2
3755,3553,2660,3062,3826,152.458
2995,2850,3888,3585,3610,153.732
3620,3929,3261,2263,3425,154.287
3909,3296,3288,2947,2906,154.293
3390,3853,3344,2717,2859,154.299
4039,3447,2640,3202,3205,154.372
3587,3770,2591,3126,3161,154.377
3744,4282,2380,2720,3339,154.384
3750,4080,2613,2518,3724,154.389
3590,3560,3431,2578,3267,154.395
2861,3819,3820,3170,2969,154.724
3512,4261,3099,2641,3192,155.901
3739,3725,3153,3058,2963,155.988
3910,2569,3139,3606,3693,156.713
3896,2543,3495,3122,3880,156.761
3347,3290,3360,2873,3674,157.281
3290,4099,3054,2368,3749,157.68
2977,4327,2679,3220,3559,157.695
2626,3897,3187,4453,3283,157.899
3496,3381,1973,3603,4015,158.733
3416,2751,2298,3683,4448,158.787
3703,2014,3002,3743,4530,159.14
3154,2761,2867,3494,4324,159.376
3495,3476,4031,2685,3438,160.424
3946,3062,2351,3655,3745,160.668
3952,3638,2763,3173,3141,160.927
3426,3631,3549,2616,3597,160.933
3655,3705,3340,2705,3087,160.945
2512,4439,3246,3758,3616,161.851
2764,3846,3277,3833,3539,161.908
2951,4310,2506,3362,3723,165.35
3723,2900,2105,3833,4030,165.355
3593,3689,2453,3330,3563,165.361
3319,3685,3299,2845,3853,165.429
3596,3479,3293,2782,3669,165.509
3466,3859,3136,2758,3193,165.52
3696,3935,3053,2304,3759,165.526
3637,4023,2320,2968,3640,165.531
3750,4201,2242,2924,3741,165.536
3726,2690,2945,3285,4136,165.64
3596,3070,2788,3261,3660,165.653
3704,3235,2356,4124,3324,165.98
3506,3270,2809,3466,3616,165.985
3141,3685,2856,3435,3592,165.992
4163,3693,2171,3136,3584,166.284
3921,2655,3797,3455,3296,167.141
3714,3009,3633,2876,3855,170.058
3708,3090,3771,2672,3453,171.778
4259,2179,3663,3329,3894,173.995
2854,3667,2619,3712,3717,175.265
3698,3395,2992,2796,3851,175.803
4055,3096,2685,4152,3020,177.838
2836,4509,3034,3475,3016,177.904
3607,3596,2210,3676,3444,178.22
3670,4130,2555,2839,3335,178.856
2689,4320,3075,3173,3599,181.771
3263,3402,2880,3080,3744,183.08
3480,3511,2531,3374,3462,183.118
3610,2722,2183,3877,3929,183.124
3904,2905,3454,2611,3674,189.29
3776,3435,3161,3306,2685,189.374
3381,3482,3168,2715,3391,189.652
3827,3361,2984,2993,3050,189.661
3665,3824,2274,2881,3939,189.668
3505,3304,3092,2941,3482,189.692
4512,3048,2518,3650,3402,190.982
4314,3121,2789,3265,3352,191.012
3925,3298,3002,3059,3781,191.017
4289,3099,2508,3178,4224,191.023
3662,3332,2532,3621,3708,195.176
3720,3774,2132,3632,3545,195.515
3756,3007,2340,3704,3725,198.816
3114,3628,2393,3736,3885,198.822
3669,2588,2696,3840,3778,199.012
3527,2933,2549,3615,4235,199.019
3304,3003,2743,3809,3754,199.024
3001,3412,3449,2891,3620,199.283
3577,2911,3422,3193,3755,199.484
3032,3553,3353,3227,3199,200.69
3203,3717,2537,3437,3646,200.729
3636,2481,2461,3969,4083,201.449
4334,3507,2652,3041,3570,201.628
4160,2211,3787,3519,3548,206.767
4137,2356,4116,2655,3539,206.963
4139,2506,3980,3374,3026,206.984
3668,3465,2811,3507,3069,207.362
3301,4023,2768,2762,3496,207.368
3424,3512,3553,2303,3666,207.476
3287,3997,3124,2278,3683,207.482
3438,3830,3254,3200,2759,207.806
3911,3272,3358,2575,3968,208.361
4129,2579,3326,3238,3767,208.589
4005,2757,3402,3012,3676,208.612
4451,2636,3218,3290,3335,208.619
3812,4013,2233,3183,3356,208.942
3720,3462,3042,2994,3585,209.913
3229,3550,3693,2995,3545,210.073
3684,3740,2558,2735,4505,210.207
3539,3411,2358,3191,4290,211.605
2977,2880,3038,4079,4341,211.71
3851,3520,3023,2644,3308,215.111
3923,1744,3165,4029,4165,215.709
3197,2610,3201,4365,3976,215.826
3643,2829,2418,3748,3624,216.28
3785,2916,2992,3208,3554,216.317
2992,3906,3333,3343,3211,217.126
3622,3598,3105,2834,3392,218.192
3752,2809,2757,3337,3859,218.307
3818,3413,2788,2773,3613,218.505
3846,3560,2165,3341,3872,218.579
4158,2061,3923,2800,4061,224.071
3963,3562,2477,3567,2888,224.543
3674,4195,2450,2883,3407,224.55
3464,4354,3123,2460,3373,224.611
3719,3609,3219,2363,3485,224.663
4003,3951,2325,2529,4033,224.67
3458,3624,3484,3084,3035,224.79
3169,4257,3457,2400,3554,224.796
3654,3439,3167,3023,3256,224.855
3708,3854,2659,2469,4214,224.862
2994,3760,4012,2877,3374,224.968
3517,3916,2567,3123,3537,225.323
4048,2787,3787,2600,3951,225.693
3514,4411,2963,3360,2679,226.08
3316,4446,3416,2702,2971,226.171
3526,4287,2743,3125,3005,226.261
4087,3589,1989,3425,3889,228.123
4025,2565,3124,3527,4273,232.955
3657,3541,3097,3113,3322,234.078
3643,3515,3453,2629,3509,234.166
3218,3626,3979,2601,3798,234.585
3919,3531,2528,3302,3446,235.559
3725,3528,3081,2567,3887,235.66
4009,3870,2187,2733,4435,235.667
3660,4169,2806,2399,3594,241.33
3362,3593,3011,3566,2948,246.931
3065,3660,3588,3098,2894,246.99
4180,2698,3591,2881,3774,248.839
4114,2094,3560,3445,4020,249.57
4088,1975,3748,3393,4297,249.781
3895,3585,2751,3540,3179,252.635
3436,3432,3026,3466,2997,263.19
2931,3494,4033,2983,3144,267.157
3129,3459,3580,3641,2852,267.2
3061,2705,3685,3486,3611,267.32
3141,3335,3360,3406,3178,267.403
3403,3325,2791,3595,3302,268.88
3578,3470,3614,2648,2977,273.778
3608,3099,2633,3946,3323,282.356
2857,3655,4018,3083,3095,282.606
2987,2866,3670,3586,3562,282.633
3067,3496,3345,3506,3129,282.69
3329,3486,2776,3695,3253,284.004
3445,3781,2746,3572,3161,284.427
3643,3746,2293,4230,2869,284.478
3575,2992,2398,4075,3628,284.636
4004,3361,3214,2133,3764,289.27
3774,3285,3297,2587,3198,289.292
3808,3546,3531,2194,3543,289.383
3646,3935,2117,3732,3496,310.24
3533,3757,2195,3776,3395,310.413
3842,2796,3334,3482,3623,310.588
