obj0,obj1,obj2,cpu
35908,21594,42151,0
34067,21746,35849,0
38164,20612,41564,0
36323,20764,35262,0
34587,22858,34883,0
26272,28853,37194,0
36492,21885,33918,0
35399,23303,34813,0
36235,23067,34517,0
31976,22019,42769,0
30135,22171,36467,0
38660,23206,32586,0
35737,21765,35634,0
30047,24474,35722,0
36257,22877,34668,0
35291,24220,29722,0
32472,24613,33791,0
26717,31327,31865,0
34198,25638,30617,0
33113,25124,30639,0
29549,23172,36839,0
35281,26445,29307,0
29093,27852,30512,0
30069,24284,35873,0
25318,32231,31984,0
27486,33552,30652,0
32799,26542,30736,0
34967,27863,29404,0
28779,29270,30609,0
37459,25541,28390,0
29103,25627,30927,0
31271,26948,29595,0
30304,23292,35123,0
28885,32648,30533,0
36366,26959,29285,0
28010,27045,31822,0
30178,28366,30490,0
29211,24710,36018,0
29720,23001,43356,0
27879,23153,37054,0
26925,26531,31844,0
34783,25143,30424,0
28595,26550,31629,0
36951,26464,29092,0
30763,27871,30297,0
28399,24265,36088,0
27565,24571,37151,0
26611,27949,31941,0
37511,25489,28610,0
37537,25463,28720,0
36609,21882,34044,0
36726,21879,34170,0
39830,23176,33846,0
33581,24656,32619,0
33607,24630,32729,0
27497,25959,34264,0
27523,25933,34374,0
34965,24961,31194,0
34991,24935,31304,0
25552,31997,32974,0
25578,31971,33084,0
26845,27715,32931,0
26871,27689,33041,0
36019,23492,32802,0
36045,23466,32912,0
37485,25515,28500,0
36843,21876,34296,0
36960,21873,34422,0
39011,23197,32964,0
39128,23194,33090,0
33347,24890,31629,0
33373,24864,31739,0
33997,24240,34379,0
34023,24214,34489,0
27237,26219,33164,0
27263,26193,33274,0
27965,25491,36244,0
27991,25465,36354,0
34861,25065,30754,0
34887,25039,30864,0
37029,26386,29422,0
37055,26360,29532,0
35055,22846,35387,0
35172,22843,35513,0
25448,32101,32534,0
25474,32075,32644,0
26202,31347,35724,0
26228,31321,35834,0
27694,33344,31532,0
27720,33318,31642,0
26767,27793,32601,0
26793,27767,32711,0
28805,29244,30719,0
28831,29218,30829,0
35603,23908,31042,0
35629,23882,31152,0
36357,23154,34232,0
36383,23128,34342,0
29857,24873,34117,0
29883,24847,34227,0
31453,26766,30365,0
31479,26740,30475,0
38777,23203,32712,0
38894,23200,32838,0
39713,23179,33720,0
33321,24916,31519,0
33477,24760,32179,0
33503,24734,32289,0
33971,24266,34269,0
34153,24084,35039,0
27185,26271,32944,0
27211,26245,33054,0
27315,26141,33494,0
27341,26115,33604,0
27575,25881,34594,0
27601,25855,34704,0
28069,25387,36684,0
28095,25361,36794,0
34835,25091,30644,0
34913,25013,30974,0
34939,24987,31084,0
35069,24857,31634,0
35095,24831,31744,0
28647,26498,31849,0
35307,26419,29417,0
37003,26412,29312,0
34938,22849,35261,0
28516,24262,36214,0
25396,32153,32314,0
25422,32127,32424,0
25500,32049,32754,0
25604,31945,33194,0
26306,31243,36164,0
26332,31217,36274,0
27668,33370,31422,0
26689,27871,32271,0
26715,27845,32381,0
26819,27741,32821,0
35577,23934,30932,0
35733,23778,31592,0
35759,23752,31702,0
36253,23258,33792,0
36279,23232,33902,0
36409,23102,34452,0
37615,25385,29050,0
37641,25359,29160,0
29571,25159,32907,0
29597,25133,33017,0
31427,26792,30255,0
37545,21858,35052,0
37662,21855,35178,0
30421,23289,35249,0
39245,23191,33216,0
33217,25020,31079,0
33243,24994,31189,0
33451,24786,32069,0
33529,24708,32399,0
33945,24292,34159,0
34101,24136,34819,0
34127,24110,34929,0
27159,26297,32834,0
27289,26167,33384,0
27445,26011,34044,0
27471,25985,34154,0
27549,25907,34484,0
27679,25777,35034,0
27705,25751,35144,0
28043,25413,36574,0
34809,25117,30534,0
35017,24909,31414,0
35251,24675,32404,0
35277,24649,32514,0
28621,26524,31739,0
35333,26393,29527,0
35359,26367,29637,0
36977,26438,29202,0
34821,22852,35135,0
36374,22874,34794,0
25344,32205,32094,0
25370,32179,32204,0
25526,32023,32864,0
26020,31529,34954,0
26046,31503,35064,0
26280,31269,36054,0
26358,31191,36384,0
26384,31165,36494,0
27642,33396,31312,0
27746,33292,31752,0
26637,27923,32051,0
26663,27897,32161,0
26741,27819,32491,0
28935,29114,31269,0
28961,29088,31379,0
35317,24194,29832,0
35655,23856,31262,0
35889,23622,32252,0
35915,23596,32362,0
36071,23440,33022,0
36305,23206,34012,0
36331,23180,34122,0
37563,25437,28830,0
37589,25411,28940,0
37771,25229,29710,0
29181,25549,31257,0
29207,25523,31367,0
29805,24925,33897,0
29831,24899,34007,0
30065,24665,34997,0
30091,24639,35107,0
31297,26922,29705,0
31323,26896,29815,0
37077,21870,34548,0
39479,23185,33468,0
39596,23182,33594,0
32589,24610,33917,0
33165,25072,30859,0
33191,25046,30969,0
33295,24942,31409,0
33425,24812,31959,0
33555,24682,32509,0
33737,24500,33279,0
33763,24474,33389,0
34049,24188,34599,0
34075,24162,34709,0
26951,26505,31954,0
26977,26479,32064,0
27419,26037,33934,0
27627,25829,34814,0
27653,25803,34924,0
27861,25595,35804,0
27887,25569,35914,0
28017,25439,36464,0
28121,25335,36904,0
35043,24883,31524,0
35147,24779,31964,0
35173,24753,32074,0
29119,27826,30622,0
30789,27845,30407,0
34704,22855,35009,0
25838,31711,34184,0
25864,31685,34294,0
26176,31373,35614,0
26254,31295,35944,0
26488,31061,36934,0
26514,31035,37044,0
27512,33526,30762,0
32825,26516,30846,0
34993,27837,29514,0
28883,29166,31049,0
28909,29140,31159,0
35395,24116,30162,0
35421,24090,30272,0
35681,23830,31372,0
35837,23674,32032,0
35863,23648,32142,0
35993,23518,32692,0
36175,23336,33462,0
36201,23310,33572,0
37745,25255,29600,0
29129,25601,31037,0
29155,25575,31147,0
29233,25497,31477,0
29259,25471,31587,0
29701,25029,33457,0
29727,25003,33567,0
29961,24769,34557,0
29987,24743,34667,0
30117,24613,35217,0
30143,24587,35327,0
31375,26844,30035,0
31401,26818,30145,0
31531,26688,30695,0
31557,26662,30805,0
37194,21867,34674,0
37311,21864,34800,0
39362,23188,33342,0
33139,25098,30749,0
33269,24968,31299,0
33399,24838,31849,0
33633,24604,32839,0
33659,24578,32949,0
33919,24318,34049,0
27107,26349,32614,0
27133,26323,32724,0
27367,26089,33714,0
27757,25699,35364,0
27783,25673,35474,0
27913,25543,36024,0
27939,25517,36134,0
28147,25309,37014,0
35121,24805,31854,0
35225,24701,32294,0
29385,23172,37007,0
29344,23172,37049,0
30815,27819,30517,0
35289,22840,35639,0
25760,31789,33854,0
25786,31763,33964,0
25916,31633,34514,0
25942,31607,34624,0
26150,31399,35504,0
26436,31113,36714,0
26462,31087,36824,0
27590,33448,31092,0
27616,33422,31202,0
26897,27663,33151,0
28857,29192,30939,0
35343,24168,29942,0
35525,23986,30712,0
35551,23960,30822,0
35707,23804,31482,0
35785,23726,31812,0
35941,23570,32472,0
36097,23414,33132,0
36123,23388,33242,0
36227,23284,33682,0
37719,25281,29490,0
29389,25341,32137,0
29415,25315,32247,0
29649,25081,33237,0
29675,25055,33347,0
29753,24977,33677,0
29779,24951,33787,0
29935,24795,34447,0
30013,24717,34777,0
30195,24535,35547,0
30221,24509,35657,0
31349,26870,29925,0
31505,26714,30585,0
37428,21861,34926,0
33711,24526,33169,0
33815,24422,33609,0
33841,24396,33719,0
27055,26401,32394,0
27081,26375,32504,0
27393,26063,33824,0
27731,25725,35254,0
27809,25647,35584,0
35199,24727,32184,0
29467,23172,36923,0
29426,23172,36965,0
29145,27800,30732,0
29171,27774,30842,0
35406,22837,35765,0
25630,31919,33304,0
25812,31737,34074,0
25890,31659,34404,0
25994,31555,34844,0
26124,31425,35394,0
26410,31139,36604,0
27564,33474,30982,0
26923,27637,33261,0
28987,29062,31489,0
35369,24142,30052,0
35447,24064,30382,0
35811,23700,31922,0
35967,23544,32582,0
36149,23362,33352,0
37667,25333,29270,0
37693,25307,29380,0
29285,25445,31697,0
29311,25419,31807,0
29441,25289,32357,0
29623,25107,33127,0
29909,24821,34337,0
30039,24691,34887,0
30169,24561,35437,0
31583,26636,30915,0
33685,24552,33059,0
33789,24448,33499,0
33867,24370,33829,0
33893,24344,33939,0
27029,26427,32284,0
27835,25621,35694,0
35655,21765,35718,0
35614,21765,35760,0
34842,24961,31320,0
34801,24961,31362,0
29508,23172,36881,0
37081,26334,29642,0
25734,31815,33744,0
25968,31581,34734,0
26072,31477,35174,0
26098,31451,35284,0
26540,31009,37154,0
27538,33500,30872,0
35473,24038,30492,0
32462,22028,36701,0
32641,22017,36719,0
29337,25393,31917,0
29363,25367,32027,0
29545,25185,32797,0
27003,26453,32174,0
35696,21765,35676,0
35573,21765,35802,0
34846,25039,30906,0
34805,25039,30948,0
34857,24987,31168,0
34816,24987,31210,0
34924,24961,31236,0
34883,24961,31278,0
28472,26550,31755,0
28431,26550,31797,0
36962,26412,29354,0
36921,26412,29396,0
25708,31841,33634,0
33408,21931,42913,0
33587,21920,42931,0
35499,24012,30602,0
30672,22138,36521,0
30851,22127,36539,0
29519,25211,32687,0
29899,22990,43374,0
30078,22979,43392,0
29848,23032,37252,0
30027,23021,37270,0
35532,21765,35844,0
34686,25117,30660,0
34645,25117,30702,0
34697,25065,30922,0
34656,25065,30964,0
34764,25039,30990,0
34708,25013,31184,0
34898,24987,31126,0
34734,24987,31294,0
34760,24961,31404,0
34868,24935,31430,0
34827,24935,31472,0
28554,26550,31671,0
28513,26550,31713,0
36880,26412,29438,0
36824,26386,29632,0
25656,31893,33414,0
33229,21942,42895,0
30493,22149,36503,0
31925,22061,36647,0
32104,22050,36665,0
29467,25263,32467,0
28953,23087,37162,0
29132,23076,37180,0
34727,25117,30618,0
34604,25117,30744,0
34794,25091,30686,0
34820,25065,30796,0
34779,25065,30838,0
34749,25013,31142,0
34775,24987,31252,0
34909,24935,31388,0
34961,24883,31608,0
34920,24883,31650,0
34890,24831,31954,0
35080,24805,31896,0
28606,26498,31891,0
36746,26464,29302,0
36854,26438,29328,0
36813,26438,29370,0
36988,26386,29464,0
36947,26386,29506,0
30707,27845,30491,0
29905,24284,36041,0
29864,24284,36083,0
25682,31867,33524,0
32334,21997,42805,0
32513,21986,42823,0
33945,21898,42967,0
30314,22160,36485,0
31746,22072,36629,0
32283,22039,36683,0
29493,25237,32577,0
28774,23098,37144,0
29311,23065,37198,0
29490,23054,37216,0
28311,26153,33272,0
28490,26142,33290,0
27494,26130,33512,0
27754,25870,34612,0
34768,25117,30576,0
34630,25091,30854,0
34738,25065,30880,0
34872,25013,31016,0
34831,25013,31058,0
34950,24935,31346,0
35002,24883,31566,0
34879,24883,31692,0
34838,24883,31734,0
35054,24831,31786,0
35013,24831,31828,0
35065,24779,32048,0
35024,24779,32090,0
35143,24701,32378,0
35102,24701,32420,0
29743,23150,37043,0
29922,23139,37061,0
36910,26464,29134,0
36936,26438,29244,0
36895,26438,29286,0
36798,26412,29522,0
36906,26386,29548,0
36865,26386,29590,0
30748,27845,30449,0
28757,24243,36124,0
28936,24232,36142,0
36216,22877,34710,0
36175,22877,34752,0
29987,24284,35957,0
29946,24284,35999,0
32155,22008,42787,0
33050,21953,42877,0
33766,21909,42949,0
31567,22083,36611,0
33536,21962,36809,0
33715,21951,36827,0
32032,23190,35411,0
32211,23179,35429,0
28237,23131,37090,0
28416,23120,37108,0
29669,23043,37234,0
27953,26175,33236,0
28132,26164,33254,0
28239,25889,34446,0
28418,25878,34464,0
28222,25402,36592,0
28248,25376,36702,0
34671,25091,30812,0
34790,25013,31100,0
34786,24935,31514,0
34905,24857,31802,0
34864,24857,31844,0
34972,24831,31870,0
35106,24779,32006,0
35184,24701,32336,0
35046,24675,32614,0
29564,23161,37025,0
28539,26524,31823,0
36869,26464,29176,0
36839,26412,29480,0
30774,27819,30559,0
28578,24254,36106,0
29294,24210,36178,0
29473,24199,36196,0
28695,24251,36232,0
36052,22877,34878,0
30028,24284,35915,0
32871,21964,42859,0
37469,25519,29132,0
37462,25524,29219,0
31388,22094,36593,0
32820,22006,36737,0
32631,23149,35357,0
32810,23138,35375,0
31137,23245,35321,0
31316,23234,35339,0
32927,23135,35501,0
33106,23124,35519,0
33663,24544,34025,0
28058,23142,37072,0
28595,23109,37126,0
27774,26186,33218,0
28669,26131,33308,0
27800,26160,33328,0
27979,26149,33346,0
28005,26123,33456,0
28184,26112,33474,0
28747,26053,33638,0
28926,26042,33656,0
28057,26071,33676,0
28236,26060,33694,0
28392,25904,34354,0
28571,25893,34372,0
27881,25911,34410,0
28060,25900,34428,0
28037,25755,35070,0
28216,25744,35088,0
34712,25091,30770,0
34976,24909,31456,0
34987,24857,31718,0
34946,24857,31760,0
34931,24831,31912,0
35210,24675,32446,0
35169,24675,32488,0
29605,23161,36983,0
28580,26524,31781,0
36828,26464,29218,0
36787,26464,29260,0
36772,26438,29412,0
30226,24463,35740,0
30681,27871,30381,0
30640,27871,30423,0
29115,24221,36160,0
36134,22877,34794,0
36333,22874,34836,0
36292,22874,34878,0
27744,24560,37169,0
28984,29233,30737,0
32692,21975,42841,0
37483,25509,28958,0
37476,25514,29045,0
37448,25534,29393,0
37441,25539,29480,0
31030,22116,36557,0
32999,21995,36755,0
33894,21940,36845,0
30408,25498,31273,0
30587,25487,31291,0
29770,25464,31531,0
29949,25453,31549,0
31110,24796,34243,0
31289,24785,34261,0
33362,24560,34899,0
33541,24549,34917,0
32192,26867,29795,0
32371,26856,29813,0
33933,26638,30507,0
34112,26627,30525,0
33601,26634,30581,0
33780,26623,30599,0
30483,23281,35141,0
30662,23270,35159,0
34421,23039,35537,0
30958,23256,35303,0
31853,23201,35393,0
32390,23168,35447,0
32569,23157,35465,0
33464,23102,35555,0
33643,23091,35573,0
32768,24599,33935,0
27641,26487,31916,0
27820,26476,31934,0
27595,26197,33200,0
29027,26109,33344,0
27621,26171,33310,0
27468,26156,33402,0
28389,26075,33602,0
28568,26064,33620,0
27699,26093,33640,0
27878,26082,33658,0
27956,26004,33988,0
28135,25993,34006,0
28213,25915,34336,0
27702,25922,34392,0
28597,25867,34482,0
28776,25856,34500,0
28649,25815,34702,0
28828,25804,34720,0
28164,25796,34868,0
28343,25785,34886,0
27858,25766,35052,0
28144,25480,36262,0
28323,25469,36280,0
28300,25324,36922,0
34753,25091,30728,0
34682,25039,31074,0
35028,24857,31676,0
34916,24805,32064,0
34983,24779,32132,0
34942,24779,32174,0
35009,24753,32242,0
34968,24753,32284,0
35061,24701,32462,0
35020,24701,32504,0
35128,24675,32530,0
29728,23161,36857,0
29907,23150,36875,0
28390,26550,31839,0
36228,23072,34604,0
36221,23077,34691,0
35253,26465,29655,0
35246,26470,29742,0
37014,26360,29574,0
36973,26360,29616,0
30722,27871,30339,0
30127,24163,36376,0
36093,22877,34836,0
29010,29207,30847,0
37410,25576,28999,0
37403,25581,29086,0
37422,25560,29283,0
37415,25565,29370,0
37490,25504,28871,0
37455,25529,29306,0
37434,25544,29567,0
37427,25549,29654,0
31209,22105,36575,0
33178,21984,36773,0
29461,25605,30963,0
29640,25594,30981,0
32888,25370,31415,0
33067,25359,31433,0
29334,25564,31165,0
29513,25553,31183,0
31840,25410,31417,0
32019,25399,31435,0
30792,25450,31419,0
30971,25439,31437,0
32966,25292,31745,0
29412,25486,31495,0
30131,25271,32319,0
30310,25260,32337,0
31618,24960,33435,0
31797,24949,33453,0
30622,24948,33657,0
30801,24937,33675,0
31595,24815,34077,0
31774,24804,34095,0
30010,24888,34025,0
30036,24862,34135,0
30677,24725,34629,0
30856,24714,34647,0
30524,24710,34721,0
30703,24699,34739,0
30781,24621,35069,0
30960,24610,35087,0
30270,24628,35125,0
31476,26911,29723,0
34903,26676,30175,0
35082,26665,30193,0
33754,26649,30489,0
33422,26645,30563,0
33959,26612,30617,0
32273,23171,35321,0
32452,23160,35339,0
33168,23116,35411,0
33347,23105,35429,0
30600,23278,35267,0
30779,23267,35285,0
31674,23212,35375,0
32748,23146,35483,0
33285,23113,35537,0
33009,24580,33845,0
33188,24569,33863,0
33126,24577,33971,0
33305,24566,33989,0
28189,27034,31840,0
29569,24688,36054,0
29748,24677,36072,0
27283,26509,31880,0
27462,26498,31898,0
28002,26294,32704,0
28181,26283,32722,0
28923,26213,32904,0
29102,26202,32922,0
27543,26249,32980,0
27722,26238,32998,0
27416,26208,33182,0
28848,26120,33326,0
27442,26182,33292,0
27647,26145,33420,0
27826,26134,33438,0
27852,26108,33548,0
28031,26097,33566,0
27520,26104,33622,0
28952,26016,33766,0
27930,26030,33878,0
28109,26019,33896,0
27777,26015,33970,0
27624,26000,34062,0
27855,25937,34300,0
28034,25926,34318,0
28750,25882,34390,0
28929,25871,34408,0
27933,25859,34630,0
28317,25811,34776,0
28496,25800,34794,0
27985,25807,34850,0
29085,25715,35068,0
28294,25666,35418,0
28473,25655,35436,0
28424,25536,35968,0
28603,25525,35986,0
28092,25532,36042,0
28274,25350,36812,0
28326,25298,37032,0
34578,25143,30634,0
34723,25039,31032,0
34935,24909,31498,0
35039,24805,31938,0
35132,24753,32116,0
35076,24727,32310,0
35035,24727,32352,0
35087,24675,32572,0
35221,24623,32708,0
35180,24623,32750,0
35124,24597,32944,0
30045,23139,36935,0
29646,23161,36941,0
29825,23150,36959,0
29963,23139,37019,0
35274,26450,29394,0
35267,26455,29481,0
35230,26474,30374,0
36932,26360,29658,0
37040,26334,29684,0
30558,27871,30507,0
29053,24229,36268,0
29232,24218,36286,0
26894,27834,32399,0
28958,29259,30627,0
37452,25546,28477,0
37375,25601,29434,0
37368,25606,29521,0
37457,25535,28848,0
37450,25540,28935,0
37401,25575,29544,0
37394,25580,29631,0
37497,25499,28784,0
37460,25518,29677,0
37561,25431,29288,0
37554,25436,29375,0
37601,25395,29224,0
37594,25400,29311,0
33357,21973,36791,0
29282,25616,30945,0
29819,25583,30999,0
29308,25590,31055,0
30050,25520,31237,0
30229,25509,31255,0
30766,25476,31309,0
30945,25465,31327,0
30613,25461,31401,0
32608,25314,31709,0
32787,25303,31727,0
29591,25475,31513,0
32865,25225,32057,0
33044,25214,32075,0
29773,25293,32283,0
29952,25282,32301,0
32461,24957,33305,0
32640,24946,33323,0
29828,25070,33255,0
30007,25059,33273,0
31823,24923,33563,0
32002,24912,33581,0
31670,24908,33655,0
31849,24897,33673,0
30264,24970,33621,0
30443,24959,33639,0
29984,24914,33915,0
30163,24903,33933,0
30189,24877,34043,0
30368,24866,34061,0
30394,24840,34171,0
30573,24829,34189,0
30062,24836,34245,0
31367,24707,34591,0
31546,24696,34609,0
30498,24736,34611,0
33183,24571,34881,0
30166,24732,34685,0
30345,24721,34703,0
32493,24589,34919,0
32672,24578,34937,0
30218,24680,34905,0
30397,24669,34923,0
30602,24632,35051,0
31450,26937,29613,0
32013,26878,29777,0
33087,26812,29885,0
33266,26801,29903,0
33471,26764,30031,0
33650,26753,30049,0
34034,26705,30195,0
34213,26694,30213,0
34060,26679,30305,0
34239,26668,30323,0
33907,26664,30397,0
34086,26653,30415,0
33038,26693,30417,0
33217,26682,30435,0
31990,26733,30419,0
32169,26722,30437,0
31684,26703,30603,0
31863,26692,30621,0
32247,26644,30767,0
32426,26633,30785,0
31020,23248,35195,0
31199,23237,35213,0
32989,23127,35393,0
34242,23050,35519,0
31495,23223,35357,0
38604,23246,33282,0
38597,23251,33369,0
32830,24591,33827,0
32947,24588,33953,0
33484,24555,34007,0
29390,24699,36036,0
27104,26520,31862,0
28894,26410,32042,0
29073,26399,32060,0
27846,26450,32044,0
28025,26439,32062,0
29050,26254,32702,0
27286,26338,32632,0
27849,26279,32796,0
28028,26268,32814,0
27517,26275,32870,0
27696,26264,32888,0
27364,26260,32962,0
28080,26216,33034,0
28259,26205,33052,0
27569,26223,33090,0
27748,26212,33108,0
28363,26101,33492,0
28542,26090,33510,0
27673,26119,33530,0
28210,26086,33584,0
28415,26049,33712,0
27751,26041,33860,0
27598,26026,33952,0
28672,25960,34060,0
28851,25949,34078,0
27982,25978,34098,0
28161,25967,34116,0
28187,25941,34226,0
28366,25930,34244,0
27676,25948,34282,0
28955,25845,34518,0
27907,25885,34520,0
28086,25874,34538,0
28470,25826,34684,0
29007,25793,34738,0
27780,25844,34722,0
27806,25818,34832,0
28522,25774,34904,0
28701,25763,34922,0
27832,25792,34942,0
28395,25733,35106,0
27936,25688,35382,0
28115,25677,35400,0
28756,25540,35894,0
28935,25529,35912,0
28066,25558,35932,0
28245,25547,35950,0
28961,25503,36022,0
29140,25492,36040,0
28450,25510,36078,0
34619,25143,30592,0
34894,24909,31540,0
34998,24805,31980,0
34957,24805,32022,0
35050,24753,32200,0
35158,24727,32226,0
35117,24727,32268,0
34994,24727,32394,0
35072,24649,32724,0
35262,24623,32666,0
35206,24597,32860,0
35165,24597,32902,0
30086,23139,36893,0
29866,23150,36917,0
30004,23139,36977,0
29784,23150,37001,0
28785,26487,31909,0
28964,26476,31927,0
35260,26460,29568,0
35300,26424,29504,0
30599,27871,30465,0
28874,24240,36250,0
29948,24174,36358,0
26790,27938,31959,0
37445,25551,28564,0
37438,25556,28651,0
37389,25591,29260,0
37382,25596,29347,0
37478,25520,28587,0
37443,25545,29022,0
37436,25550,29109,0
37408,25570,29457,0
37504,25494,28697,0
37516,25478,28981,0
37509,25483,29068,0
37493,25487,29700,0
37568,25426,29201,0
37608,25390,29137,0
32530,25392,31379,0
32709,25381,31397,0
29692,25542,31201,0
29871,25531,31219,0
31661,25421,31399,0
32914,25344,31525,0
33093,25333,31543,0
29897,25505,31329,0
30076,25494,31347,0
31687,25395,31509,0
31866,25384,31527,0
31892,25358,31637,0
32071,25347,31655,0
31791,25291,31949,0
31970,25280,31967,0
29669,25397,31843,0
29848,25386,31861,0
32380,25206,32223,0
32559,25195,32241,0
29594,25304,32265,0
31029,25045,33161,0
31208,25034,33179,0
29802,25096,33145,0
29981,25085,33163,0
30365,25037,33309,0
30544,25026,33327,0
30749,24989,33455,0
30928,24978,33473,0
33076,24846,33689,0
33255,24835,33707,0
31312,24930,33619,0
31491,24919,33637,0
30085,24981,33603,0
30469,24933,33749,0
30648,24922,33767,0
31748,24830,33985,0
31927,24819,34003,0
30342,24892,33951,0
30521,24881,33969,0
31263,24811,34151,0
31442,24800,34169,0
30215,24851,34153,0
30931,24807,34225,0
32363,24719,34369,0
30241,24825,34263,0
32057,24689,34553,0
32236,24678,34571,0
30114,24784,34465,0
30293,24773,34483,0
32262,24652,34681,0
30140,24758,34575,0
33004,24582,34863,0
32135,24611,34883,0
32314,24600,34901,0
33388,24534,35009,0
33567,24523,35027,0
33235,24519,35101,0
33414,24508,35119,0
30423,24643,35033,0
31655,26900,29741,0
31834,26889,29759,0
32550,26845,29831,0
32729,26834,29849,0
33113,26786,29995,0
33292,26775,30013,0
33829,26742,30067,0
32423,26804,30033,0
32602,26793,30051,0
34571,26672,30249,0
34750,26661,30267,0
33523,26712,30251,0
33702,26701,30269,0
34418,26657,30341,0
32117,26774,30217,0
32296,26763,30235,0
31606,26781,30273,0
31785,26770,30291,0
33396,26671,30453,0
33575,26660,30471,0
31632,26755,30383,0
31811,26744,30401,0
32348,26711,30455,0
33090,26641,30637,0
31710,26677,30713,0
32094,26629,30859,0
32273,26618,30877,0
30841,23259,35177,0
32094,23182,35303,0
34063,23061,35501,0
38653,23211,32673,0
38646,23216,32760,0
32651,24602,33809,0
33367,24558,33881,0
33546,24547,33899,0
27999,26465,31952,0
27667,26461,32026,0
28383,26417,32098,0
28562,26406,32116,0
28871,26265,32684,0
27823,26305,32686,0
29076,26228,32812,0
27670,26290,32778,0
28744,26224,32886,0
27338,26286,32852,0
28054,26242,32924,0
28233,26231,32942,0
27901,26227,33016,0
27390,26234,33072,0
28516,26116,33400,0
28695,26105,33418,0
28594,26038,33730,0
27572,26052,33842,0
28493,25971,34042,0
27803,25989,34080,0
27650,25974,34172,0
27829,25963,34190,0
29082,25886,34316,0
27728,25896,34502,0
28444,25852,34574,0
28623,25841,34592,0
28112,25848,34648,0
28291,25837,34666,0
28138,25822,34758,0
28011,25781,34960,0
28190,25770,34978,0
28652,25644,35454,0
28320,25640,35528,0
28499,25629,35546,0
28704,25592,35674,0
28883,25581,35692,0
28014,25610,35712,0
28398,25562,35858,0
28577,25551,35876,0
28782,25514,36004,0
28271,25521,36060,0
28170,25454,36372,0
28349,25443,36390,0
34660,25143,30550,0
34853,24909,31582,0
35091,24753,32158,0
35154,24649,32640,0
35113,24649,32682,0
35098,24623,32834,0
35247,24597,32818,0
35269,24493,33342,0
29687,23161,36899,0
35272,26444,29852,0
35265,26449,29939,0
36891,26360,29700,0
29272,27841,30530,0
29451,27830,30548,0
31088,27705,30820,0
29769,24185,36340,0
27640,33390,31770,0
27680,33354,31706,0
27673,33359,31793,0
27739,33297,31839,0
26816,27912,32069,0
26842,27886,32179,0
26868,27860,32289,0
29036,29181,30957,0
37417,25571,28912,0
37396,25586,29173,0
37464,25530,28761,0
37429,25555,29196,0
37387,25585,29718,0
37523,25473,28894,0
37502,25488,29155,0
37500,25482,29613,0
37575,25421,29114,0
32325,25429,31251,0
32504,25418,31269,0
30561,25513,31181,0
30740,25502,31199,0
31124,25454,31345,0
31303,25443,31363,0
32377,25377,31471,0
32556,25366,31489,0
29718,25516,31311,0
30434,25472,31383,0
31329,25417,31473,0
31508,25406,31491,0
32582,25340,31599,0
32761,25329,31617,0
30102,25468,31457,0
30281,25457,31475,0
32250,25336,31673,0
32429,25325,31691,0
30691,25383,31731,0
30870,25372,31749,0
29464,25434,31715,0
32507,25247,32021,0
32686,25236,32039,0
29490,25408,31825,0
30564,25342,31933,0
30743,25331,31951,0
29516,25382,31935,0
32738,25184,32259,0
32917,25173,32277,0
31332,25246,32225,0
31511,25235,32243,0
32946,24976,33139,0
33125,24965,33157,0
32435,24983,33195,0
32614,24972,33213,0
30313,25089,33089,0
30492,25078,33107,0
32103,24979,33269,0
32282,24968,33287,0
33177,24913,33377,0
30186,25048,33291,0
31439,24971,33417,0
33050,24872,33579,0
33229,24861,33597,0
29854,25044,33365,0
30033,25033,33383,0
31286,24956,33509,0
31465,24945,33527,0
32181,24901,33599,0
30417,24985,33529,0
30596,24974,33547,0
32207,24875,33709,0
32386,24864,33727,0
29906,24992,33585,0
29932,24966,33695,0
30111,24955,33713,0
31006,24900,33803,0
31185,24889,33821,0
31569,24841,33967,0
30700,24870,33987,0
30879,24859,34005,0
31953,24793,34113,0
32132,24782,34131,0
30547,24855,34079,0
32158,24756,34241,0
32337,24745,34259,0
30752,24818,34207,0
32184,24730,34351,0
30420,24814,34281,0
31878,24700,34535,0
30651,24751,34519,0
30830,24740,34537,0
32083,24663,34663,0
30319,24747,34593,0
31572,24670,34719,0
31751,24659,34737,0
31240,24666,34793,0
31419,24655,34811,0
33030,24556,34973,0
33209,24545,34991,0
31087,24651,34885,0
31266,24640,34903,0
30244,24654,35015,0
31139,24599,35105,0
32908,26823,29867,0
32755,26808,29959,0
32934,26797,29977,0
34724,26687,30157,0
31707,26848,29961,0
31886,26837,29979,0
33855,26716,30177,0
34392,26683,30231,0
31733,26822,30071,0
31912,26811,30089,0
33881,26690,30287,0
34776,26635,30377,0
34955,26624,30395,0
31938,26785,30199,0
33370,26697,30343,0
33549,26686,30361,0
34265,26642,30433,0
34444,26631,30451,0
32859,26704,30399,0
34470,26605,30561,0
34649,26594,30579,0
32706,26689,30491,0
32885,26678,30509,0
32195,26696,30547,0
32374,26685,30565,0
31889,26666,30731,0
32068,26655,30749,0
31736,26651,30823,0
32631,26596,30913,0
31915,23193,35285,0
33526,23094,35447,0
38639,23221,32847,0
38583,23261,33543,0
38576,23266,33630,0
30357,28355,30508,0
28715,26421,32024,0
27488,26472,32008,0
28204,26428,32080,0
28920,26384,32152,0
29099,26373,32170,0
28767,26369,32244,0
28946,26358,32262,0
27182,26442,32192,0
27361,26431,32210,0
29024,26280,32592,0
27260,26364,32522,0
27465,26327,32650,0
28897,26239,32794,0
27491,26301,32760,0
28565,26235,32868,0
27875,26253,32906,0
28412,26220,32960,0
28591,26209,32978,0
28796,26172,33106,0
28975,26161,33124,0
28106,26190,33144,0
28285,26179,33162,0
28337,26127,33382,0
29079,26057,33564,0
28773,26027,33748,0
29004,25964,33986,0
28314,25982,34024,0
29030,25938,34096,0
29056,25912,34206,0
28008,25952,34208,0
28545,25919,34262,0
28724,25908,34280,0
28265,25863,34556,0
27959,25833,34740,0
28675,25789,34812,0
28854,25778,34830,0
29059,25741,34958,0
28548,25748,35014,0
28727,25737,35032,0
28753,25711,35142,0
28932,25700,35160,0
28958,25674,35270,0
27910,25714,35272,0
28089,25703,35290,0
28141,25651,35510,0
27988,25636,35602,0
28219,25573,35840,0
28196,25428,36482,0
28375,25417,36500,0
34742,25143,30466,0
34812,24909,31624,0
35236,24649,32556,0
35195,24649,32598,0
35139,24623,32792,0
35288,24597,32776,0
35280,24441,33604,0
30101,23128,37079,0
28718,26513,31841,0
35293,26429,29591,0
35251,26459,30113,0
35244,26464,30200,0
35326,26398,29614,0
29630,27819,30566,0
29809,27808,30584,0
30014,27771,30712,0
30193,27760,30730,0
30927,27834,30467,0
30886,27834,30509,0
29652,24188,36214,0
29590,24196,36322,0
27628,33406,31486,0
27621,33411,31573,0
27661,33375,31509,0
27654,33380,31596,0
27687,33349,31619,0
26920,27808,32509,0
28791,29254,30893,0
28784,29259,30980,0
37424,25566,28825,0
37354,25616,29695,0
37471,25525,28674,0
37530,25468,28807,0
37474,25508,29503,0
37467,25513,29590,0
37535,25457,29178,0
37528,25462,29265,0
37582,25416,29027,0
37533,25451,29636,0
37712,25286,29577,0
37705,25291,29664,0
31967,25451,31215,0
32146,25440,31233,0
32683,25407,31287,0
29487,25579,31073,0
31993,25425,31325,0
32172,25414,31343,0
31482,25432,31381,0
32198,25388,31453,0
32735,25355,31507,0
29539,25527,31293,0
30255,25483,31365,0
31150,25428,31455,0
32045,25373,31545,0
32940,25318,31635,0
29744,25490,31421,0
29923,25479,31439,0
30460,25446,31493,0
30639,25435,31511,0
30665,25409,31621,0
30844,25398,31639,0
29438,25460,31605,0
32660,25262,31929,0
32839,25251,31947,0
30359,25379,31805,0
30538,25368,31823,0
32149,25269,31985,0
32328,25258,32003,0
30027,25375,31879,0
30590,25316,32043,0
30769,25305,32061,0
30795,25279,32171,0
30974,25268,32189,0
31205,25205,32427,0
31384,25194,32445,0
30261,25141,32869,0
30440,25130,32887,0
31898,25016,33141,0
32077,25005,33159,0
29776,25122,33035,0
30671,25067,33125,0
30850,25056,33143,0
31924,24990,33251,0
32998,24924,33359,0
31413,24997,33307,0
31592,24986,33325,0
31081,24993,33381,0
31260,24982,33399,0
32871,24883,33561,0
30212,25022,33401,0
30391,25011,33419,0
31107,24967,33491,0
31644,24934,33545,0
32897,24857,33671,0
30059,25007,33493,0
30238,24996,33511,0
30775,24963,33565,0
30954,24952,33583,0
32028,24886,33691,0
32923,24831,33781,0
30290,24944,33731,0
30827,24911,33785,0
32080,24834,33911,0
32259,24823,33929,0
30853,24885,33895,0
31032,24874,33913,0
31416,24826,34059,0
32311,24771,34149,0
31084,24822,34133,0
31621,24789,34187,0
32005,24741,34333,0
31162,24744,34463,0
31341,24733,34481,0
30472,24762,34501,0
31009,24729,34555,0
31904,24674,34645,0
31035,24703,34665,0
32288,24626,34791,0
32467,24615,34809,0
31061,24677,34775,0
31598,24644,34829,0
31777,24633,34847,0
32851,24567,34955,0
30371,24695,34813,0
30550,24684,34831,0
31445,24629,34921,0
31624,24618,34939,0
30296,24602,35235,0
31629,26926,29631,0
33624,26779,29939,0
33803,26768,29957,0
32218,26841,29905,0
32397,26830,29923,0
34008,26731,30085,0
34187,26720,30103,0
31528,26859,29943,0
32244,26815,30015,0
33318,26749,30123,0
33497,26738,30141,0
34929,26650,30285,0
31554,26833,30053,0
32986,26745,30197,0
33165,26734,30215,0
34597,26646,30359,0
31580,26807,30163,0
31759,26796,30181,0
32475,26752,30253,0
32654,26741,30271,0
33728,26675,30379,0
32322,26737,30345,0
32501,26726,30363,0
34291,26616,30543,0
32527,26700,30473,0
33064,26667,30527,0
31837,26718,30511,0
32016,26707,30529,0
32911,26652,30619,0
32937,26626,30729,0
32605,26622,30803,0
31915,26640,30841,0
32452,26607,30895,0
31736,23204,35267,0
33705,23083,35465,0
38618,23236,33108,0
38611,23241,33195,0
38590,23256,33456,0
28357,26443,31988,0
28536,26432,32006,0
27130,26494,31972,0
28741,26395,32134,0
27156,26468,32082,0
27335,26457,32100,0
28666,26302,32556,0
28845,26291,32574,0
27976,26320,32594,0
28155,26309,32612,0
27644,26316,32668,0
28360,26272,32740,0
28539,26261,32758,0
27312,26312,32742,0
28207,26257,32832,0
28949,26187,33014,0
28617,26183,33088,0
27927,26201,33126,0
28464,26168,33180,0
28643,26157,33198,0
28158,26138,33364,0
28721,26079,33528,0
28288,26008,33914,0
28340,25956,34134,0
28519,25945,34152,0
28903,25897,34298,0
29033,25767,34848,0
28880,25752,34940,0
28369,25759,34996,0
28906,25726,35050,0
28574,25722,35124,0
28779,25685,35252,0
28805,25659,35362,0
28984,25648,35380,0
27962,25662,35492,0
28857,25607,35582,0
29036,25596,35600,0
28346,25614,35638,0
28525,25603,35656,0
28551,25577,35766,0
28730,25566,35784,0
28040,25584,35822,0
29114,25518,35930,0
34701,25143,30508,0
35228,24493,33384,0
35254,24467,33494,0
28912,26528,31707,0
29091,26517,31725,0
35239,26475,29829,0
35232,26480,29916,0
35286,26434,29678,0
35258,26454,30026,0
35237,26469,30287,0
35319,26403,29701,0
29835,27782,30694,0
30909,27716,30802,0
29708,27741,30896,0
29887,27730,30914,0
30953,27808,30577,0
30189,24155,36268,0
29411,24207,36304,0
30248,24273,35891,0
30084,24273,36059,0
30263,24262,36077,0
27409,33607,31609,0
27402,33612,31696,0
27635,33401,31399,0
27647,33385,31683,0
27713,33323,31729,0
28798,29249,30806,0
28756,29279,31328,0
28749,29284,31415,0
37431,25561,28738,0
37361,25611,29608,0
37495,25493,29242,0
37488,25498,29329,0
37556,25442,28917,0
37507,25477,29526,0
37540,25446,29549,0
37573,25415,29572,0
37566,25420,29659,0
37620,25374,29421,0
37613,25379,29508,0
37738,25260,29687,0
31609,25473,31179,0
31788,25462,31197,0
32862,25396,31305,0
33041,25385,31323,0
30382,25524,31163,0
31456,25458,31271,0
31635,25447,31289,0
32351,25403,31361,0
29360,25538,31275,0
32403,25351,31581,0
29386,25512,31385,0
29565,25501,31403,0
30818,25424,31529,0
30997,25413,31547,0
30486,25420,31603,0
32992,25266,31855,0
30512,25394,31713,0
31049,25361,31767,0
33018,25240,31965,0
29643,25423,31733,0
29822,25412,31751,0
31612,25302,31931,0
30206,25364,31897,0
30385,25353,31915,0
30411,25327,32025,0
32201,25217,32205,0
29542,25356,32045,0
29721,25345,32063,0
31153,25257,32207,0
32943,25147,32387,0
31179,25231,32317,0
31358,25220,32335,0
30489,25249,32355,0
31563,25183,32463,0
31742,25172,32481,0
32842,25080,32699,0
33021,25069,32717,0
30030,25204,32631,0
30209,25193,32649,0
33099,24991,33047,0
30082,25152,32851,0
31872,25042,33031,0
32051,25031,33049,0
30466,25104,32997,0
30645,25093,33015,0
32256,24994,33177,0
32793,24961,33231,0
30134,25100,33071,0
31745,25001,33233,0
32819,24935,33341,0
31234,25008,33289,0
32845,24909,33451,0
33024,24898,33469,0
30723,25015,33345,0
30902,25004,33363,0
32155,24927,33489,0
32334,24916,33507,0
30570,25000,33437,0
32360,24890,33617,0
32539,24879,33635,0
29880,25018,33475,0
31133,24941,33601,0
32744,24842,33763,0
31875,24871,33783,0
32054,24860,33801,0
31722,24856,33875,0
31901,24845,33893,0
30495,24907,33859,0
30674,24896,33877,0
31211,24863,33931,0
31390,24852,33949,0
32106,24808,34021,0
31237,24837,34041,0
30726,24844,34097,0
31800,24778,34205,0
31468,24774,34279,0
30088,24810,34355,0
31520,24722,34499,0
31188,24718,34573,0
31725,24685,34627,0
31214,24692,34683,0
31930,24648,34755,0
32646,24604,34827,0
32825,24593,34845,0
30882,24688,34757,0
31956,24622,34865,0
30192,24706,34795,0
30729,24673,34849,0
33056,24530,35083,0
31650,24592,35049,0
31829,24581,35067,0
31257,26958,29769,0
31250,26963,29856,0
32166,26893,29685,0
32345,26882,29703,0
33445,26790,29921,0
33982,26757,29975,0
34161,26746,29993,0
32039,26852,29887,0
32576,26819,29941,0
34545,26698,30139,0
32065,26826,29997,0
32960,26771,30087,0
33139,26760,30105,0
33676,26727,30159,0
32270,26789,30125,0
32449,26778,30143,0
33344,26723,30233,0
35134,26613,30413,0
33012,26719,30307,0
33191,26708,30325,0
34623,26620,30469,0
31964,26759,30309,0
32143,26748,30327,0
32680,26715,30381,0
33243,26656,30545,0
34138,26601,30635,0
31658,26729,30493,0
32732,26663,30601,0
31677,26708,30690,0
32758,26637,30711,0
31557,23215,35249,0
33884,23072,35483,0
33822,23080,35591,0
34001,23069,35609,0
38632,23226,32934,0
38625,23231,33021,0
38569,23271,33717,0
28178,26454,31970,0
27309,26483,31990,0
27514,26446,32118,0
27540,26420,32228,0
27719,26409,32246,0
28282,26350,32410,0
28461,26339,32428,0
27771,26357,32466,0
27950,26346,32484,0
27797,26331,32576,0
28334,26298,32630,0
28718,26250,32776,0
28386,26246,32850,0
28770,26198,32996,0
28438,26194,33070,0
29001,26135,33234,0
28900,26068,33546,0
28825,25975,33968,0
28877,25923,34188,0
28802,25830,34610,0
27884,25740,35162,0
28626,25670,35344,0
28831,25633,35472,0
29010,25622,35490,0
28678,25618,35564,0
28167,25625,35620,0
28372,25588,35748,0
28118,25506,36152,0
28297,25495,36170,0
35217,24545,33122,0
35176,24545,33164,0
35284,24519,33190,0
35243,24519,33232,0
28733,26539,31689,0
28759,26513,31799,0
28938,26502,31817,0
35218,26490,30090,0
35211,26495,30177,0
35279,26439,29765,0
30033,24484,35896,0
30219,24468,35827,0
29988,27797,30602,0
29656,27793,30676,0
30372,27749,30748,0
30577,27712,30876,0
30756,27701,30894,0
29529,27752,30878,0
30860,27860,30399,0
31147,27823,30443,0
30010,24166,36250,0
30166,24273,35975,0
30125,24273,36017,0
27458,33572,31000,0
27451,33577,31087,0
27505,33531,30849,0
27503,33525,31307,0
27496,33530,31394,0
27588,33442,31550,0
27581,33447,31637,0
28709,29320,31479,0
28702,29325,31566,0
28770,29269,31154,0
28763,29274,31241,0
28824,29223,30916,0
37481,25503,29416,0
37549,25447,29004,0
37521,25467,29352,0
37547,25441,29462,0
37580,25410,29485,0
37634,25364,29247,0
37627,25369,29334,0
37646,25348,29531,0
37639,25353,29618,0
37686,25312,29467,0
29998,25572,31017,0
30024,25546,31127,0
30203,25535,31145,0
31098,25480,31235,0
31277,25469,31253,0
31814,25436,31307,0
32224,25362,31563,0
31534,25380,31601,0
31713,25369,31619,0
30128,25442,31567,0
30307,25431,31585,0
31560,25354,31711,0
31739,25343,31729,0
29617,25449,31623,0
29796,25438,31641,0
31586,25328,31821,0
31765,25317,31839,0
30180,25390,31787,0
31075,25335,31877,0
31254,25324,31895,0
31817,25265,32059,0
31996,25254,32077,0
30232,25338,32007,0
31664,25250,32151,0
31843,25239,32169,0
30616,25290,32153,0
32048,25202,32297,0
32227,25191,32315,0
31000,25242,32299,0
32969,25121,32497,0
31026,25216,32409,0
32458,25128,32553,0
32637,25117,32571,0
32305,25113,32645,0
32484,25102,32663,0
29672,25226,32595,0
29851,25215,32613,0
30414,25156,32777,0
30593,25145,32795,0
29903,25163,32833,0
31514,25064,32995,0
31693,25053,33013,0
32767,24987,33121,0
30287,25115,32979,0
31182,25060,33069,0
31361,25049,33087,0
29955,25111,33053,0
31387,25023,33197,0
31566,25012,33215,0
30160,25074,33181,0
32129,24953,33379,0
32308,24942,33397,0
31976,24938,33471,0
32692,24894,33543,0
32718,24868,33653,0
32565,24853,33745,0
31338,24904,33729,0
31517,24893,33747,0
31543,24867,33857,0
29958,24940,33805,0
30137,24929,33823,0
32285,24797,34039,0
31058,24848,34023,0
30905,24833,34115,0
31979,24767,34223,0
31826,24752,34315,0
30446,24788,34391,0
30625,24777,34409,0
31699,24711,34517,0
31393,24681,34701,0
32109,24637,34773,0
30908,24662,34867,0
31803,24607,34957,0
31982,24596,34975,0
31471,24603,35031,0
31264,26953,29682,0
31808,26915,29649,0
31987,26904,29667,0
34851,26728,29955,0
35030,26717,29973,0
31234,26967,30488,0
31227,26972,30575,0
34340,26735,30011,0
31681,26874,29851,0
31860,26863,29869,0
34366,26709,30121,0
32781,26782,30069,0
35108,26639,30303,0
32091,26800,30107,0
32807,26756,30179,0
32833,26730,30289,0
32553,26674,30583,0
32042,26681,30639,0
32784,26611,30821,0
31378,23226,35231,0
34359,23047,35645,0
34538,23036,35663,0
27872,26424,32154,0
28051,26413,32172,0
27387,26405,32320,0
27566,26394,32338,0
27234,26390,32412,0
28487,26313,32538,0
27618,26342,32558,0
28513,26287,32648,0
28822,26146,33216,0
29053,26083,33454,0
27546,26078,33732,0
28467,25997,33932,0
28698,25934,34170,0
28981,25819,34628,0
28063,25729,35180,0
28268,25692,35308,0
28447,25681,35326,0
29062,25570,35710,0
28193,25599,35730,0
28909,25555,35802,0
35258,24545,33080,0
35202,24519,33274,0
28774,26539,31647,0
28953,26528,31665,0
29005,26476,31885,0
35225,26485,30003,0
35204,26500,30264,0
35270,26438,30310,0
35263,26443,30397,0
30040,24479,35809,0
30525,27764,30656,0
30704,27753,30674,0
29298,27815,30640,0
29477,27804,30658,0
30730,27727,30784,0
30398,27723,30858,0
30935,27690,30912,0
29350,27763,30860,0
31121,27849,30333,0
30968,27834,30425,0
30994,27808,30535,0
31132,27797,30595,0
29831,24177,36232,0
27465,33567,30913,0
27416,33602,31522,0
27531,33505,30959,0
27524,33510,31046,0
27515,33509,31591,0
27508,33514,31678,0
27583,33453,31179,0
27576,33458,31266,0
27595,33437,31463,0
34960,27868,29491,0
28765,29280,30783,0
28758,29285,30870,0
28777,29264,31067,0
28742,29289,31502,0
28735,29294,31589,0
28977,29238,30824,0
29003,29212,30934,0
37542,25452,29091,0
37514,25472,29439,0
37587,25405,29398,0
37653,25343,29444,0
37632,25358,29705,0
37672,25322,29641,0
30177,25561,31035,0
30356,25550,31053,0
29666,25568,31091,0
29845,25557,31109,0
30919,25491,31217,0
31355,25391,31583,0
31202,25376,31675,0
31381,25365,31693,0
32813,25277,31837,0
30333,25405,31695,0
31407,25339,31803,0
32481,25273,31911,0
30001,25401,31769,0
30717,25357,31841,0
31433,25313,31913,0
30922,25320,31969,0
31101,25309,31987,0
32175,25243,32095,0
29874,25360,31971,0
30053,25349,31989,0
31306,25272,32115,0
31485,25261,32133,0
32022,25228,32187,0
33096,25162,32295,0
30258,25312,32117,0
30437,25301,32135,0
31869,25213,32279,0
32764,25158,32369,0
29926,25308,32191,0
30105,25297,32209,0
31537,25209,32353,0
30668,25238,32373,0
32279,25139,32535,0
32995,25095,32607,0
31947,25135,32609,0
32126,25124,32627,0
32663,25091,32681,0
31257,25153,32647,0
31436,25142,32665,0
30235,25167,32759,0
32920,25002,33029,0
29724,25174,32815,0
30619,25119,32905,0
32588,24998,33103,0
29750,25148,32925,0
29929,25137,32943,0
30824,25082,33033,0
31003,25071,33051,0
31719,25027,33123,0
32972,24950,33249,0
30339,25063,33199,0
31950,24964,33361,0
32487,24931,33415,0
32666,24920,33433,0
33203,24887,33487,0
32513,24905,33525,0
31159,24915,33711,0
31696,24882,33765,0
32412,24838,33837,0
31364,24878,33839,0
32438,24812,33947,0
30316,24918,33841,0
31647,24763,34297,0
30957,24781,34335,0
31136,24770,34353,0
30267,24799,34373,0
30804,24766,34427,0
32161,24585,34993,0
31292,24614,35013,0
32008,24570,35085,0
31187,27008,30639,0
31180,27013,30726,0
32524,26871,29721,0
32703,26860,29739,0
35209,26706,29991,0
31269,26942,30053,0
31262,26947,30140,0
34519,26724,30029,0
31502,26885,29833,0
32628,26767,30161,0
31498,26719,30672,0
31491,26724,30759,0
32579,26648,30693,0
31550,26667,30892,0
34180,23058,35627,0
32409,24658,34574,0
32402,24663,34661,0
32644,24607,33896,0
32823,24596,33914,0
27693,26435,32136,0
28409,26391,32208,0
28588,26380,32226,0
28793,26343,32354,0
28972,26332,32372,0
27208,26416,32302,0
28103,26361,32392,0
28998,26306,32482,0
27592,26368,32448,0
28129,26335,32502,0
27439,26353,32540,0
28692,26276,32666,0
28874,26094,33436,0
28262,26034,33804,0
28441,26023,33822,0
28646,25986,33950,0
28242,25718,35198,0
29088,25544,35820,0
35150,24571,33054,0
28692,26539,31731,0
28826,26487,31867,0
35197,26505,30351,0
35284,26428,30136,0
30167,27786,30620,0
31062,27731,30710,0
30551,27738,30766,0
29861,27756,30804,0
30040,27745,30822,0
30942,27860,30315,0
30901,27860,30357,0
31080,27849,30375,0
27472,33562,30826,0
27423,33597,31435,0
27395,33617,31783,0
27498,33536,30936,0
27510,33520,31220,0
27468,33550,31742,0
27461,33555,31829,0
27536,33494,31330,0
27529,33499,31417,0
27501,33519,31765,0
27534,33488,31788,0
27609,33427,31289,0
27602,33432,31376,0
27706,33328,31816,0
34953,27873,29578,0
28772,29275,30696,0
28751,29290,30957,0
28744,29295,31044,0
28951,29264,30714,0
28789,29248,31351,0
28782,29253,31438,0
37599,25389,29682,0
37660,25338,29357,0
37679,25317,29554,0
31072,25506,31125,0
31251,25495,31143,0
31176,25402,31565,0
31023,25387,31657,0
32276,25310,31783,0
32455,25299,31801,0
30154,25416,31677,0
31228,25350,31785,0
32123,25295,31875,0
32302,25284,31893,0
30896,25346,31859,0
31459,25287,32023,0
31638,25276,32041,0
32891,25199,32167,0
33070,25188,32185,0
29695,25371,31953,0
30948,25294,32079,0
29900,25334,32081,0
30079,25323,32099,0
31690,25224,32261,0
32406,25180,32333,0
32585,25169,32351,0
29568,25330,32155,0
29747,25319,32173,0
30642,25264,32263,0
30821,25253,32281,0
31716,25198,32371,0
30847,25227,32391,0
32100,25150,32517,0
32816,25106,32589,0
31589,25157,32573,0
31768,25146,32591,0
30362,25208,32557,0
30541,25197,32575,0
31999,25083,32829,0
32178,25072,32847,0
30056,25178,32741,0
32562,25024,32993,0
32741,25013,33011,0
30798,25108,32923,0
32230,25020,33067,0
32409,25009,33085,0
30108,25126,32961,0
31540,25038,33105,0
33151,24939,33267,0
31055,25019,33271,0
31771,24975,33343,0
30980,24926,33693,0
32233,24849,33819,0
30599,24803,34299,0
30983,24755,34445,0
32698,24552,35047,0
32877,24541,35065,0
31113,24625,34995,0
31243,26968,29943,0
31173,27018,30813,0
33777,26794,29847,0
33956,26783,29865,0
31276,26937,29966,0
31255,26952,30227,0
31199,26992,30923,0
35056,26691,30083,0
31314,26895,30360,0
31307,26900,30447,0
31625,26760,30470,0
32400,26659,30675,0
31729,26656,30910,0
32416,24653,34487,0
33181,24574,33950,0
28230,26402,32190,0
28256,26376,32300,0
28435,26365,32318,0
27745,26383,32356,0
27924,26372,32374,0
28640,26328,32446,0
27413,26379,32430,0
28308,26324,32520,0
27725,26067,33750,0
28600,25696,35234,0
35191,24571,33012,0
35277,26433,30223,0
29265,27846,30617,0
30346,27775,30638,0
30883,27742,30692,0
29682,27767,30786,0
30219,27734,30840,0
31106,27823,30485,0
30207,24273,35933,0
27479,33557,30739,0
27444,33582,31174,0
27437,33587,31261,0
27463,33561,31371,0
27456,33566,31458,0
27517,33515,31133,0
27489,33535,31481,0
27543,33489,31243,0
27522,33504,31504,0
27562,33468,31440,0
27555,33473,31527,0
27574,33452,31724,0
28723,29310,31305,0
28716,29315,31392,0
28817,29228,31003,0
37606,25384,29595,0
30714,25528,31089,0
30893,25517,31107,0
31430,25484,31161,0
31918,25332,31747,0
32634,25288,31819,0
29975,25427,31659,0
31944,25306,31857,0
31280,25298,32005,0
32712,25210,32149,0
31127,25283,32097,0
30463,25275,32245,0
31895,25187,32389,0
31921,25161,32499,0
30336,25234,32447,0
30515,25223,32465,0
29825,25241,32503,0
30004,25230,32521,0
31078,25164,32629,0
31794,25120,32701,0
31973,25109,32719,0
30388,25182,32667,0
29877,25189,32723,0
31488,25090,32885,0
31667,25079,32903,0
31156,25086,32959,0
31335,25075,32977,0
30876,25030,33253,0
30778,24792,34317,0
31315,24759,34371,0
31494,24748,34389,0
32340,24574,35011,0
32519,24563,35029,0
30934,24636,34977,0
32187,24559,35103,0
32366,24548,35121,0
31194,27003,30552,0
33061,26838,29775,0
33240,26827,29793,0
34493,26750,29919,0
34672,26739,29937,0
31290,26927,29792,0
31283,26932,29879,0
31248,26957,30314,0
31241,26962,30401,0
31220,26977,30662,0
31213,26982,30749,0
31469,26916,29810,0
34877,26702,30065,0
31342,26875,30012,0
31394,26823,30232,0
31387,26828,30319,0
31573,26812,30250,0
31599,26786,30360,0
31446,26771,30452,0
31439,26776,30539,0
31484,26729,30846,0
32221,26670,30657,0
32437,24638,34226,0
32430,24643,34313,0
27898,26398,32264,0
28614,26354,32336,0
28819,26317,32464,0
27904,26056,33768,0
28083,26045,33786,0
28421,25707,35216,0
35273,24571,32928,0
35232,24571,32970,0
28800,26513,31757,0
28979,26502,31775,0
29503,27778,30768,0
31173,27797,30553,0
27430,33592,31348,0
27491,33541,31023,0
27435,33581,31719,0
27428,33586,31806,0
27475,33545,31655,0
27557,33479,31069,0
27569,33463,31353,0
27541,33483,31701,0
28730,29305,31218,0
28796,29243,31264,0
28843,29202,31113,0
28836,29207,31200,0
28876,29171,31136,0
30535,25539,31071,0
32097,25321,31765,0
32533,25221,32131,0
30284,25286,32227,0
32611,25143,32461,0
32790,25132,32479,0
30157,25245,32429,0
31410,25168,32555,0
29646,25252,32485,0
30183,25219,32539,0
30720,25186,32593,0
31615,25131,32683,0
32152,25098,32737,0
31283,25127,32757,0
31462,25116,32775,0
29698,25200,32705,0
31130,25112,32849,0
31309,25101,32867,0
32383,25035,32975,0
30977,25097,32941,0
30697,25041,33235,0
31673,24737,34407,0
30755,24647,34959,0
31201,26998,30465,0
31443,26942,29700,0
32882,26849,29757,0
33419,26816,29811,0
33598,26805,29829,0
34314,26761,29901,0
31206,26987,30836,0
34698,26713,30047,0
31321,26890,30273,0
31361,26854,30209,0
31354,26859,30296,0
31547,26838,30140,0
31399,26812,30603,0
31392,26817,30690,0
31418,26791,30800,0
31411,26796,30887,0
31517,26698,30869,0
32458,24623,33965,0
32451,24628,34052,0
32423,24648,34400,0
33360,24563,33968,0
33539,24552,33986,0
28077,26387,32282,0
29037,27892,31208,0
29030,27897,31295,0
29324,27789,30750,0
27477,33551,31197,0
27470,33556,31284,0
27449,33571,31545,0
27442,33576,31632,0
27482,33540,31568,0
27550,33484,31156,0
27548,33478,31614,0
27607,33421,31747,0
27600,33426,31834,0
28737,29300,31131,0
28803,29238,31177,0
28775,29258,31525,0
28850,29197,31026,0
29029,29186,31044,0
28848,29191,31484,0
28841,29196,31571,0
32354,25232,32113,0
32074,25176,32407,0
32253,25165,32425,0
29620,25278,32375,0
29799,25267,32393,0
30694,25212,32483,0
30873,25201,32501,0
30899,25175,32611,0
30746,25160,32703,0
30925,25149,32721,0
31641,25105,32793,0
31820,25094,32811,0
32357,25061,32865,0
30951,25123,32831,0
31846,25068,32921,0
30518,25052,33217,0
32389,24693,34479,0
30576,24658,34941,0
31208,26993,30378,0
31166,27023,30900,0
34135,26772,29883,0
31335,26880,30099,0
31328,26885,30186,0
31286,26915,30708,0
31279,26920,30795,0
31368,26849,30122,0
31312,26889,30818,0
31305,26894,30905,0
31420,26797,30342,0
31413,26802,30429,0
31432,26781,30626,0
31444,26765,30910,0
31524,26693,30782,0
31703,26682,30800,0
32465,24618,33878,0
32444,24633,34139,0
33002,24585,33932,0
28620,26012,33840,0
28799,26001,33858,0
29044,27887,31121,0
29077,27856,31144,0
29070,27861,31231,0
27484,33546,31110,0
27567,33457,31811,0
27614,33416,31660,0
28810,29233,31090,0
28768,29263,31612,0
28815,29222,31461,0
28808,29227,31548,0
28869,29176,31223,0
28874,29165,31594,0
28914,29129,31530,0
28907,29134,31617,0
28954,29093,31466,0
32432,25154,32443,0
29978,25256,32411,0
31231,25179,32537,0
32510,25076,32773,0
32689,25065,32791,0
30567,25171,32685,0
31104,25138,32739,0
32536,25050,32883,0
30772,25134,32813,0
32025,25057,32939,0
31852,24726,34425,0
31229,26978,30117,0
31222,26983,30204,0
31309,26906,29989,0
31302,26911,30076,0
31293,26910,30621,0
31319,26884,30731,0
31359,26848,30667,0
31352,26853,30754,0
31406,26807,30516,0
31425,26786,30713,0
31451,26760,30823,0
28978,25990,33876,0
29065,27872,30860,0
29058,27877,30947,0
29009,27912,31556,0
29112,27831,30709,0
29105,27836,30796,0
28829,29212,31287,0
28855,29186,31397,0
28888,29155,31420,0
28881,29160,31507,0
28928,29119,31356,0
28921,29124,31443,0
28947,29098,31553,0
31052,25190,32519,0
32331,25087,32755,0
33047,25043,32827,0
33073,25017,32937,0
32204,25046,32957,0
32031,24715,34443,0
31236,26973,30030,0
31215,26988,30291,0
31316,26901,29902,0
31300,26905,30534,0
31521,26864,30030,0
31347,26864,30383,0
31366,26843,30580,0
31385,26822,30777,0
31472,26745,30562,0
31465,26750,30649,0
31651,26734,30580,0
29072,27867,30773,0
29051,27882,31034,0
29016,27907,31469,0
29084,27851,31057,0
29291,27820,30727,0
28822,29217,31374,0
28862,29181,31310,0
28895,29150,31333,0
28980,29067,31576,0
32868,25054,32809,0
32894,25028,32919,0
32210,24704,34461,0
31495,26890,29920,0
31326,26879,30644,0
31380,26833,30406,0
31378,26827,30864,0
31458,26755,30736,0
29086,27857,30599,0
29079,27862,30686,0
29023,27902,31382,0
29098,27841,30883,0
28902,29145,31246,0
32715,25039,32901,0
31295,26916,30163,0
31333,26874,30557,0
31373,26838,30493,0
31345,26858,30841,0
29091,27846,30970,0
31246,26951,30772,0
31239,26956,30859,0
31340,26869,30470,0
29063,27866,31318,0
29056,27871,31405,0
31288,26921,30250,0
31281,26926,30337,0
31272,26925,30882,0
29317,27794,30837,0
31274,26931,30424,0
29138,27805,30819,0
31260,26941,30598,0
31253,26946,30685,0
29042,27881,31579,0
29131,27810,30906,0
31267,26936,30511,0
29049,27876,31492,0
29075,27850,31602,0
29082,27845,31515,0
29096,27835,31341,0
29089,27840,31428,0
