obj0,obj1,obj2,obj3,cpu
2744,3057,1733,1662,0.0746347
2053,2787,2766,1366,0.0746433
2298,2431,2170,1766,0.0746648
2839,3209,2047,1256,0.0746783
2785,3266,2774,951,0.0746878
3287,2997,2291,1053,0.0747004
1794,2643,3090,1754,0.0747323
1819,3241,2077,2010,0.0747609
2442,2736,2317,1363,0.0747758
1560,3097,2401,2398,0.0748059
1646,2764,2845,2110,0.074824
2387,2135,2036,2504,0.0748595
2416,3124,1908,1706,0.074875
2268,3245,1663,2062,0.0748964
2808,2686,1866,1764,0.0749133
2562,2802,1039,3516,0.0749502
2326,2405,1631,3085,0.074977
2952,2991,2013,1361,0.0750608
2154,2153,2400,2430,0.0750873
2309,2260,2401,1995,0.0751123
2704,2321,2714,1742,0.0751194
2242,3326,2216,1560,0.0751357
2187,2999,1567,2499,0.075155
3033,2667,2604,1284,0.0752007
2889,2362,2457,1687,0.0752204
2623,2532,1444,2935,0.0752407
2494,2301,2144,1940,0.0752596
2528,3182,1229,2803,0.0752932
1824,2662,2425,2159,0.0753071
1983,2666,1762,3108,0.0753379
1972,2541,2670,1803,0.0753621
2269,2765,1368,3387,0.0754476
2070,2815,1602,3333,0.07547
2808,3302,1315,2519,0.075485
2646,3052,1151,3058,0.0754955
3234,3270,2360,1003,0.0755129
1905,2908,2521,1722,0.0755259
2069,2333,2206,2820,0.0755544
2294,2857,2072,1719,0.0755894
2672,3487,1376,2400,0.0756797
2531,2936,3087,1182,0.0757065
1636,3042,2246,2571,0.0757417
1798,3050,2016,2502,0.0757831
2450,3260,2496,1259,0.0758326
2276,2703,1433,3237,0.0758571
2093,2423,1995,3011,0.0759033
2691,3330,1802,1612,0.0759774
2404,3060,1602,2181,0.0760102
1822,3106,2218,2486,0.101954
2213,2611,1976,2156,0.102076
2136,3334,1950,2123,0.102297
2585,3338,1536,2175,0.102363
2559,2903,1311,2833,0.102405
2027,3175,2357,1709,0.1372
2424,2582,1678,2881,0.137266
2335,2878,1812,2143,0.13729
2363,2852,1273,3462,0.137328
2384,3043,1334,2970,0.137349
2947,3000,2160,1572,0.13737
1946,2929,2261,2146,0.137385
1768,3031,2681,2097,0.137443
2191,2600,2042,2807,0.137473
2138,2773,1763,2673,0.137496
2546,3293,1498,2431,0.137574
2531,2748,1786,2317,0.13761
2297,2894,1494,2745,0.137642
2612,2994,1882,1880,0.137696
2383,2869,1541,2673,0.137731
2958,2651,2401,1511,0.173577
2245,2675,1579,3196,0.173617
1976,3039,2377,2052,0.173656
2695,2904,1900,1659,0.173673
2478,2770,1894,2154,0.173715
2390,2550,1808,2861,0.173742
2623,2645,2123,1819,0.173777
2589,2912,1634,2222,0.173801
2510,2863,2157,1714,0.173837
2920,2885,2638,1179,0.186866
2292,2785,1821,2372,0.18693
2436,3090,1968,1969,0.186954
2733,3217,1781,1819,0.212234
2721,3153,1475,2294,0.212284
2785,2782,1608,2396,0.212339
2723,2878,1361,2978,0.23395
2478,2782,1583,2978,0.234154
2784,2608,1766,2397,0.234196
2689,3258,1551,2265,0.23434
2454,2692,1794,2787,0.23442
2886,3290,1629,1912,0.234487
2610,3084,1706,2049,0.234551
2807,3128,1473,2520,0.23467
2802,3040,1517,2370,0.234743
2723,2866,1672,2154,0.234833
1722,2709,2690,2283,0.244947
1870,2588,2935,1927,0.245009
2409,2481,1950,2330,0.245042
2224,2440,2207,2385,0.245097
2120,2533,2590,1717,0.269579
2711,2464,2877,1638,0.269689
2316,2403,2564,1891,0.269729
2059,2803,2185,2298,0.269759
2114,2695,1663,3306,0.277108
2157,2980,2232,2094,0.289945
2009,3101,1987,2450,0.290023
1647,3246,2241,2623,0.290085
2145,2916,1926,2569,0.29011
2096,3250,1827,2675,0.29015
2425,3043,1963,2104,0.310716
3090,2965,2213,1406,0.310779
2833,3563,1698,1862,0.310804
2598,2682,2911,1533,0.31717
2302,2315,1842,2894,0.335982
1966,2895,2321,2409,0.336126
1733,2913,2685,2335,0.336219
2383,2561,1938,2457,0.336254
2470,2710,1778,2682,0.33631
2410,3478,1559,2312,0.37759
1940,3283,1912,2752,0.377662
1778,3275,2142,2821,0.377695
2329,3232,1463,2749,0.377718
2201,2844,1503,3531,0.37776
1961,3474,1973,2260,0.377791
2400,2794,1269,3585,0.392496
2521,2579,1709,3059,0.392573
2600,2741,1865,2451,0.392605
2115,3143,1889,2615,0.392645
2526,3122,3098,1339,0.410239
2221,3135,2155,2052,0.428702
3203,2747,2179,1511,0.428787
2912,3067,2633,1357,0.441425
2450,2690,2991,1619,0.447303
2265,2649,3248,1674,0.447365
2776,2580,2491,1582,0.447398
2591,2539,2748,1637,0.447444
2638,2606,2291,1537,0.451922
2490,2727,2046,1893,0.452035
2724,3052,1203,2977,0.504779
2455,2866,1636,2786,0.504861
2479,2956,1425,2977,0.504898
2407,2925,1743,2657,0.518729
2720,2979,1633,2295,0.535773
2557,2944,1739,2370,0.535875
2485,2913,2057,2050,0.535912
2406,2751,1901,2658,0.535944
2630,2788,2286,1715,0.558731
2285,2182,2301,2628,0.586885
2224,2452,1896,3209,0.586984
2488,2655,1795,2546,0.587025
2190,2832,2086,2496,0.587083
2680,2243,2614,2375,0.587175
2035,2713,2396,2107,0.5969
2200,2362,2107,3018,0.597013
2047,3141,2417,1972,0.597107
2085,3046,1832,2623,0.616778
2505,2828,1774,2444,0.627637
2767,2837,1591,2532,0.661017
2504,3092,1440,2612,0.668221
2699,2788,1572,2787,0.726073
2223,3483,1790,2348,0.796221
2700,2962,1414,2786,0.806552
2430,2841,1690,2849,0.832437
2369,3014,2400,1696,0.83658
2196,2478,2435,1890,0.852332
2865,2284,2357,2320,0.857313
2525,3102,1437,2923,0.884014
2538,2712,1250,3325,0.90071
3101,2681,1765,2751,0.900827
2111,2658,2241,2280,0.962568
3179,2669,2079,2144,1.03056
2231,2583,2370,2281,1.07345
