obj0,obj1,obj2,cpu
987,4587,4369,0.0957345
1574,3298,4121,0.0957405
4468,2052,2202,0.0957465
3139,4584,1730,0.0957524
3951,4172,1611,0.0957644
4862,781,4154,0.0957718
3019,4339,1874,0.0957766
2453,4836,2116,0.0957826
3048,4095,1934,0.0957874
1180,3911,4548,0.0957959
1262,3680,4429,0.0958007
2154,2844,3596,0.0958068
1949,3948,3071,0.0958164
4063,3760,1649,0.0958275
4246,3290,1751,0.0958369
4563,2574,1972,0.0958431
3197,2226,2911,0.095848
3136,3103,2266,0.0958623
2942,1818,3795,0.0958711
4858,968,3699,0.0958794
4316,1003,3930,0.0958915
4765,1615,2645,0.0958965
2291,2506,3805,0.0959035
3869,2010,2608,0.0959085
4169,1869,2545,0.0959196
2329,4484,2330,0.0959304
1449,4771,3433,0.0959375
1422,4830,3464,0.095944
2573,5081,1972,0.0959494
1069,4356,4250,0.0959614
1096,4297,4219,0.0959779
2605,2432,3386,0.0959899
2737,2130,3543,0.0960028
2457,3253,2851,0.0960133
1478,4527,3493,0.0960292
3171,3700,2001,0.0960375
4168,2193,2265,0.0960443
4134,962,4556,0.0960576
4129,996,4254,0.0960656
4672,806,4265,0.0960749
3269,1503,4338,0.0960826
2450,2266,4007,0.0960885
3907,1055,4672,0.0960959
4972,1176,3320,0.096102
5008,1569,2697,0.0961096
4762,1924,2302,0.0961155
4465,1542,2846,0.0961214
4355,1835,2496,0.0961362
1472,3315,4599,0.0961493
4351,1334,3225,0.096156
2485,3952,2387,0.0961682
1828,4954,2906,0.0961789
2426,4895,2147,0.0961864
2767,2900,2793,0.0961932
1444,3387,4468,0.0962078
4151,2768,1981,0.0962152
3763,3901,1712,0.0962282
4383,875,4536,0.096239
3780,1140,4524,0.0962466
3902,1089,4370,0.0962562
5359,1766,2442,0.0962653
5116,1812,2390,0.0962728
1761,3025,4289,0.0962821
1920,2785,4491,0.0962892
3920,1478,3314,0.0963009
4007,1719,2870,0.0963222
2264,3929,2672,0.0963325
3051,3455,2145,0.0963475
2570,3600,2508,0.096359
1855,4895,2875,0.0963702
2592,2966,2931,0.0963835
2777,1951,4550,0.0963925
4426,1398,3096,0.0964002
4195,1385,3249,0.0964088
2482,4592,2176,0.0964201
3159,1602,4638,0.0964293
3391,1452,4184,0.0964408
2951,1840,3746,0.0964589
1381,3974,3942,0.0964697
3851,2909,2044,0.0964823
3846,1482,3392,0.0964934
4743,1337,3119,0.139187
4351,1195,3500,0.139213
1841,3820,3559,0.139224
3747,2045,2725,0.139238
4497,1703,2675,0.139289
5168,1530,2786,0.139298
3453,1882,3197,0.139314
2156,2793,3725,0.139333
2116,2913,3619,0.139347
1897,4146,3302,0.139358
3322,4114,1832,0.13937
4520,1770,2598,0.139382
3770,2112,2648,0.139395
1923,3589,3440,0.139405
2034,3144,3738,0.139421
1964,4590,3007,0.139432
3431,2495,2556,0.139443
1961,3520,3417,0.139459
3378,1679,3601,0.139488
3278,1525,4289,0.195675
3789,1162,4475,0.195704
2378,2337,4149,0.195718
3335,1935,3173,0.195733
4668,1273,3248,0.195765
4199,1198,3704,0.195776
1734,4448,3156,0.195793
2191,2610,3981,0.195816
3496,2409,2568,0.195827
4894,1361,3076,0.19585
1927,3772,3335,0.195865
4823,1116,3527,0.195884
4016,1069,4359,0.195901
1975,5140,2731,0.195915
2814,2178,3537,0.195932
2880,2942,2690,0.195944
2795,3294,2569,0.195963
3946,3431,1814,0.195975
3025,1836,3668,0.196003
4782,1481,2869,0.196017
5163,1412,2976,0.196032
4429,1208,3478,0.196043
4355,1147,3680,0.196055
2059,2912,3824,0.196066
4125,1202,3782,0.196082
4203,1076,4035,0.196099
4277,1072,3957,0.196116
2682,2480,3380,0.19613
3334,2713,2453,0.241242
2886,1926,3734,0.241309
2507,3318,2810,0.241347
2313,2604,3798,0.241395
2462,2400,3989,0.241461
3891,1220,4001,0.24148
3800,1165,4317,0.241502
4027,1072,4201,0.241522
4758,1750,2637,0.241547
3618,1359,4068,0.241563
2943,2250,3282,0.276458
3487,2387,2617,0.276484
1963,3469,3546,0.276522
2131,3799,3028,0.276537
2198,4243,2733,0.276554
3171,1657,3996,0.276569
2385,4376,2391,0.276587
2541,3844,2448,0.276599
4128,1337,3551,0.276613
3227,3592,2062,0.276631
4203,1540,3147,0.276644
2358,4435,2422,0.276658
3107,3347,2206,0.276674
2414,4132,2451,0.276689
3505,1469,4069,0.276713
2951,3879,2149,0.276727
3226,1975,3313,0.276753
3418,1638,3659,0.276793
3981,1289,3933,0.276809
3967,1839,2764,0.307237
1733,3058,4323,0.307274
3687,1238,4422,0.307289
4029,2847,2125,0.307305
1475,4359,3616,0.30735
1421,3440,4631,0.307366
2302,2436,4579,0.307384
3737,1349,3969,0.307406
3635,1425,3916,0.307437
3091,1798,4121,0.307454
3586,2269,2696,0.307469
2888,2174,3459,0.307486
1448,4418,3647,0.307507
3806,3888,1962,0.307536
2259,3290,3253,0.307588
2890,3422,2534,0.307621
1177,4067,4367,0.339975
4163,1668,2846,0.34001
1172,4731,4101,0.340046
3947,1594,3172,0.340062
4463,1741,2645,0.34009
3064,2096,3267,0.340129
2579,2482,3564,0.340153
2952,2272,3233,0.340174
3623,1624,3443,0.34019
3505,1432,4173,0.34021
3697,1620,3365,0.34023
4222,1466,3209,0.340258
5133,1678,2614,0.340284
1289,4700,3820,0.340323
2256,2768,3649,0.36721
4125,1183,3799,0.367291
4313,1483,3191,0.367329
2109,3411,3250,0.367345
2707,2356,3439,0.367376
3635,1607,3531,0.367402
3027,2110,3386,0.36742
2218,2837,3672,0.367447
3261,1526,4691,0.367468
3498,1342,4539,0.367485
3115,1765,3935,0.367509
4562,1396,3171,0.36753
2462,3885,2464,0.367552
2879,1875,4603,0.367576
3397,1563,3920,0.367595
4441,1176,3573,0.367622
3759,2179,2707,0.367648
4633,942,3953,0.396036
4668,1134,3523,0.396092
2090,3470,3481,0.396153
4443,967,4064,0.396173
2172,3239,3362,0.396203
3678,1216,4471,0.396227
3217,1690,3832,0.396255
3126,2245,3099,0.396278
2469,3387,2833,0.3963
2757,3292,2617,0.39632
2239,3683,3067,0.396371
3316,2220,2988,0.396391
2858,2807,2886,0.396413
3040,2550,2925,0.396477
2790,2576,3118,0.39653
3151,1772,3717,0.404375
3941,1330,3875,0.40443
2884,1931,4183,0.404454
2846,2468,3179,0.426083
3192,1792,3602,0.426136
3390,2605,2514,0.42622
3510,2850,2370,0.426242
2824,3102,2756,0.426337
2713,2338,3535,0.426358
2675,2407,3558,0.426382
2807,2105,3715,0.426412
2810,2120,3638,0.426434
2845,2036,3692,0.426454
4691,1630,2674,0.448779
4221,1769,2738,0.448831
3039,1985,3615,0.448875
2073,3489,3398,0.448898
3113,1981,3537,0.448953
1366,4649,3766,0.44899
4309,1593,2870,0.449038
4577,1422,3053,0.449062
2907,2287,3458,0.449088
4464,1324,3221,0.478074
4585,1141,3587,0.47814
3973,2521,2382,0.478162
1363,3617,4320,0.478222
1391,3545,4451,0.478251
1680,3255,4141,0.478273
2263,2541,4088,0.47831
3657,1740,3259,0.478334
4619,1167,3500,0.478359
4430,1298,3308,0.478412
1839,3015,4343,0.478463
3549,1718,3424,0.478487
3070,3036,2615,0.478536
3204,2955,2582,0.478561
3793,2907,2301,0.478585
1376,4734,3764,0.478637
1880,3228,3856,0.478665
1742,3679,3717,0.478694
3583,1744,3337,0.47872
3623,1714,3346,0.478743
4356,1302,3386,0.478767
4822,1940,2290,0.493107
5042,1827,2419,0.493188
4816,1739,2591,0.493213
1884,4651,2935,0.493246
5065,1894,2342,0.493272
3983,3288,1882,0.534297
1966,4382,2969,0.534376
4480,2186,2184,0.53441
4163,2902,1963,0.534438
3863,3043,2026,0.534471
4706,2032,2241,0.534552
1316,4641,3789,0.534602
4134,3702,1713,0.534636
3411,2761,2447,0.534745
4180,2327,2247,0.534794
1716,4091,3534,0.534817
2233,3702,3070,0.534846
3881,2144,2590,0.534902
4857,2446,2072,0.534929
3112,2578,2790,0.534964
4181,2003,2527,0.535013
2963,1974,3728,0.535066
3209,2360,2893,0.535094
2033,3729,3355,0.53514
2867,2624,3112,0.535214
3076,2230,3249,0.535263
4133,1444,3437,0.535288
4423,893,4285,0.551893
4419,1080,3830,0.552078
4123,1508,3302,0.552118
3276,2068,3249,0.552145
3569,2204,2818,0.552173
3855,1242,4166,0.552208
4609,1055,3719,0.552263
4668,993,3810,0.552292
3446,1529,4033,0.552319
3762,1522,3679,0.552356
2244,3196,3303,0.582306
4213,1630,3088,0.582424
4762,928,4051,0.582451
2866,2116,3641,0.58248
4555,1384,3194,0.582509
3104,2160,3252,0.582536
4758,1115,3596,0.582568
4445,989,4028,0.582594
2695,2784,3093,0.582623
4462,1543,3068,0.582658
4872,1323,3217,0.582824
3366,2190,3035,0.582856
3090,2520,2972,0.582885
3176,2215,3146,0.582914
4446,935,4277,0.582951
4256,960,4388,0.58298
3626,1403,3965,0.59957
3973,1685,3152,0.599662
3137,2332,3028,0.599692
4194,1054,4084,0.599723
3905,1123,4355,0.599755
4478,1159,3634,0.599787
4229,1246,3654,0.599831
4102,1223,3829,0.599897
3136,1900,3541,0.599933
3467,1664,3639,0.599974
3693,1510,3696,0.600011
3089,2313,3104,0.614578
3728,1754,3234,0.614667
3014,2110,3508,0.614698
3653,1551,3638,0.614735
3501,1847,3350,0.614772
3362,2694,2735,0.614833
2341,2435,4081,0.620485
2324,3123,3207,0.620593
2459,2836,3287,0.620633
2209,2737,3924,0.62067
2564,2388,3614,0.641862
2995,2835,2829,0.641955
2030,3913,3251,0.641992
2246,3802,2969,0.642026
2086,3610,3280,0.642055
2316,2985,3414,0.642091
2429,3332,3071,0.642121
2057,3854,3220,0.642219
3403,1545,4016,0.645565
3879,1365,3880,0.645611
4006,1388,3705,0.645663
3071,1804,3893,0.660223
3083,2002,3447,0.660321
2912,2044,3691,0.660364
3743,1513,3680,0.660409
2986,2220,3344,0.660443
3243,2194,3136,0.660493
3517,1667,3623,0.660568
1299,4205,4061,0.663025
1492,3529,4240,0.663091
1879,2992,4289,0.693003
1487,3931,3962,0.698298
1613,3908,3755,0.730708
1951,2923,4396,0.730909
2365,2842,3559,0.73094
2305,3423,3211,0.73101
2331,2816,3646,0.731058
1668,4762,3217,0.735935
1601,4318,3512,0.736032
1745,3847,3594,0.76464
2318,3350,3191,0.764673
2066,2719,4457,0.764716
2017,2890,4065,0.764795
1608,3167,4799,0.764856
2639,2222,4054,0.764888
2502,2504,3768,0.764951
2045,2818,4196,0.76499
1569,5016,3289,0.779419
2086,4627,2825,0.779538
1583,3961,3890,0.822864
1695,4703,3186,0.822966
3042,2204,3336,0.823124
2479,3634,2823,0.823218
2979,2448,3146,0.82329
3996,1726,3151,0.823538
4196,986,4401,0.827085
4573,850,4425,0.859412
3524,1478,4068,0.859533
4007,1047,4408,0.872872
4204,1147,3882,0.872975
4572,953,4162,0.873011
3728,1327,4018,0.873098
4568,1140,3707,0.873143
3132,2227,3237,0.887803
2246,3073,3459,0.89807
2269,3140,3382,0.898143
2628,2326,3767,0.898179
2724,2580,3303,0.898219
2541,2480,3612,0.91555
2701,2672,3301,0.91561
2123,3661,3235,0.915658
2451,2698,3494,0.915719
2566,2959,3221,0.915807
3713,2233,2674,0.925751
2808,2537,3202,0.9259
3607,2632,2473,0.925941
3256,1730,3755,0.942918
2668,2905,3189,0.943023
3551,2381,2699,0.943066
3481,1756,3501,0.943139
3331,1933,3351,0.943181
2875,2806,2942,0.943225
3648,2163,2802,0.943278
2972,2588,3045,0.943331
2898,2873,2865,0.943371
3528,2314,2776,0.943411
3815,1568,3574,0.960605
3381,1903,3398,0.960679
3976,1169,4151,0.968653
4050,1165,4073,0.968704
1888,3210,4081,0.989995
1608,3881,3826,0.990165
3914,1145,4306,0.990209
4535,1681,2698,0.990256
4050,2227,2552,0.990342
3778,1293,4106,0.990396
4025,1538,3288,1.00594
3164,2247,3051,1.00612
3933,1813,2851,1.00617
1635,3822,3795,1.00622
4099,1534,3210,1.00627
1989,3147,3972,1.00632
2744,2904,2956,1.00641
4133,1560,3123,1.00645
3189,2465,2883,1.02927
2756,2476,3302,1.02941
3009,2851,2802,1.02946
4109,1321,3723,1.02952
1788,3812,3675,1.04164
1814,3205,4110,1.066
2359,2744,3777,1.06605
4688,1939,2331,1.08034
4380,3044,1870,1.08046
4532,1990,2355,1.08051
4306,1902,2527,1.08055
3026,2268,3155,1.08064
2817,2559,3153,1.08069
4232,2131,2418,1.08073
3634,2118,2830,1.08078
4783,2461,2101,1.08083
3325,2451,2812,1.08087
3560,2347,2721,1.08097
4080,3185,1933,1.08101
2891,2555,3075,1.0812
3695,3441,1987,1.08125
4012,2725,2208,1.08132
3915,2847,2197,1.08137
2307,3439,3093,1.10794
3201,1814,3553,1.10805
4030,1786,2793,1.1081
3358,2002,3096,1.10814
2040,4119,2992,1.1082
2006,2979,3967,1.10824
2628,2311,3956,1.10831
1739,3659,3866,1.10836
1984,4422,2963,1.1084
1876,3286,4016,1.10851
3275,1810,3475,1.10855
3873,1598,3250,1.10861
4523,1757,2633,1.10867
4148,1470,3287,1.10871
3764,1465,3827,1.10877
4839,1806,2514,1.10883
2170,2759,4298,1.10889
2062,3131,3815,1.11766
1365,4055,4280,1.11784
1345,4397,3849,1.1416
1612,3717,3950,1.14175
2185,3220,3547,1.14179
2181,2670,4396,1.14186
1918,3900,3446,1.14191
5005,1878,2354,1.18882
4779,1790,2526,1.18897
4341,2103,2432,1.18914
1988,4296,3009,1.18934
3313,2043,3242,1.1894
3347,2069,3155,1.18945
3370,2136,3078,1.1897
2122,4215,2976,1.20245
5100,2400,2124,1.24342
2605,4197,2243,1.25885
2544,2806,3364,1.25901
2276,4063,2654,1.25908
2314,3994,2631,1.25913
2048,3721,3312,1.25919
3231,3625,2036,1.28417
2895,3987,2088,1.28439
2560,2999,3040,1.28447
3834,1577,3573,1.29569
2692,2148,4435,1.32423
2479,2740,3493,1.34807
2930,2328,3283,1.34831
4442,1122,3822,1.35453
3937,1281,3940,1.37063
4005,1428,3622,1.37077
2204,2773,3872,1.38214
2668,2120,4624,1.38225
3967,1147,4200,1.38231
2899,2338,3215,1.38243
3295,1639,3867,1.40025
2802,3749,2428,1.40047
3136,1879,3665,1.40061
3771,1459,3731,1.40088
2661,4089,2304,1.40888
3901,1430,3667,1.40894
2207,3154,3488,1.409
2456,2821,3364,1.40905
2254,3940,2762,1.42969
3503,1852,3244,1.42984
3269,1889,3446,1.4299
4253,1510,3194,1.42996
3612,1499,3938,1.43002
3019,2074,3560,1.43008
2980,3635,2209,1.43015
2225,4184,2702,1.43021
3703,1554,3622,1.43027
3003,2973,2622,1.43034
2732,2718,3096,1.4304
3839,1406,3822,1.43049
2223,3237,3430,1.43853
2098,3182,3626,1.45423
3234,2151,3248,1.47422
3321,1778,3700,1.48777
1770,3607,3848,1.52191
4216,1752,2744,1.52204
4059,1564,3201,1.5221
3119,2254,3202,1.52218
3922,1846,2915,1.52224
3447,2186,2944,1.52229
2710,2878,3043,1.52243
3839,2602,2415,1.54252
4123,1788,2740,1.54291
3698,2052,2852,1.58928
3997,2235,2509,1.58945
3514,1491,4020,1.58963
4297,2094,2446,1.58969
1716,3592,3943,1.60783
2017,4052,3069,1.608
4310,3228,1904,1.60806
4215,2706,2134,1.60811
1961,4355,3040,1.60818
3265,1752,3706,1.60824
2981,2610,2996,1.60832
3261,2164,3064,1.60838
3575,1615,3640,1.60845
2624,2723,3314,1.61762
3736,1880,2964,1.64295
2747,2812,3046,1.64321
1907,3989,3348,1.64335
3092,2024,3398,1.64341
3498,1761,3443,1.64348
3526,1689,3574,1.64354
4263,2715,2035,1.6436
3662,1541,3774,1.64368
1615,4154,3643,1.65041
1689,4150,3565,1.65058
1552,4298,3602,1.66655
2125,3801,3199,1.6669
1750,3570,3964,1.69625
3175,2334,2980,1.70718
3078,2552,2877,1.70736
2941,2620,3034,1.72919
4009,2369,2491,1.72928
3692,3085,2270,1.72933
3038,2402,3137,1.7296
1840,4405,3176,1.77469
1278,4688,4121,1.775
1707,4275,3532,1.87674
2169,4292,2641,1.88994
2992,4398,1905,1.91872
2412,3108,3207,1.9189
2046,4359,2888,1.91898
1979,3915,3183,1.91905
3896,1186,4303,1.9275
4003,1234,3953,1.99686
3769,1271,4155,1.99706
2942,2252,3348,1.99715
2491,2664,3558,1.99727
2827,2062,4097,2.00598
2720,2115,4401,2.02761
2868,2006,4234,2.02785
3120,1707,4147,2.03728
3068,1894,3641,2.03751
2820,2876,2909,2.03758
2887,2358,3221,2.05466
3496,1410,4222,2.05488
3117,2812,2775,2.05495
3362,1746,3598,2.05504
2672,2876,3091,2.06371
2374,3188,3166,2.08873
2303,2640,3787,2.08889
3004,2202,3384,2.08904
2336,3257,3189,2.08912
4089,1096,4046,2.09375
3051,2382,3127,2.09384
3835,1357,3887,2.11008
4062,1264,3771,2.11025
4137,1467,3367,2.11035
3080,3406,2237,2.1147
3973,2766,2292,2.11478
2563,3210,2871,2.13294
2370,3886,2692,2.13332
2518,3777,2525,2.13354
2924,3938,2180,2.13891
2430,3080,3227,2.16245
2703,2962,3036,2.16274
2237,3756,3048,2.16293
2535,2632,3554,2.17898
4920,1458,2924,2.19765
4598,1789,2548,2.21965
4372,1701,2720,2.21994
4672,1086,3703,2.2201
3413,2160,3031,2.22017
4088,2515,2395,2.22024
4482,1111,3814,2.22043
4408,1115,3892,2.2205
4182,1726,2831,2.22058
4746,1147,3501,2.22077
1730,3184,4417,2.26474
3115,2469,2961,2.26503
3372,1687,3861,2.28961
2489,3156,3201,2.28986
2131,2843,3931,2.29003
1484,4349,3793,2.35759
3680,2951,2288,2.35786
1811,2954,4565,2.35793
2244,3056,3556,2.35807
1926,3340,3848,2.35814
1677,3673,3972,2.35821
2379,2769,3636,2.35827
3980,2810,2225,2.35834
1724,4459,3246,2.37952
2893,2138,3511,2.37975
3486,1563,3889,2.3799
1794,3642,3691,2.38
3041,2758,2854,2.38007
4702,1531,2970,2.39013
1884,3922,3425,2.39019
3339,1748,3628,2.41002
3476,1686,3590,2.41688
2177,3746,3142,2.41706
2251,3742,3064,2.41713
4711,2006,2254,2.4332
2114,3890,3101,2.43341
3004,2677,2919,2.43351
4485,1918,2426,2.43367
4186,1735,2769,2.43378
4329,1969,2450,2.43385
3657,2185,2753,2.43395
4806,2528,2024,2.46334
1887,3197,4114,2.50592
2278,3683,3033,2.54341
2011,4363,2932,2.56368
2131,4608,2788,2.56387
1977,3223,3907,2.62473
1855,4166,3365,2.68059
2117,4796,2800,2.71075
3782,2246,2630,2.761
4613,868,4174,2.78167
2582,4130,2320,2.78202
3662,2397,2604,2.78214
3588,2626,2495,2.78223
2957,2875,2682,2.7823
3708,2871,2351,2.7824
4737,1383,3142,2.78248
4723,1263,3340,2.78255
3425,1864,3440,2.78279
2073,4300,2857,2.80372
2233,3763,3036,2.80396
2665,4122,2278,2.80403
3071,3433,2347,2.80421
2293,4644,2427,2.80429
2482,3863,2666,2.80438
2322,4400,2487,2.80444
3015,4232,1944,2.81475
2449,4729,2186,2.81494
4018,1184,4135,2.90052
3275,2041,3290,3.03345
3531,1602,3792,3.03366
3298,2108,3213,3.03378
2844,2051,4077,3.0403
3943,1463,3627,3.04039
3107,1789,4132,3.04047
3609,1551,3827,3.05971
2725,2138,4044,3.06937
4124,1288,3616,3.09471
3751,1821,3157,3.1099
2385,3647,2881,3.1409
2422,2942,3434,3.18125
2262,2750,3745,3.18166
2069,3426,3566,3.20422
3647,1477,3860,3.20937
3653,1519,3823,3.22134
3060,2094,3445,3.22147
1641,3742,3826,3.25424
1559,3973,3945,3.25478
2126,3356,3529,3.25489
1800,3502,4028,3.25506
4321,1809,2583,3.26403
4510,1678,2775,3.26426
4556,1172,3612,3.29066
4937,1324,3148,3.31901
4827,929,3982,3.31933
4626,1532,2893,3.31943
4516,1137,3727,3.31954
1861,4086,3396,3.37123
2792,3934,2358,3.37149
4623,2998,1922,3.3976
1568,3701,4110,3.398
4224,1859,2721,3.43132
3764,1808,3095,3.43164
3657,2341,2613,3.64702
2768,3210,2695,3.64712
3922,1349,3897,3.64721
3696,1503,3840,3.6473
3685,2464,2527,3.66385
2559,3723,2496,3.66428
2350,3834,2763,3.66439
3016,2813,2773,3.66458
2388,3765,2740,3.66473
4533,1288,3451,3.6851
3605,3372,2140,3.70839
2804,4325,2192,3.7087
3213,1950,3407,3.77787
3544,1714,3505,3.77805
4002,1339,3770,3.77813
3051,2042,3503,3.78723
3347,1614,4031,3.78778
2830,3432,2430,3.84056
3200,3041,2419,3.84068
2547,3533,2585,3.84077
3673,2274,2616,3.84089
2965,3145,2510,3.84097
2491,3836,2556,3.84106
3476,1949,3120,3.85082
2842,2940,2738,3.85103
3401,1746,3524,3.85112
4151,1404,3474,3.85121
2841,2508,3251,3.85129
4226,1607,3070,3.85138
2644,3371,2617,3.85149
2707,3227,2658,3.85158
4064,1984,2748,3.85731
2638,4022,2381,3.87062
3292,1956,3369,3.87687
2414,3403,2941,3.88883
4837,1471,3045,4.00437
3226,1712,3783,4.05548
2001,3768,3257,4.05584
3187,2044,3340,4.07585
3859,1828,3037,4.07612
1808,4219,3265,4.07639
2091,3823,3178,4.08419
3824,1590,3525,4.10101
4627,2512,2125,4.10114
4209,3134,1939,4.16903
4389,2748,2020,4.16937
4089,2889,2083,4.16946
4107,1990,2647,4.16954
3338,2424,2847,4.16962
4163,1882,2708,4.16971
4406,2173,2304,4.16979
3491,2098,3011,4.16987
3435,2206,2950,4.16997
3637,2607,2504,4.17006
3401,2180,3037,4.17024
3618,1848,3283,4.19845
3652,1874,3196,4.19863
4386,961,4290,4.34
3708,2475,2521,4.34019
3148,3237,2248,4.34031
3611,2693,2418,4.34046
3454,2958,2309,4.35402
4324,937,4445,4.40864
3873,1383,3784,4.42892
3569,1567,3816,4.43848
2719,3361,2640,4.45419
3745,1323,4202,4.46547
2221,3288,3301,4.48493
2183,3357,3324,4.48518
2434,3281,3141,4.49273
2553,2614,3594,4.52328
4199,1491,3212,4.56107
3274,2812,2528,4.59645
3094,2537,2891,4.59659
2621,3304,2694,4.59668
3453,3438,2119,4.61498
3333,3193,2263,4.61527
2767,3690,2505,4.61536
3430,2975,2366,4.61547
2437,3470,2864,4.65184
2892,2910,2785,4.65216
3058,2511,3009,4.69993
3096,2442,2986,4.70012
3421,1631,3803,4.70022
3193,2224,3089,4.70031
3316,2429,2861,4.70548
3219,2647,2758,4.70562
3181,2716,2781,4.70571
3916,1748,3133,4.75362
3888,1820,3002,4.75384
3950,1774,3046,4.75393
3552,2243,2783,4.76478
4886,1432,3011,4.77571
4731,1589,2732,4.77594
4704,1386,3187,4.80936
5127,1078,3608,4.80964
3391,3976,1952,4.84331
1556,4129,3764,4.87759
3213,1948,3535,4.91658
3791,1957,2948,4.92415
4318,2036,2509,4.95388
3336,2110,3165,4.97073
4540,3162,1851,5.03905
3240,3017,2547,5.18189
3105,3304,2467,5.18213
2785,3569,2553,5.20643
3206,2788,2662,5.20667
4097,1030,4561,5.3204
4045,1387,3680,5.35766
3488,1433,4575,5.3778
3596,1527,4011,5.43807
3868,1312,3999,5.5233
2936,3389,2450,5.57684
2813,3184,2678,5.58596
2574,3097,3014,5.60268
2381,2858,3512,5.6498
2406,3265,3148,5.65006
2480,3036,3257,5.65015
2406,2767,3532,5.67109
2664,2685,3384,5.67611
3644,1582,3771,5.72639
4082,1686,2986,5.79796
4147,1773,2816,5.81398
4421,1473,3077,5.83319
4655,1296,3306,5.83345
1194,4488,4122,5.85368
1303,4319,4048,5.85394
3170,2929,2669,5.88153
4657,1593,2810,5.9052
3707,3575,1969,6.16224
4024,2859,2190,6.16275
3680,2804,2366,6.31099
3560,2559,2510,6.3116
3591,1585,3799,6.31184
5054,1322,3165,6.34034
3548,3960,1889,6.35301
2642,4055,2355,6.35328
2756,4611,2074,6.36589
2636,4366,2218,6.36608
3202,3869,1976,6.36618
2400,3536,2861,6.37381
2918,3325,2501,6.37395
2329,3755,2820,6.38712
3160,2795,2781,6.60878
2549,3188,2994,6.73002
2820,3443,2520,6.73029
3580,1846,3331,6.8332
3788,1780,3157,6.876
1506,4106,3814,6.89131
1615,3937,3740,6.89173
4008,1690,3064,6.89199
4160,1394,3352,6.93049
4012,1256,3904,6.94012
4273,1259,3502,6.94028
1733,4013,3698,6.94038
3984,1328,3773,6.9405
1554,3970,3953,6.97721
3390,2335,2879,7.11535
3424,2361,2792,7.11564
4159,1901,2679,7.11576
3050,2382,3131,7.12139
3819,1948,2931,7.1216
3081,2443,3048,7.13827
3850,2009,2848,7.1385
3924,2005,2770,7.13869
2758,2425,3431,7.19169
2396,2952,3462,7.20172
1823,3449,3865,7.20207
1851,3377,3996,7.20221
3497,2085,2848,7.23677
3479,2984,2284,7.23703
3796,2268,2505,7.23714
3180,2801,2627,7.23726
3397,3546,2058,7.36204
3277,3301,2202,7.36237
2711,3798,2444,7.36249
2831,4043,2300,7.36263
2808,3580,2547,7.36276
3374,3083,2305,7.36285
3748,1316,4346,7.36805
3163,2755,2697,7.37633
3260,2537,2800,7.37651
2939,2763,2907,7.39279
4782,1201,3431,7.41235
2994,4300,2081,7.43407
2948,3826,2334,7.43426
3831,3218,2197,7.45549
2391,3567,2912,7.80717
2791,3687,2460,7.82307
2541,3050,3201,7.85097
3504,1823,3424,7.89948
2995,2655,2968,7.89966
2787,2050,4282,7.97254
1866,3588,3645,7.98513
3898,1295,3898,7.9854
3972,1291,3820,7.98555
1682,4381,3445,8.01493
4250,1375,3425,8.04871
4520,1532,3022,8.04895
1312,3609,4705,8.07872
1953,2988,4211,8.079
5241,1286,3229,8.14197
2935,2855,2880,8.212
1537,3860,4238,8.21228
2976,2386,3209,8.2286
3711,1926,3096,8.22871
3996,1803,3022,8.38887
3252,2131,3170,8.4002
3117,2418,3090,8.40052
3326,2127,3092,8.40062
3924,1915,2867,8.40073
4388,2080,2394,8.52083
4233,1807,2698,8.53004
3561,2023,3001,8.53038
4389,1756,2674,8.5305
4411,2147,2317,8.60426
3574,3506,2054,8.6412
3552,2075,3024,8.64149
4300,2572,2103,8.80894
4356,2464,2164,8.80916
3394,3336,2163,8.81665
3711,2620,2384,8.81697
3412,2437,2727,8.8171
3378,2411,2814,8.81721
3475,2193,2917,8.81732
3509,2219,2830,8.81742
3095,3153,2506,8.81752
3959,1728,3154,8.83704
4462,2065,2365,8.8421
4526,2418,2160,8.8423
3620,3182,2220,8.84979
3937,2466,2441,8.85008
3701,2039,2974,8.85022
3037,1970,3650,8.92174
4543,2526,2155,8.94472
4723,1898,2465,8.9654
4451,2986,1934,9.13172
3545,3750,1994,9.14545
1699,4137,3739,9.48467
2964,3788,2371,9.67304
2352,3822,2743,9.68696
2634,3499,2659,9.69865
3275,3027,2499,9.69894
2358,2950,3510,10.0047
4376,1514,3175,10.2184
4592,1506,2980,10.2319
2991,2372,3211,10.2941
3244,2747,2711,10.2945
1869,3785,3593,10.3076
3624,2056,2930,10.4774
2890,2123,3588,10.484
2000,3336,3770,10.4842
2453,4107,2606,11.3086
2733,4544,2151,11.309
2888,3903,2245,11.3162
2861,2407,3238,11.4292
3297,2879,2451,11.4684
3402,2178,3011,11.4726
3696,2341,2539,11.4728
3667,2585,2479,11.4864
4410,1137,3856,11.5724
4281,1151,3758,11.5727
1709,4322,3414,11.6378
1800,4260,3509,11.7021
1330,4260,4017,11.7254
1847,3871,3553,11.7257
1733,4016,3669,11.7453
1593,4180,3719,11.772
3924,3677,1897,11.779
1716,4321,3453,11.7901
1660,4624,3424,11.8127
3989,2618,2306,11.818
3933,1948,2761,11.8242
4089,1897,2737,11.8245
4012,2685,2229,11.8885
4112,1964,2660,11.895
1843,4154,3526,11.9548
1337,4259,4056,12.0039
1281,4562,4027,12.0253
4001,2752,2288,12.04
1960,4650,3032,12.1227
1687,4565,3393,12.3121
1308,4503,3996,12.3659
1825,4114,3532,12.3663
2396,4308,2510,12.4805
3828,2720,2377,12.4809
3731,2938,2274,12.481
3268,3482,2104,12.4811
2154,4070,3005,12.5216
2082,3349,3642,12.5713
4147,1395,3536,12.6469
3088,2314,3122,12.6585
2685,2291,3875,12.7146
2275,2673,3821,12.7201
2475,2812,3470,12.7444
2437,2881,3493,12.7448
2566,2378,3842,12.7818
4163,1660,3041,12.8276
2338,3700,2781,12.8514
3152,2204,3204,12.8553
2342,2867,3568,12.8554
3525,2383,2783,12.8555
3379,2111,3088,12.8635
3020,2766,2782,12.8639
3324,3374,2165,12.8937
3787,2830,2335,12.894
3550,3220,2222,12.9146
3550,1661,3636,13.0324
3709,1421,3838,13.0327
3975,1468,3490,13.0388
3714,1784,3235,13.0389
4085,1357,3643,13.045
4011,1361,3721,13.0453
4054,1244,3874,13.0538
3988,1141,4228,13.068
4238,1268,3605,13.0767
4066,1358,3749,13.077
4016,1412,3627,13.0825
4144,1433,3472,13.0827
3726,1912,3098,13.2599
2850,2243,3482,13.3095
1786,3504,3898,13.4379
1921,3217,3978,13.4382
1474,3886,4206,13.6013
4001,2389,2446,13.636
3329,2605,2749,13.6362
3385,2497,2810,13.6363
3757,2852,2360,13.668
3748,2014,2946,13.9377
3827,3820,1825,13.9564
2883,4423,2154,13.9567
1575,3823,4097,14.0046
2880,3497,2389,14.3625
2977,3279,2492,14.3629
2582,3734,2490,14.3706
2702,3979,2346,14.3813
2536,3656,2573,14.4009
3003,3349,2429,14.4013
2745,3143,2772,14.4098
3685,2408,2598,14.4103
2195,3483,3215,14.4598
2157,3552,3238,14.4603
2213,3878,2981,14.4606
2181,3864,2987,14.4762
2266,4703,2458,14.5032
2832,4206,2216,14.5035
2668,2302,3895,14.7211
2263,3497,3185,15.0105
2697,3302,2786,15.0916
2947,3276,2593,15.1258
2320,3573,3078,15.2198
2503,3103,3180,15.2253
2725,2171,3981,15.2429
2827,2095,4034,15.2432
3578,1589,3767,15.4037
2143,2676,4377,15.4041
2265,2606,3903,15.409
1624,3227,4397,15.4092
3816,1708,3288,15.4119
3761,1234,4344,15.423
1119,4285,4526,15.5217
3372,2629,2702,15.5454
4141,2195,2502,15.5523
3828,1746,3248,15.9306
4062,1709,3046,15.9309
3591,2931,2338,15.9482
3647,3248,2157,15.9549
3682,3420,2134,16.06
3714,1988,3033,16.0685
3551,2740,2412,16.4941
2813,3374,2540,16.5372
2161,4154,2848,16.5778
2183,3911,2869,16.5782
2229,4385,2616,16.5783
2735,3795,2399,16.5837
2921,3885,2365,16.6235
4086,1161,4192,16.7427
3102,1766,4489,16.8215
2699,2199,3566,16.9935
3175,2019,3430,17.0021
3013,2111,3526,17.0054
2366,3050,3373,17.1058
2328,3119,3396,17.1061
4088,1457,3445,17.1302
2921,2884,2859,17.4458
3551,2325,2770,17.4505
4387,1467,3123,17.6234
4235,1597,2948,17.6286
4769,1504,2927,17.6339
4461,1685,2776,17.6396
3043,2512,3071,17.9073
2718,2545,3325,17.919
1847,3317,4008,17.988
2556,3144,3151,18.0413
1958,4422,3044,18.0586
1950,3555,3741,18.0909
3390,1925,3349,18.0913
3956,1767,3093,18.1115
3067,2533,2960,18.1273
3141,2529,2882,18.1277
3124,3104,2598,18.1366
3740,2571,2476,18.1369
3252,2216,3087,18.1451
2739,2674,3253,18.1454
2262,3653,3162,18.1918
2344,3684,2950,18.8259
2515,3237,3162,18.8262
2321,3617,3027,18.8592
2639,2932,3182,19.0476
2736,2714,3285,19.0479
2396,3350,3164,19.2193
3168,3906,2108,19.4
4313,1471,3201,19.7297
4201,1662,2993,20.0136
3354,2222,2940,20.0141
4045,1713,3017,20.0142
4011,1687,3104,20.0143
3988,1803,3027,20.0322
3580,2310,2768,20.0377
2062,3485,3415,20.3439
3190,2738,2732,20.3482
1869,4161,3236,20.3835
1929,3355,3771,20.4062
1736,4031,3592,20.4775
4085,1593,3123,20.6129
4241,1542,3099,20.6132
3552,2726,2387,20.775
3852,2585,2324,20.789
4108,1660,3046,20.794
4039,2222,2557,20.8101
3902,2549,2444,20.8139
3891,2790,2275,20.8571
3835,3093,2246,20.8986
3508,2543,2550,21.1457
3564,2860,2369,21.1503
3684,2680,2467,21.1537
3684,3105,2225,21.158
3808,2402,2487,21.1614
3864,2719,2306,21.1658
4147,1977,2614,21.1661
3885,1732,3232,21.2141
3851,1706,3319,21.2144
4073,1964,2734,21.2223
4090,2140,2605,21.2332
4090,2565,2363,21.2381
3844,1554,3612,21.2796
3954,2574,2436,21.4736
2411,3776,2734,22.5741
2556,4363,2285,22.6596
3791,2863,2309,22.6678
2739,3893,2387,22.673
2403,4255,2439,22.7344
2343,3374,3048,22.7558
2750,2974,2929,22.7628
2266,3512,3108,23.1411
1540,3734,4144,23.3453
1998,3286,3802,23.3456
5086,1443,2950,23.5465
3300,1708,3705,23.8655
3352,1521,4211,23.8995
4015,1410,3656,24.1371
3579,1428,4095,24.1428
3550,1682,3512,24.2454
4505,2656,2069,24.2654
3602,1495,4018,24.2905
2107,3725,3277,24.6529
2903,2689,3057,24.662
3494,3328,2161,25.2491
2955,3825,2373,25.2998
2859,4147,2185,25.3165
2173,3726,3194,25.4184
2135,3795,3217,25.4188
3155,2439,2970,26.0361
3731,1564,3616,26.3763
3491,1884,3149,26.3767
3417,2113,3040,26.3844
3717,1972,2977,26.3913
4089,1406,3578,26.465
3514,1951,3072,26.5254
3440,2180,2963,26.5324
3740,2039,2900,26.5393
2993,2744,2978,26.7978
1666,4798,3392,26.9285
3645,3742,1992,27.638
3236,4366,1833,27.6511
2670,4863,2075,27.6514
3419,3896,1935,27.6672
1879,3751,3536,27.7186
2143,3933,3010,27.7262
3002,2619,2948,27.8459
2732,3125,2888,27.8542
2752,2645,3141,27.8544
2634,2945,3114,27.911
2072,3075,3715,27.9134
2691,2853,3195,27.9169
2567,2501,3409,27.9171
2379,2651,3674,27.9172
2538,2411,3876,27.9232
3314,2120,3182,28.0476
3466,1824,3470,28.0513
3541,2027,3066,28.0545
3016,2059,3637,28.0874
3017,2491,3124,28.0922
2399,3642,2752,28.0954
1807,3054,4245,28.3357
2376,2432,4501,28.3359
1431,3903,4218,28.3599
2892,3076,2672,28.7184
3467,2653,2508,28.7224
3134,2444,2938,28.7225
3168,2470,2851,28.7227
3288,2715,2707,28.73
3587,2898,2364,28.7302
3192,2935,2609,28.7339
3434,2303,2875,28.7376
3767,2512,2445,28.7378
3468,2329,2788,28.7379
3394,2316,2908,28.7931
3993,2358,2502,28.8083
2997,2512,3095,28.8625
3296,2695,2752,28.8628
2923,2516,3173,28.863
2996,2080,3608,28.8864
2916,2696,2984,29.7696
3286,2946,2510,29.77
2633,3438,2676,29.7701
3472,2422,2715,29.7731
2110,3316,3608,29.9122
2278,3646,3090,29.9126
2669,2425,3462,30.1033
2481,2575,3727,30.1036
3030,1963,3664,30.2189
3082,1776,4170,30.2227
2696,2181,4402,30.3406
3091,2262,3233,30.5099
2980,2649,3000,30.5286
3003,2716,2923,30.5492
2668,2883,3274,30.833
2258,2717,3778,30.8415
2418,2909,3467,30.8439
2133,2908,3746,30.9967
1648,3294,4043,30.997
1566,3525,4162,30.9972
1860,3431,3991,31.032
4140,1277,3749,31.0974
1782,3179,4194,31.3811
1754,3251,4063,31.3819
1913,3011,4265,31.3919
1941,2939,4396,31.3923
2921,2066,3642,31.5369
2003,3351,3693,31.5373
1835,3021,4211,31.5374
1863,2949,4342,31.5377
1995,3213,3900,31.547
1994,2781,4413,31.5834
2022,2709,4544,31.5839
3292,2748,2681,31.7132
1640,3645,4081,31.8165
1682,3163,4721,31.8398
1710,3091,4852,31.8402
2962,3811,2268,32.6034
3125,2824,2720,32.6399
2581,3078,2983,32.6651
2679,3912,2423,32.6923
2559,3667,2567,32.6978
3112,4014,2047,32.7914
2546,4511,2289,32.7917
2098,3744,3262,32.7974
2085,3872,3203,32.8368
2854,3074,2720,33.2506
2604,3100,2913,33.2597
1938,3519,3752,34.3437
2031,3279,3824,34.4373
1988,3134,4005,35.0777
2072,4922,2834,35.2446
2842,3566,2412,35.6151
3615,1839,3329,35.7574
3015,3107,2604,35.8568
2449,3604,2846,35.8571
2426,4266,2433,35.8683
2992,3769,2191,35.8685
2471,2970,3269,36.4079
2393,2430,3858,36.7269
2553,2622,3547,36.7294
2552,2190,4060,36.7318
1715,3738,3748,36.9391
4391,1546,2924,37.0273
4617,1634,2752,37.0614
1336,3676,4351,37.0742
1821,3290,4054,37.0745
1254,3907,4470,37.0746
4691,1619,2723,37.1173
4390,1328,3299,37.1402
4745,1041,3804,37.1613
4893,1255,3379,37.2008
4122,1682,3043,37.371
1868,3638,3613,37.8821
1860,3500,3820,37.9072
1935,4082,3318,37.9257
2944,2880,2843,38.1571
4218,1658,3022,38.187
3041,2718,2875,38.3985
3964,2532,2378,38.5123
2140,2715,4379,38.6904
1556,4020,3921,38.7675
1989,3121,4167,38.7683
1548,3882,4128,38.7751
3925,1702,3241,38.923
2641,2176,4480,39.0285
4386,1537,3168,39.0758
2958,3185,2584,40.2675
3309,3013,2433,40.3478
2656,3505,2599,40.3481
2853,4393,2177,40.4301
2870,3948,2295,40.5012
2590,3511,2750,40.5069
4089,1436,3444,41.1912
4316,1343,3328,41.2605
4633,1282,3351,41.3388
4598,1090,3781,41.3391
4442,1141,3805,41.3393
4708,1485,2947,41.3518
4552,1536,2971,41.3522
4518,1510,3058,41.3523
4934,1573,2775,41.3653
1896,3566,3744,41.7081
4886,1878,2443,41.9749
3924,2000,2784,42.1217
3106,2671,2873,43.0661
3043,2833,2705,43.501
1676,3222,4174,43.6405
2245,2600,4430,43.641
1926,3947,3406,43.7803
2086,3410,3585,43.8362
2784,2404,3433,43.9297
3474,1611,3914,43.9378
1547,3885,4009,43.984
3941,1781,3091,44.0387
3540,1624,3743,44.3664
4146,2301,2334,44.7405
4266,2546,2190,44.753
3677,2594,2471,44.7618
4446,2160,2271,44.7666
4372,2147,2391,44.8358
4728,1898,2389,44.8563
4672,2006,2328,44.8565
5082,1786,2477,44.8679
4977,1729,2638,45.247
2737,3162,2869,46.3415
1835,2982,4376,46.6348
4164,1639,3040,46.6556
4749,854,4259,46.8268
4859,1249,3425,46.8416
3812,1583,3538,46.9656
3575,1390,4533,47.7129
4364,1583,3046,49.4793
1364,3604,4482,49.5005
1848,3231,4023,49.7697
1876,3159,4154,49.7701
1957,2929,4302,50.1123
4307,2077,2519,50.2505
2935,3118,2661,50.6654
1908,3156,3987,51.7663
4103,2523,2346,52.0769
2426,3047,3260,53.02
2561,2760,3340,53.0251
2721,2952,3029,53.0314
1581,3911,3922,54.0752
4058,2498,2420,54.7797
2491,2593,3670,54.8469
1929,3001,4171,55.0772
4823,2420,2159,55.785
3786,3239,2125,60.4347
2851,3186,2630,62.5082
4039,3180,1943,62.5312
3151,3045,2567,62.5393
3450,3228,2224,62.5418
4145,2781,2144,62.6094
3676,3074,2281,62.6202
4445,2640,2081,62.6251
2022,4274,3030,62.8348
2744,2852,3078,63.5426
2485,2608,3694,65.6145
3883,3712,1886,66.6903
1889,4144,3386,66.7921
