obj0,obj1,obj2,obj3,cpu
-862,-355,-773,-328,15.4377
-491,-477,-481,-690,15.9047
-586,-270,-692,-886,26.2631
-400,-326,-542,-976,26.2631
-801,-479,-626,-276,38.9126
-338,-854,-284,-504,39.0307
-457,-257,-943,-686,41.3682
-512,-536,-979,-210,52.9527
-305,-533,-331,-780,59.7251
-514,-795,-680,-278,60.3209
-625,-335,-623,-623,62.1896
-676,-418,-949,-410,62.4273
-612,-415,-838,-517,63.3973
-769,-383,-698,-373,83.9645
-479,-194,-711,-856,88.9515
-611,-346,-998,-320,89.5544
-349,-628,-566,-633,91.931
-882,-273,-902,-267,117.469
-534,-733,-685,-284,121.52
-632,-353,-843,-523,127.151
-754,-219,-1053,-282,127.196
-686,-125,-843,-548,146.694
-646,-513,-494,-533,154.424
-648,-503,-824,-289,155.408
-488,-535,-626,-495,156.384
-468,-761,-272,-420,156.939
-314,-513,-527,-659,157.629
-697,-272,-844,-388,157.779
-500,-547,-999,-339,162.72
-483,-146,-652,-920,163.006
-469,-814,-684,-419,163.702
-608,-288,-710,-635,166.139
-675,-222,-627,-638,167.301
-242,-555,-305,-853,169.044
-427,-679,-355,-510,195.507
-407,-575,-924,-384,208.004
-452,-412,-550,-953,208.855
-466,-170,-829,-840,210.091
-483,-217,-742,-828,210.302
-704,-318,-1073,-275,215.542
-662,-557,-725,-331,241.164
-518,-546,-831,-340,247.948
-738,-262,-1008,-276,259.65
-512,-516,-1103,-143,273.768
-559,-776,-676,-137,278.97
-328,-701,-532,-446,282.319
-728,-497,-631,-395,283.806
-471,-539,-476,-684,287.781
-520,-80,-778,-834,292.484
-766,-382,-1011,-163,298.59
-196,-768,-185,-733,301.445
-144,-682,-177,-756,301.445
-488,-641,-376,-463,314.732
-633,-552,-732,-228,316.939
-685,-638,-740,-205,316.939
-667,-461,-556,-505,317.594
-719,-547,-564,-482,317.594
-555,-681,-747,-256,324.3
-380,-762,-716,-198,325.299
-473,-734,-791,-153,325.299
-544,-343,-844,-642,328.748
-536,-25,-881,-834,329.999
-586,-397,-556,-632,330.627
-381,-458,-493,-747,332.459
-528,-214,-891,-661,334.126
-690,-252,-971,-430,339.85
-609,-542,-552,-531,339.864
-289,-740,-260,-688,339.864
-477,-635,-940,-137,344.654
-415,-571,-1002,-249,345.927
-536,-679,-508,-289,349.786
-767,-385,-693,-353,353.059
-463,-534,-727,-568,361.47
-551,-586,-818,-375,361.68
-534,-503,-876,-346,361.68
-569,-187,-750,-857,362.955
-405,-415,-720,-639,366.666
-687,-366,-865,-305,369.201
-216,-706,-190,-739,371.827
-550,-296,-947,-438,375.717
-626,-575,-489,-527,378.961
-566,-584,-963,-166,384.474
-432,-726,-821,-233,384.474
-530,-358,-942,-432,385.867
-346,-502,-467,-883,390.502
-541,-383,-538,-697,392.956
-752,-403,-701,-536,395.284
-840,-147,-969,-385,395.813
-309,-678,-265,-694,396.152
-617,-538,-630,-396,396.157
-175,-590,-314,-823,396.306
-268,-562,-389,-778,396.306
-508,-543,-1077,-204,398.389
-615,-369,-1050,-246,398.964
-455,-613,-1056,-210,399.803
-612,-604,-670,-256,399.852
-533,-603,-414,-572,400.14
-254,-687,-189,-707,400.14
-492,-717,-347,-594,400.664
-444,-726,-268,-498,400.664
-653,-490,-737,-234,401.067
-634,-571,-567,-392,401.095
-679,-552,-563,-251,401.112
-472,-712,-426,-437,401.588
-286,-768,-276,-527,401.588
-658,-606,-571,-314,403.773
-644,-496,-925,-337,403.956
-285,-595,-326,-774,404.888
-378,-567,-401,-729,404.888
-344,-524,-732,-504,405.924
-514,-373,-543,-649,407.776
-408,-322,-620,-841,408.396
-633,-128,-893,-757,411.516
-630,-476,-638,-511,411.767
-305,-563,-460,-746,414.947
-510,-613,-959,-179,415.437
-438,-661,-848,-240,415.632
-531,-633,-923,-195,415.633
-684,-414,-1027,-275,416.765
-444,-643,-924,-149,416.8
-574,-489,-481,-550,417.633
-736,-493,-709,-260,419.164
-615,-491,-932,-234,419.799
-632,-524,-869,-230,420.828
-421,-823,-605,-323,421.365
-538,-279,-613,-790,422.337
-735,-233,-967,-289,427.654
-820,-209,-964,-379,427.662
-330,-626,-327,-666,427.833
-212,-760,-341,-463,427.849
-260,-751,-420,-559,427.879
-208,-665,-412,-582,427.879
-195,-528,-319,-829,427.902
-449,-757,-688,-194,428.033
-660,-488,-1081,-67,428.186
-533,-434,-1036,-149,428.509
-590,-337,-1083,-82,428.67
-436,-627,-970,-217,428.897
-553,-541,-419,-578,429.094
-274,-625,-194,-713,429.094
-537,-698,-343,-453,429.292
-654,-509,-572,-398,429.48
-629,-651,-583,-244,429.533
-742,-416,-739,-143,429.755
-730,-526,-661,-82,430.352
-727,-456,-850,-129,430.855
-786,-409,-610,-320,430.874
-649,-400,-756,-511,431.17
-377,-502,-751,-546,431.196
-318,-670,-424,-533,431.283
-504,-614,-574,-443,431.283
-267,-603,-251,-720,431.29
-310,-674,-346,-668,431.299
-496,-618,-496,-578,431.3
-330,-612,-351,-674,431.324
-571,-504,-947,-314,433.644
-535,-78,-923,-625,435.18
-609,-64,-912,-587,435.614
-616,-266,-982,-468,435.68
-664,-476,-1022,-269,436.508
-803,-146,-898,-417,437.215
-664,-276,-1019,-314,437.271
-188,-506,-376,-836,437.354
-231,-577,-471,-784,437.375
-679,-494,-1043,-127,437.431
-741,-337,-950,-275,437.545
-441,-567,-830,-432,437.554
-522,-376,-947,-506,437.81
-347,-659,-264,-662,438.212
-306,-773,-197,-684,438.365
-399,-745,-272,-639,438.365
-258,-782,-118,-588,438.365
-326,-711,-202,-690,438.374
-777,-379,-776,-238,439.495
-678,-268,-952,-363,439.884
-344,-658,-577,-452,440.017
-578,-506,-1014,-240,440.671
-429,-819,-683,-188,440.762
-528,-649,-578,-365,440.776
-621,-621,-653,-320,440.779
-502,-438,-942,-500,440.899
-607,-352,-944,-596,441.056
-421,-408,-794,-686,441.056
-500,-519,-645,-562,441.48
-545,-528,-995,-198,441.888
-404,-546,-883,-397,441.894
-421,-629,-825,-426,441.894
-452,-537,-962,-493,441.897
-396,-159,-662,-960,441.953
-425,-724,-754,-307,442.492
-620,-101,-973,-445,443.129
-504,-520,-1025,-278,443.401
-411,-548,-950,-323,443.402
-447,-26,-832,-818,443.432
-568,-228,-850,-642,443.506
-552,-299,-900,-616,443.556
-616,-505,-819,-240,443.576
-632,-527,-876,-195,444.098
-698,-232,-896,-321,444.646
-701,-261,-937,-308,444.651
-661,-247,-978,-327,444.708
-516,-570,-477,-576,444.722
-297,-736,-338,-553,444.728
-204,-764,-263,-598,444.728
-248,-660,-413,-813,444.737
-200,-669,-334,-717,444.737
-586,-502,-1092,-105,444.846
-428,-299,-1003,-313,444.951
-517,-456,-963,-358,445.013
-453,-489,-881,-506,445.092
-440,-631,-339,-617,445.219
-351,-754,-193,-543,445.326
-551,-780,-598,-272,445.398
-365,-836,-448,-362,445.398
-671,-556,-485,-386,445.423
-342,-755,-433,-488,445.743
-290,-669,-425,-511,445.743
-325,-672,-491,-459,445.75
-603,-569,-881,-160,445.85
-599,-684,-885,-150,445.95
-413,-740,-735,-240,445.951
-547,-598,-877,-173,445.951
-298,-690,-327,-601,446.077
-716,-503,-629,-186,446.137
-466,-635,-645,-510,446.649
-414,-549,-637,-533,446.649
-373,-663,-570,-555,446.649
-525,-698,-896,-188,446.655
-473,-612,-888,-211,446.655
-595,-589,-956,-269,446.679
-409,-645,-806,-359,446.679
-378,-558,-730,-478,447.018
-550,-448,-979,-346,447.043
-587,-414,-939,-590,447.444
-401,-470,-789,-680,447.446
-334,-513,-500,-658,447.473
-524,-225,-712,-748,447.531
-570,-360,-700,-610,447.77
-384,-416,-550,-700,447.77
-469,-639,-862,-272,447.828
-497,-518,-958,-352,447.843
-443,-53,-806,-879,447.873
-440,-182,-676,-921,447.886
-493,-298,-617,-931,447.962
-476,-215,-675,-902,447.962
-603,-672,-826,-352,448.074
-417,-728,-676,-442,448.075
-493,-425,-481,-677,448.086
-546,-469,-471,-552,448.294
-352,-607,-602,-587,448.719
-400,-645,-734,-413,448.734
-451,-712,-907,-226,448.741
-637,37,-884,-734,448.77
-585,21,-903,-632,448.783
-468,-294,-1004,-544,448.939
-542,-280,-993,-506,448.944
-459,-327,-825,-661,449.056
-601,-487,-798,-382,449.132
-631,-251,-688,-745,449.296
-614,-168,-746,-716,449.296
-657,-274,-952,-388,449.314
-661,-488,-885,-134,449.437
-659,-556,-1038,-121,449.629
-668,-591,-827,-217,449.645
-787,-339,-851,-333,449.664
-713,-353,-862,-371,449.675
-712,-408,-700,-305,449.748
-605,-582,-727,-263,449.812
-252,-755,-342,-694,449.944
-268,-747,-498,-424,449.953
-251,-515,-476,-790,449.972
-239,-573,-549,-649,449.975
-586,-522,-968,-172,449.978
-569,-439,-1026,-143,449.981
-684,-474,-755,9,449.983
-557,-636,-348,-459,450.309
-314,-769,-275,-549,450.322
-500,-713,-425,-459,450.323
-508,-709,-503,-324,450.33
-705,-576,-745,-211,450.364
-699,-542,-643,-325,450.431
-565,-684,-501,-392,450.433
-734,-420,-661,-278,450.449
-734,-427,-810,-66,450.506
-670,-553,-803,-196,450.568
-711,-414,-689,-366,450.775
-346,-850,-362,-369,450.854
-652,-492,-1003,-202,450.913
-549,-501,-1021,-137,451.223
-370,-756,-432,-510,451.402
-486,-465,-744,-520,451.891
-458,-614,-743,-420,451.895
-558,-197,-742,-729,451.916
-612,-293,-956,-529,451.972
-420,-244,-671,-915,452.096
-416,-97,-667,-966,452.102
-439,-230,-757,-908,452.114
-495,-236,-872,-619,452.135
-380,-515,-401,-716,452.245
-566,-459,-551,-626,452.245
-412,-417,-549,-722,452.291
-487,-348,-700,-750,452.456
-454,-228,-902,-699,452.83
-446,-232,-824,-834,452.862
-301,-418,-526,-832,452.935
-394,-390,-601,-787,452.936
-360,-481,-777,-510,452.99
-613,-190,-888,-751,453.048
-427,-246,-738,-841,453.048
-637,-499,-657,-341,453.082
-634,-106,-751,-722,453.145
-624,-399,-857,-584,453.205
-639,-426,-705,-424,453.39
-732,-398,-780,-379,453.39
-648,-653,-822,-211,453.655
-682,56,-880,-593,453.673
-783,-208,-893,-411,453.699
-386,-613,-484,-627,453.744
-293,-641,-409,-672,453.744
-479,-585,-559,-582,453.745
-460,-569,-344,-623,453.897
-474,-615,-570,-401,453.92
-375,-792,-204,-430,453.95
-545,-694,-421,-318,453.952
-379,-740,-351,-482,454.017
-641,-573,-634,-318,454.045
-707,-538,-721,-190,454.193
-412,-790,-268,-433,454.293
-389,-592,-520,-581,454.358
-456,-454,-539,-675,454.462
-270,-510,-389,-765,454.462
-502,-617,-881,-314,454.478
-459,-558,-987,-169,454.484
-370,-562,-652,-613,454.812
-356,-508,-751,-571,454.821
-350,-403,-616,-867,454.88
-443,-375,-691,-822,454.88
-563,-508,-869,-449,455.009
-377,-564,-719,-539,455.009
-433,-551,-876,-500,455.011
-526,-523,-951,-455,455.013
-399,-626,-899,-249,455.024
-492,-598,-974,-204,455.024
-589,-125,-755,-863,455.048
-599,-546,-850,-188,455.133
-374,-657,-581,-494,455.146
-510,-700,-751,-397,455.149
-459,-583,-573,-551,455.283
-437,-646,-805,-381,455.599
-461,-92,-934,-663,455.798
-438,-271,-857,-693,455.812
-540,-156,-818,-802,455.831
-605,-397,-618,-617,455.87
-512,-425,-543,-662,455.87
-721,-399,-945,-269,456.055
-808,-287,-913,-305,456.098
-642,-398,-689,-585,456.1
-549,-426,-614,-630,456.1
-597,-586,-649,-398,456.274
-771,-102,-992,-356,456.282
-685,-332,-987,-282,456.325
-778,-304,-1062,-237,456.325
-775,-228,-968,-520,456.333
-682,-256,-893,-565,456.333
-256,-656,-491,-678,456.348
-271,-453,-481,-796,456.354
-259,-511,-554,-655,456.355
-591,-442,-952,-320,456.397
-407,-741,-350,-504,456.443
-309,-849,-291,-401,456.45
-402,-821,-366,-356,456.451
-495,-793,-441,-311,456.453
-588,-765,-516,-266,456.453
-373,-832,-526,-227,456.463
-606,-570,-568,-370,456.488
-604,-588,-716,-324,456.585
-791,-330,-857,1,456.644
-506,-712,-810,-195,456.645
-640,-570,-952,-128,456.647
-804,-386,-764,-321,456.665
-618,-492,-619,-444,456.682
-451,-714,-359,-432,456.686
-354,-846,-440,-234,456.702
-458,-552,-775,-427,456.704
-463,-456,-606,-601,456.718
-439,-628,-657,-427,456.814
-346,-656,-582,-472,456.814
-322,-596,-397,-742,456.835
-516,-312,-716,-654,456.991
-514,-380,-869,-641,457
-496,-374,-711,-648,457.058
-451,-371,-769,-687,457.065
-494,-442,-864,-635,457.066
-555,-465,-793,-516,457.075
-475,-440,-625,-668,457.132
-531,-427,-782,-629,457.138
-345,-483,-632,-719,457.139
-590,-298,-705,-616,457.178
-601,-268,-837,-677,457.194
-478,-532,-872,-359,457.209
-583,-446,-874,-455,457.211
-423,-119,-610,-959,457.234
-609,-63,-760,-869,457.235
-496,-153,-680,-908,457.236
-459,-168,-762,-914,457.244
-434,-310,-773,-760,457.248
-527,-282,-848,-715,457.248
-580,-212,-869,-709,457.268
-538,-307,-967,-567,457.271
-445,-335,-892,-612,457.272
-509,-505,-585,-478,457.296
-467,-410,-695,-744,457.504
-617,-305,-693,-699,457.558
-475,-205,-618,-936,457.675
-544,9,-809,-779,457.685
-397,-281,-693,-805,457.704
-406,-36,-668,-930,457.708
-494,-242,-861,-680,457.722
-401,-270,-786,-725,457.723
-513,-275,-1000,-403,457.762
-497,-318,-955,-397,457.77
-423,59,-823,-863,457.787
-455,13,-799,-959,457.793
-589,-284,-818,-610,457.816
-445,-473,-927,-574,457.82
-654,-44,-756,-728,457.863
-644,-337,-862,-590,457.881
-626,-331,-704,-597,457.892
-593,-491,-720,-517,457.903
-581,-328,-762,-636,457.906
-573,-332,-684,-771,457.916
-728,-251,-776,-430,457.934
-765,-236,-694,-424,457.994
-715,-315,-838,-350,458.016
-627,-283,-623,-610,458.038
-708,-313,-771,-424,458.059
-817,-322,-702,-401,458.148
-702,-36,-987,-542,458.156
-727,-237,-889,-424,458.167
-823,-84,-903,-423,458.178
-580,-553,-712,-402,458.199
-678,-549,-881,-61,458.34
-562,-683,-814,-182,458.346
-752,-300,-756,-344,458.376
-789,-301,-827,-312,458.38
-375,-789,-197,-465,458.396
-487,-735,-184,-354,458.402
-551,-524,-850,-382,458.409
-556,-428,-681,-556,458.42
-403,-646,-421,-623,458.427
-421,-567,-857,-433,458.501
-571,-303,-792,-641,458.55
-449,-480,-826,-526,458.595
-342,-407,-538,-1002,458.64
-621,-206,-842,-683,458.669
-490,-474,-799,-500,458.676
-470,-536,-794,-494,458.681
-516,-91,-685,-914,458.693
-394,-268,-719,-799,458.706
-487,-240,-794,-754,458.707
-366,-661,-503,-629,458.726
-466,-513,-763,-522,458.766
-596,-470,-756,-471,458.777
-547,-635,-664,-358,458.799
-470,-608,-692,-403,458.802
-600,-518,-400,-569,458.846
-432,-601,-409,-693,458.848
-386,-98,-663,-924,458.991
-357,-405,-683,-793,458.999
-475,75,-804,-965,459.04
-389,-486,-770,-613,459.058
-482,-458,-845,-568,459.058
-651,-189,-693,-751,459.067
-664,-275,-867,-596,459.094
-785,-174,-699,-430,459.129
-607,-345,-618,-604,459.182
-656,-480,-944,-404,459.201
-635,-346,-617,-626,459.219
-738,-396,-853,-224,459.241
-589,-590,-571,-533,459.261
-690,-236,-818,-456,459.275
-678,-109,-889,-616,459.28
-766,-161,-980,-423,459.287
-653,-251,-900,-462,459.29
-746,-223,-975,-417,459.29
-571,-718,-603,-278,459.32
-478,-746,-528,-323,459.32
-476,-613,-575,-421,459.348
-511,-616,-641,-369,459.354
-732,-347,-861,-164,459.372
-719,-460,-772,-264,459.392
-596,-505,-846,-241,459.411
-425,-574,-756,-385,459.439
-507,-521,-712,-488,459.444
-559,-607,-720,-465,459.446
-541,-505,-943,-272,459.461
-519,-443,-763,-562,459.473
-333,-499,-613,-652,459.473
-478,-331,-717,-686,459.492
-539,-423,-860,-494,459.507
-551,-365,-787,-635,459.512
-365,-421,-637,-725,459.512
-500,-298,-614,-822,459.531
-309,-434,-480,-764,459.533
-495,-378,-630,-674,459.533
-263,-508,-322,-839,459.534
-435,-379,-613,-957,459.536
-582,-282,-751,-684,459.548
-477,-388,-625,-655,459.555
-419,-469,-621,-681,459.56
-326,-497,-546,-726,459.56
-450,-255,-876,-760,459.571
-473,-487,-476,-671,459.584
-404,-421,-471,-857,459.601
-590,-365,-621,-767,459.601
-558,-416,-475,-693,459.606
-585,-445,-637,-619,459.609
-399,-501,-487,-709,459.609
-455,-488,-644,-670,459.619
-521,-426,-480,-699,459.643
-501,-488,-475,-693,459.672
-408,-516,-400,-738,459.672
-456,-507,-479,-834,459.674
-544,-559,-570,-641,459.676
-451,-587,-495,-686,459.677
-429,-650,-727,-516,459.759
-406,-190,-770,-873,459.778
-320,-404,-612,-825,459.801
-587,-261,-989,-365,459.813
-520,-218,-813,-796,459.822
-496,-312,-743,-655,459.825
-671,-127,-698,-757,459.835
-579,-437,-819,-475,459.848
-588,-350,-705,-629,459.856
-618,-313,-680,-630,459.86
-722,-246,-815,-368,459.87
-828,-225,-918,-311,459.876
-720,-255,-698,-565,459.914
-720,-235,-822,-498,459.925
-678,-417,-712,-574,459.94
-748,-277,-725,-372,459.944
-659,-431,-626,-581,459.948
-730,-400,-775,-359,459.963
-797,-384,-697,-395,459.968
-658,-171,-884,-610,459.98
-569,-585,-650,-376,460.005
-573,-680,-579,-257,460.007
-391,-662,-402,-556,460.032
-431,-776,-354,-426,460.038
-415,-568,-472,-697,460.069
-458,-393,-712,-680,460.102
-480,-360,-609,-816,460.121
-382,-468,-550,-713,460.126
-438,-455,-707,-674,460.13
-528,-234,-767,-728,460.137
-508,-296,-762,-722,460.142
-517,-331,-551,-818,460.159
-497,-393,-546,-812,460.163
-462,-612,-614,-538,460.181
-408,-472,-856,-606,460.275
-568,-412,-700,-623,460.289
-735,-253,-843,-356,460.298
-698,-252,-772,-388,460.307
-701,-461,-940,-263,460.31
-650,-394,-767,-450,460.312
-657,-227,-667,-605,460.316
-658,-191,-760,-677,460.319
-700,-317,-693,-559,460.331
-683,-234,-751,-530,460.331
-655,-284,-622,-632,460.344
-677,-592,-657,-307,460.349
-704,-412,-622,-440,460.354
-750,-338,-780,-365,460.364
-707,-269,-755,-452,460.368
-767,-401,-846,-327,460.371
-480,-708,-504,-302,460.395
-294,-416,-459,-906,460.449
-342,-426,-496,-752,460.453
-436,-502,-558,-677,460.468
-542,-374,-542,-671,460.474
-492,-473,-562,-664,460.477
-503,-498,-681,-516,460.479
-567,-573,-669,-364,460.491
-411,-423,-538,-783,460.513
-597,-367,-688,-693,460.514
-341,-582,-483,-735,460.53
-298,-511,-388,-787,460.53
-693,-465,-862,-398,460.562
-600,-493,-787,-443,460.563
-638,-253,-755,-671,460.564
-469,-711,-739,-227,460.602
-426,-471,-688,-607,460.612
-465,-444,-400,-738,460.623
-609,-478,-571,-506,460.63
-361,-520,-488,-741,460.645
-312,-443,-645,-684,460.653
-649,-278,-874,-523,460.658
-731,-225,-830,-626,460.663
-504,-395,-613,-738,460.681
-686,-263,-792,-517,460.687
-751,-163,-835,-632,460.689
