obj0,obj1,obj2,obj3,cpu
-180,-255,-281,-151,26.0048
-231,-46,-280,-330,29.0646
-160,-301,-272,-68,54.9318
-161,-150,-104,-380,57.5652
-178,-373,6,-195,58.2604
-192,-301,-139,-269,60.777
-149,-312,-315,-207,60.7771
-220,21,-232,-335,61.6843
-113,-312,-388,-131,63.6163
-158,-229,-279,-217,69.5203
-134,-201,-320,-195,73.9797
-208,-273,-167,-198,73.9871
-172,-217,-152,-375,74.0239
-197,-365,-101,-241,74.0764
-203,-227,-234,-307,74.7069
-209,-332,-62,-209,75.0512
-193,-271,-171,-357,75.3384
-175,-265,-209,-243,76.0556
-166,-348,-245,-233,76.0557
-200,-226,-198,-320,76.1087
-183,-190,-268,-294,76.1087
-122,-229,-352,-141,77.4897
-122,-113,-469,-47,77.9289
-35,-65,-480,23,79.2963
-195,-162,-236,-348,79.4764
-98,-201,-393,-119,79.4794
-218,-57,-259,-307,79.4875
-311,121,-366,-253,80.1157
-176,-235,-241,-331,80.5377
-147,-356,-138,-187,80.8905
-213,-337,-129,-170,80.9869
-196,-301,-199,-144,80.987
-194,-113,-323,-199,81.1199
-185,-196,-359,-189,81.12
-206,-85,-291,-253,81.3253
-183,-74,-385,-200,81.8757
-170,-85,-364,-177,81.9585
87,-148,-474,172,82.0683
-182,-173,-215,-325,82.5637
-170,-201,-247,-271,82.5665
-151,-237,-250,-221,82.5712
-41,-157,-326,-230,82.5859
-155,-181,-222,-349,82.5973
-233,-249,-145,-223,82.6154
-199,-177,-285,-171,82.6155
-152,-420,-100,-159,82.6296
-239,-111,-278,-289,82.8048
-201,-271,-57,-287,82.8188
-209,-196,-116,-338,82.8363
-275,5,-322,-271,82.8749
-214,-307,-161,-258,83.1868
-131,-314,-110,-287,83.3247
-221,-262,-188,-221,83.3734
-198,-345,-82,1,83.3802
-228,-185,-183,-251,83.4714
-211,-149,-253,-225,83.4715
-247,-33,-297,-207,83.5348
-230,3,-367,-181,83.5348
-221,-80,-403,-171,83.5348
46,-124,-473,284,83.6981
-147,-190,-341,-218,83.7851
-194,3,-440,-105,83.9214
-77,-41,-370,-212,83.9441
180,-104,-480,137,84.0499
150,-120,-426,-113,84.1676
-143,-209,-254,-295,84.3278
-160,-245,-184,-321,84.3394
-182,-345,-76,-319,84.3846
-165,-309,-146,-293,84.3847
-177,-281,-114,-347,84.3899
-187,-237,-177,-297,84.4007
-146,-173,-288,-249,84.406
-77,-157,-253,-306,84.4138
-5,-157,-399,-154,84.416
-119,-181,-295,-273,84.4253
-182,-373,-54,-70,84.4295
-199,-409,16,-96,84.4315
-135,-384,-170,-133,84.4425
-256,-147,-208,-315,84.5386
-263,-23,-354,-217,84.6136
-220,-263,-164,-333,84.6289
-133,-317,-251,-111,84.687
-230,-368,-52,-110,84.7187
-32,-207,-423,-31,84.7842
-232,-185,-243,-126,84.9645
-242,31,-335,-235,85.0451
-223,-121,-221,-279,85.0558
-254,59,-303,-289,85.058
-113,-41,-297,-288,85.0604
-104,-321,-107,-276,85.0803
-158,-113,-396,-123,85.24
-206,31,-408,-159,85.279
-71,-209,-400,-143,85.5287
-124,-245,-257,-245,85.5395
-115,-300,-183,-239,85.5416
-145,-225,-159,-399,85.5443
-181,-281,-174,-222,85.5464
-179,-93,-298,-277,85.5496
-191,-65,-266,-331,85.5808
-94,-193,-183,-332,85.6103
-58,-193,-256,-256,85.6104
-145,-348,10,-277,85.7168
-94,-100,-399,-51,85.7458
-97,-317,-324,-35,85.7481
-150,-353,-181,-137,85.7567
-84,-190,-188,-342,85.7731
-148,-326,-170,-275,85.7999
-229,-155,-215,-339,85.8142
-212,-119,-285,-313,85.8143
54,-174,-461,136,85.8388
55,-243,-428,24,85.841
9,-210,-432,-36,85.8433
-6,-230,-457,42,85.8456
-49,-248,-182,-250,85.8637
-184,-95,-188,-353,85.8717
-151,-356,-198,-62,85.8762
-219,-74,-312,-276,85.9022
-268,-69,-287,-108,85.9245
-94,-320,-281,-85,85.9996
-113,-168,-395,-41,86.0324
-158,3,-513,-29,86.049
42,-184,-445,0,86.127
-110,-236,-221,-267,86.2175
1,-181,-436,5,86.2226
-180,-329,-171,-215,86.283
-237,-249,-205,-98,86.2901
-180,-213,-288,-121,86.2935
-217,-121,-175,-389,86.3234
-264,72,-274,-276,86.3314
-187,-15,-290,-278,86.338
-246,-219,-123,-116,86.3504
-1,-56,-405,-86,86.3566
-140,-235,-314,-255,86.3966
-104,-235,-387,-179,86.3988
-176,-119,-358,-237,86.4116
-248,-3,-329,-295,86.4153
-236,-110,-242,-302,86.4763
-278,147,-379,-217,86.4927
-259,-5,-265,-261,86.4979
67,-129,-435,-6,86.5223
-145,-120,-382,-63,86.5356
-50,-85,-505,101,86.5578
-113,75,-414,-194,86.5688
-36,-144,-176,-384,86.6355
-143,-93,-371,-201,86.6751
-179,23,-415,-183,86.6905
-84,-237,-120,-382,86.7023
-216,-213,-215,-197,86.7138
-241,-155,-161,-144,86.7244
-280,-59,-284,-243,86.7537
-212,-379,38,11,86.7632
-212,-3,-402,-219,86.8005
-255,42,-356,-258,86.8412
-149,75,-341,-270,86.8491
46,-145,-465,177,86.8587
-26,-173,-429,29,86.8608
139,-101,-471,142,86.8655
-111,-46,-421,-52,86.8764
-5,-13,-406,-64,86.8913
135,-140,-451,-35,86.9112
57,-164,-420,-78,86.9192
36,-144,-322,-232,86.9224
73,-153,-472,153,86.9351
-217,-165,-218,-204,86.9486
-215,23,-342,-259,86.9524
-227,51,-310,-313,86.9554
-237,-155,-101,-269,86.9785
-198,-129,-68,-343,86.9892
-185,191,-385,-252,87.0416
-107,-209,-327,-219,87.0951
-71,-65,-407,-53,87.1048
-181,-109,-203,-381,87.1078
-242,-219,-63,-241,87.142
0,-144,-249,-308,87.2262
