obj0,obj1,obj2,obj3,cpu
-512,167,-24,155,0.975817
-73,-212,-84,-25,2.05479
-54,-234,-120,-148,2.08306
-619,351,73,286,2.27206
-452,303,-171,-164,3.077
31,-242,-85,-124,3.76342
-292,-40,34,286,3.80681
-234,-152,-84,-12,3.91474
-446,225,-170,-133,4.01869
-188,76,-278,-454,4.55235
-252,-44,-134,-60,4.71992
-212,-88,-101,15,4.71998
-292,-30,-121,7,4.73056
-312,17,-106,-33,4.7391
-74,-276,-109,87,4.80891
-249,-81,-94,27,4.8712
-241,-21,-139,-34,4.92023
-566,317,-68,63,4.9256
-201,-35,-152,-101,4.9439
-405,150,-194,-126,4.98286
-289,-37,-127,-48,5.0683
-187,-66,-228,-188,5.08961
-318,200,-240,-310,5.17709
-171,-103,-147,-197,5.4669
-91,-161,-127,-189,5.46696
-352,31,-93,34,5.83064
-312,-13,-60,109,5.83067
-171,-167,-39,101,5.83334
-154,-188,-175,-63,5.83751
-114,-232,-142,12,5.83755
-256,-159,-74,77,5.83947
-272,-57,-27,184,5.86411
116,-250,-50,-100,5.86893
-466,242,-109,-31,5.98201
-586,334,-7,165,5.98751
-268,23,-191,-128,5.99687
-358,109,-94,3,6.05396
-132,-181,-185,-152,6.12521
-430,113,-62,39,6.13979
-130,-135,-245,-198,6.25694
-361,206,-216,-226,6.26885
-287,9,-187,-94,6.26891
-344,78,-170,-84,6.48312
-49,-159,-154,-160,6.5588
-347,145,-186,-248,6.60932
-129,-71,-220,-310,6.70347
-486,223,-80,-18,6.78811
-763,607,-67,-49,6.89843
-231,-42,-119,-170,6.979
-412,92,-65,61,6.99839
-392,35,75,380,7.01339
-425,167,-133,-24,7.17
-147,-110,-195,-113,7.17734
-208,-30,-154,-238,7.2118
-336,116,-104,-86,7.23054
-330,38,-103,-55,7.23441
-479,347,-223,-258,7.27925
-358,214,-227,-243,7.33041
-659,500,-93,-35,7.47859
-377,200,-223,-209,7.59073
-6,-169,-92,-165,7.61104
-193,-110,-137,-108,7.61546
-447,220,-145,-154,7.70997
-363,307,-231,-425,7.84805
-229,4,-179,-216,7.86663
-663,532,-108,-143,7.95185
-463,382,-190,-331,7.95189
-372,48,-32,136,8.07974
-332,4,1,211,8.07977
-303,-6,-51,39,8.12614
-403,69,-10,133,8.12616
-606,351,54,267,8.14963
-546,300,-129,-39,8.24359
-593,453,-106,-77,8.24584
-230,-37,-144,-149,8.24798
-128,-88,-134,-230,8.25588
-179,-28,-162,-190,8.26451
-450,130,-1,141,8.27917
-239,203,-209,-376,8.33625
-319,261,-229,-384,8.3417
-263,85,-197,-274,8.34669
-204,62,-274,-330,8.36557
-786,514,29,211,8.43329
-337,156,-190,-134,8.6163
-142,-101,-155,-149,8.65052
-226,12,-190,-233,8.70184
-306,70,-210,-241,8.70394
-151,-78,-210,-221,8.78905
-44,-79,-185,-286,8.79518
-203,191,-191,-409,8.81614
-209,-13,-240,-318,8.86242
-329,79,-138,-122,8.87097
-309,62,-199,-224,8.92759
-127,-25,-280,-356,9.08822
-472,123,9,230,9.09915
-432,79,42,305,9.09918
-188,-35,-171,-120,9.14521
-445,184,-72,78,9.20313
-457,249,-100,-101,9.24159
-490,266,-20,20,9.25008
-240,264,-198,-450,9.30592
-220,56,-281,-313,9.31786
-348,101,-102,1,9.37527
-428,159,-122,-7,9.37534
-585,303,-64,97,9.43112
-512,364,-143,-137,9.46243
-626,378,-40,90,9.48799
-471,289,-167,-130,9.56662
-322,85,-180,-173,9.56867
-253,-49,-109,-81,9.67137
-305,147,-213,-219,9.67711
-483,349,-192,-224,9.69563
-307,131,-199,-315,9.76148
-647,390,46,171,9.77526
-585,405,-88,-44,9.89433
-87,-69,-247,-281,9.99868
-227,50,-239,-262,10.0033
-311,16,-139,-178,10.0046
-331,33,-78,-76,10.006
-439,198,-57,63,10.0255
-479,242,-90,-12,10.04
-499,259,-29,90,10.0582
-325,92,-174,-118,10.0631
-318,170,-194,-168,10.0838
-590,341,21,114,10.1033
-228,9,-204,-195,10.1134
-520,422,-199,-265,10.1195
-833,667,52,173,10.2168
-806,531,90,313,10.2683
-726,453,1,184,10.3062
-860,711,0,79,10.3399
-893,728,80,200,10.3448
-364,221,-145,-254,10.3526
-664,446,-22,28,10.3526
-418,275,-199,-216,10.3809
-478,336,-171,-189,10.3889
-346,104,-88,-37,10.4544
-89,-115,-187,-235,10.4721
-189,-40,-146,-141,10.476
-184,44,-263,-346,10.4977
-148,32,-245,-379,10.5019
-345,191,-246,-294,10.5056
-443,335,-205,-291,10.5198
-264,102,-283,-354,10.5268
-227,73,-179,-307,10.5339
-246,176,-204,-376,10.5413
-386,148,-121,-112,10.566
-643,485,-123,-103,10.594
-266,52,-137,-229,10.6081
-687,434,13,96,10.6708
-167,-11,-267,-289,10.7794
-345,109,-113,-16,10.819
-328,84,-163,-101,10.8841
-686,439,-12,117,10.9042
-646,395,21,192,10.9043
-666,412,82,294,10.9074
-448,176,-61,95,10.9175
-485,228,-105,3,10.9798
-719,561,-65,-8,11.0328
-739,578,-4,94,11.0341
-793,653,39,106,11.042
-564,371,-63,-66,11.06
-590,249,7,160,11.0723
-367,162,-125,-146,11.0995
-507,271,38,152,11.1066
-380,162,-106,-127,11.1145
-4,-123,-152,-211,11.1344
-169,-57,-207,-243,11.1357
-47,-113,-214,-206,11.1383
-224,58,-250,-279,11.1652
-362,246,-242,-351,11.1733
-403,321,-218,-358,11.1785
-250,61,-144,-239,11.209
-407,206,-158,-221,11.2446
-366,131,-182,-214,11.2486
-425,269,-157,-165,11.2893
-284,119,-222,-252,11.3518
-290,105,-177,-314,11.3798
-412,289,-184,-231,11.4384
-679,517,-32,67,11.5375
-445,214,-118,-64,11.5546
-559,425,-134,-129,11.5676
-553,439,-119,-144,11.5721
-653,514,-78,-50,11.5721
-620,497,-158,-171,11.5808
-773,606,24,146,11.5869
-993,803,121,294,11.613
-1040,864,130,302,11.6157
-464,296,-104,-160,11.6189
-637,402,30,122,11.6304
-518,350,-158,-122,11.6399
-678,486,-89,-1,11.6422
-487,254,-23,50,11.6534
-467,237,-84,-52,11.6551
-326,87,-149,-139,11.664
-84,-35,-218,-361,11.6744
-456,335,-186,-272,11.6837
-402,260,-229,-284,11.6863
-281,127,-233,-269,11.6877
-329,124,-189,-226,11.6903
-283,249,-211,-417,11.6985
-326,234,-224,-384,11.7018
-527,298,-56,-25,11.7494
-627,373,-15,69,11.7494
-503,396,-177,-264,11.7689
-389,185,-161,-199,11.769
-462,321,-201,-257,11.8396
-321,167,-180,-265,11.8496
-288,151,-237,-360,11.873
-346,281,-209,-424,11.8822
-626,470,-26,44,11.8909
-699,534,29,169,11.9783
-632,456,-41,59,11.9839
-853,684,113,275,12
-612,439,-102,-43,12.013
-753,589,-37,44,12.0261
-523,296,-87,-59,12.0571
-390,99,-75,-28,12.0599
-490,174,-34,66,12.0613
-265,133,-226,-286,12.0829
-305,177,-259,-361,12.095
-547,315,5,77,12.1023
-465,283,-144,-98,12.1251
-507,281,-117,-127,12.1308
-607,356,-76,-33,12.1355
-409,202,-100,-97,12.1442
-703,546,-95,-76,12.1574
-603,471,-136,-170,12.1575
-743,580,27,128,12.1889
-843,655,68,222,12.1922
-943,760,63,174,12.2088
-341,188,-205,-242,12.2133
-384,194,-181,-158,12.2152
-542,399,-112,-128,12.2311
-386,295,-196,-357,12.2384
-486,370,-155,-263,12.2419
-446,356,-168,-330,12.249
-686,531,2,71,12.2981
-792,592,28,180,12.3159
-605,320,-3,199,12.3175
-645,364,-36,124,12.32
-578,411,-130,-95,12.3571
-422,277,-168,-182,12.3842
-509,277,-59,-3,12.3989
-863,672,129,324,12.4304
-723,563,-34,26,12.4343
-843,685,22,80,12.4471
-422,307,-214,-324,12.4655
-622,457,-132,-136,12.4719
-546,431,-127,-236,12.4899
-706,548,63,173,12.5125
-692,517,-13,86,12.5194
-505,245,-44,105,12.5215
-545,289,-77,30,12.5248
-543,410,-164,-197,12.5426
-405,252,-218,-267,12.5576
-525,344,-116,-71,12.5626
-505,327,-177,-173,12.5644
-563,457,-149,-237,12.5785
-903,716,96,249,12.587
-783,624,-6,53,12.5888
-522,382,-173,-230,12.6047
-642,474,-71,-34,12.607
-362,242,-156,-272,12.6488
-462,317,-115,-178,12.6584
-562,392,-74,-84,12.6584
-803,641,55,155,12.6722
-582,413,-99,-61,12.681
-883,699,35,147,12.7142
