obj0,obj1,obj2,obj3,obj4,cpu
-461,-378,-232,-354,171,74.94
-460,-286,-262,-473,225,80.1309
-610,-347,-283,-432,121,84.1429
-449,-378,-237,-417,139,87.8697
101,-243,-501,-122,-112,90.3106
-429,-404,-364,-540,365,105.019
-294,-235,-201,-339,-8,111.739
70,-125,-399,-55,-252,116.364
-468,-282,-333,-577,466,131.709
-378,-350,-237,-333,88,138.285
-403,-296,-167,-436,95,139.46
-434,-233,-358,-202,154,163.63
-438,-377,-145,-372,21,167.784
-173,-360,-348,-256,112,169.149
-58,-244,-267,-324,67,180.656
-222,-120,-160,-282,-72,184.295
-459,-247,-397,-403,310,184.637
-324,-329,-186,-163,-77,188.006
-438,-324,-381,-535,508,188.945
-332,-268,-167,-352,44,196.803
-184,-213,-448,-340,224,212.411
-417,-225,-138,-432,105,218.833
-225,-161,-413,-347,178,222.747
-125,-230,-377,-205,-75,234.066
16,-106,-453,-171,-48,234.988
-143,-316,-346,-17,-202,235.263
-164,-279,-345,-358,133,246.932
-347,-174,-463,-230,151,249.812
-540,-259,-31,-496,143,249.884
22,-258,-468,-377,146,261.161
-282,-270,-406,-283,32,266.267
-20,-211,-301,-311,15,274.557
-191,-238,-262,-349,68,274.592
-244,-152,35,-131,-160,276.069
-325,-339,-420,-335,220,276.685
-278,-247,-116,-182,-121,276.997
-67,-260,-188,-324,9,283.294
-198,-261,-317,-235,-42,292.272
-489,-311,-296,-391,290,292.838
339,-108,-385,-306,39,297.445
-240,-214,-150,-169,-173,302.17
-604,-336,-170,-586,447,304.513
-344,-356,-410,-422,376,328.925
-286,-286,-348,-136,-31,334.054
-235,-170,-346,-152,-82,335.771
-463,-303,-411,-307,215,336.104
34,-243,-451,-311,51,337.587
128,-244,-426,-125,-115,338.881
-241,-322,-441,-276,78,341.248
-553,-329,-319,-458,372,342.26
-160,-356,-364,-416,208,343.943
-421,-332,-279,-453,191,349.388
-597,-344,-329,-503,374,350.344
-408,-351,-190,-489,168,351.875
-436,-271,-339,-248,116,352.993
-507,-299,-339,-332,167,352.993
-468,-291,-283,-264,19,353.002
-539,-319,-283,-348,70,353.002
-307,-322,-237,-249,37,355.125
-185,-243,-332,-148,-144,357.623
-210,-292,-249,-226,-73,358.569
226,-95,-382,-205,-129,359.555
-337,-323,-190,-405,117,369.279
-533,-326,-306,-436,292,370.005
-445,-334,-358,-552,477,370.914
-592,-359,-240,-491,244,370.987
-317,-203,-298,-352,119,371.875
-485,-273,-350,-346,175,371.876
193,-180,-502,-229,63,378.962
-5,-142,-434,-118,-69,380.501
-162,-258,-514,-383,314,381.324
-209,-193,-144,-366,19,385.176
-508,-350,-151,-443,170,387.235
-600,-301,-238,-547,371,387.257
-416,-293,-188,-545,295,387.446
-208,-142,-332,-255,16,387.877
-446,-243,-429,-313,303,388.1
-517,-271,-429,-397,354,388.101
-288,-253,-157,-307,42,388.546
113,-197,-430,17,-241,396.46
-409,-291,-319,-347,257,396.606
-359,-362,-387,-391,238,397.394
-511,-300,-317,-450,300,397.778
-66,-99,-247,-365,85,399.777
-348,-216,-255,-455,196,399.919
-222,-326,-256,-478,161,400.266
-406,-334,-306,-480,237,400.266
-497,-345,-368,-549,372,400.45
-433,-327,-345,-482,290,400.451
-413,-336,-279,-501,298,400.451
-519,-306,-352,-402,354,400.525
-336,-167,-116,-378,-17,400.612
-313,-267,-109,-410,65,400.64
-397,-276,-198,-458,139,400.64
-473,-373,-298,-383,270,400.933
-486,-354,-387,-347,293,400.943
-364,-347,-476,-403,368,401.067
-293,-319,-476,-319,317,401.068
-542,-254,-327,-427,343,401.634
-376,-212,-384,-249,72,401.649
-429,-212,-403,-228,154,401.664
-414,-245,-350,-262,124,401.708
-475,-279,-395,-316,264,401.786
-443,-259,-451,-300,361,401.801
-461,-210,-482,-279,333,401.83
-446,-228,-424,-231,253,401.832
-63,-263,-307,-396,173,401.963
24,-155,-219,-272,-64,402.156
-94,-145,-205,-329,33,402.277
62,-122,-253,-259,-116,402.343
-109,-149,-214,-297,-63,402.351
-406,-357,-201,-356,118,402.617
-242,-274,-413,-352,232,403.62
-203,-287,-401,-426,281,409.255
323,-46,-383,-314,59,410.41
118,-91,-197,-363,9,411.267
-53,-118,-158,-401,62,411.286
-429,-274,-277,-509,318,411.38
-301,-161,21,-418,36,411.601
-201,-162,-18,-464,34,411.677
-376,-318,-331,-195,94,411.819
-447,-346,-331,-279,145,411.82
-366,-188,-204,-329,46,411.872
-182,-180,-154,-327,-30,411.872
-266,-189,-243,-375,44,411.873
-253,-208,-154,-411,21,411.911
-377,-285,-132,-477,147,411.938
-561,-293,-182,-479,223,411.939
-553,-351,-184,-423,96,411.979
-469,-342,-95,-375,22,411.98
-455,-310,-194,-300,-4,411.999
-384,-282,-194,-216,-55,411.999
-629,-364,-273,-519,277,412.041
-565,-346,-250,-452,195,412.041
-396,-226,-71,-377,27,412.048
-213,-268,-148,-456,63,412.053
-141,-261,-161,-196,-87,412.057
-283,-317,-161,-364,15,412.058
-394,-297,-424,-449,418,412.26
-371,-357,-453,-420,337,412.275
-580,-310,-172,-566,379,412.31
-496,-244,-21,-451,141,412.332
-340,-280,-99,-449,114,412.397
-224,-145,-119,-439,115,412.42
-584,-363,-240,-539,351,412.555
-503,-305,-218,-485,229,412.583
-478,-248,-368,-247,156,412.658
-441,-258,-340,-301,173,412.749
-510,-234,-383,-411,440,412.785
-173,-256,-223,-380,86,412.997
-64,-195,-257,-283,-17,413.107
-438,-303,-245,-386,110,413.317
-210,-280,-185,-339,32,413.357
-231,-333,-359,-390,229,413.496
-295,-351,-382,-457,311,413.497
-438,-355,-280,-407,297,413.584
-226,-339,-412,-130,-52,414.6
-417,-224,-355,-332,210,414.953
-220,-229,-374,-316,66,416.004
124,-146,-371,-285,5,416.449
-126,-340,-451,-176,-54,416.988
-55,-312,-451,-92,-105,416.989
13,-241,-360,-52,-159,416.989
-58,-269,-360,-136,-108,416.989
-117,-203,-295,-181,-164,418.508
-175,-270,-341,-96,-153,418.526
-233,-237,-349,-472,331,418.697
-190,-306,-312,-462,258,418.83
-183,-296,-335,-445,289,418.835
-254,-324,-335,-529,340,418.835
-389,-54,190,-380,9,418.89
-407,-248,-288,-523,326,419.055
-4,-148,-330,-317,69,419.222
-395,-229,-374,-336,228,420.299
-375,-238,-308,-355,236,420.299
-390,-350,-232,-270,120,420.409
-265,-257,-293,-488,234,420.732
-245,-266,-227,-507,242,420.751
-291,-241,-120,-424,73,420.781
-374,-200,-82,-391,35,420.79
-363,-337,-242,-231,71,420.822
-427,-355,-265,-298,153,420.822
-332,-349,-397,-352,189,420.842
-261,-321,-397,-268,138,420.843
-577,-353,-263,-522,382,420.85
-406,-326,-302,-484,329,420.858
-246,-198,-177,-394,52,420.866
-350,-250,-206,-321,26,420.903
-398,-314,-95,-291,-29,420.964
-156,-259,-134,-169,-133,420.964
-482,-323,-184,-339,45,420.965
-298,-315,-134,-337,-31,420.965
-297,-277,-237,-504,137,421.001
-402,-345,-298,-299,219,421.107
-427,-321,-453,-292,341,421.117
-466,-363,-321,-366,301,421.121
-330,-279,-401,-382,336,421.161
-462,-268,-81,-462,126,421.214
-436,-284,-254,-526,287,421.299
-452,-344,-335,-569,446,421.386
-388,-326,-312,-502,364,421.387
-384,-295,-109,-494,116,421.39
-484,-294,-70,-448,118,421.391
-468,-304,-198,-542,190,421.393
-568,-303,-159,-496,192,421.394
-555,-322,-70,-532,169,421.396
-548,-312,-93,-515,200,421.399
-552,-365,-161,-488,172,421.402
-636,-374,-250,-536,246,421.404
-478,-263,-373,-329,206,421.453
-385,-197,-393,-183,152,421.474
-145,-240,-490,-306,253,421.495
-410,-257,-287,-422,162,421.511
-230,-269,-283,-319,66,421.9
-266,-310,-212,-450,129,421.903
-489,-340,-179,-489,169,421.911
-410,-348,-316,-384,267,421.927
-199,-326,-422,-91,-101,422.435
-263,-344,-445,-158,-19,422.435
-263,-319,-291,-91,-70,422.738
-384,-246,-358,-337,150,422.762
-156,-211,-351,-249,-16,423.813
78,-183,-472,-151,-31,425.111
242,-166,-488,-130,-115,425.232
310,-95,-397,-90,-169,425.233
-433,-284,-436,-375,369,425.386
-324,-281,-403,-243,40,425.441
-341,-321,-402,-230,80,425.442
-446,-265,-525,-339,392,425.824
-354,-302,-491,-194,103,425.835
-203,-285,-561,-311,285,425.839
-305,-270,-255,-206,-71,425.872
-205,-271,-294,-252,-73,425.873
-188,-231,-295,-265,-113,425.874
-134,-243,-294,-168,-124,425.874
-288,-230,-256,-219,-111,425.875
-217,-202,-256,-135,-162,425.875
-246,-298,-341,-180,-102,425.889
-374,-334,-387,-314,62,425.89
-89,-328,-364,-332,157,426.101
-22,-236,-260,-468,202,426.121
-433,-262,-340,-349,280,426.256
4,-146,-488,-315,131,426.785
-241,-102,-24,-419,-8,426.923
-170,-74,-24,-335,-59,426.924
-50,-161,-249,-357,65,427.123
-121,-189,-249,-441,116,427.128
-165,-317,-242,-191,-35,427.264
158,-151,-191,-408,51,427.326
-248,-340,-308,-304,115,427.4
-443,-204,-64,-308,-33,427.466
-359,-195,25,-260,-107,427.466
-288,-167,25,-176,-158,427.467
-372,-176,-64,-224,-84,427.467
-514,-232,-64,-392,18,427.474
-430,-223,25,-344,-56,427.475
-442,-328,-92,-380,36,427.481
-300,-273,-105,-168,-129,427.496
-448,-300,-217,-283,27,427.505
-526,-338,-194,-384,47,427.51
-545,-355,-184,-471,203,427.518
-487,-286,-408,-386,451,427.699
-351,-366,-387,-439,345,427.716
-358,-376,-364,-456,314,427.718
-578,-275,-249,-561,379,427.734
-546,-277,-170,-510,200,427.739
-472,-188,60,-456,89,427.743
-396,-310,-126,-560,211,427.762
-420,-346,-256,-518,267,427.847
-617,-317,-259,-550,470,427.859
-632,-321,-182,-563,274,427.865
-54,-205,-199,-374,75,428.121
-354,-294,-156,-338,36,428.143
-237,-279,-260,-336,35,428.197
-250,-260,-349,-300,58,428.201
-425,-322,-156,-422,87,428.208
-267,-254,-419,-383,333,428.249
-352,-375,-305,-250,150,428.264
-386,-304,-299,-276,110,428.287
-334,-372,-445,-242,32,428.655
-270,-354,-422,-175,-50,428.656
-266,-301,-354,-202,-22,428.657
-175,-225,-226,-70,-229,428.858
-187,-331,-356,-62,-200,428.863
-258,-359,-356,-146,-149,428.863
-239,-170,-313,-216,-54,429.053
-414,-267,-446,-288,213,429.101
-73,-252,-389,-282,22,429.242
-230,-259,-396,-286,137,429.243
-166,-302,-393,-248,-24,430.174
-95,-274,-393,-164,-75,430.175
-244,-279,-350,-320,75,430.295
-58,-255,-445,-94,-154,430.554
10,-184,-354,-54,-208,430.555
110,-185,-393,-100,-210,430.555
46,-203,-416,-167,-128,430.555
-211,-387,-437,-57,-148,430.714
-418,-302,-378,-327,289,430.781
-276,-277,-429,-371,254,431.021
-212,-259,-406,-304,172,431.021
-346,-266,-564,-385,390,431.045
-418,-320,-514,-261,185,431.05
-303,-284,-522,-265,287,431.063
-167,-306,-478,-75,-4,431.074
-97,-263,-501,-162,-6,431.082
-281,-220,-279,-202,-80,431.107
-200,-162,-257,-148,-202,431.121
-303,-306,-387,-230,11,431.125
-218,-252,-383,-216,-50,431.134
-318,-251,-344,-170,-48,431.134
-359,-258,-256,-303,-60,431.148
-376,-298,-255,-290,-20,431.149
-28,-268,-407,20,-188,431.173
-482,-301,-319,-374,321,431.177
-318,-284,-335,-353,237,431.206
-177,-213,-358,-356,184,431.242
-275,-353,-298,-343,164,431.251
119,-171,-311,-363,94,431.577
-341,-101,15,-373,-6,431.749
-51,-93,-199,-244,-125,431.759
-151,-92,-160,-198,-123,431.76
-466,-257,-374,-420,279,431.82
-402,-239,-351,-353,197,431.82
-234,-169,-299,-359,141,431.821
-298,-187,-322,-426,223,431.821
-304,-222,-209,-388,96,432.001
-351,-342,-176,-202,-28,432.012
-280,-314,-176,-118,-79,432.013
-403,-377,-397,-436,240,432.037
-319,-368,-308,-388,166,432.038
-371,-301,-105,-252,-78,432.106
-519,-328,-217,-367,78,432.11
-442,-329,-105,-336,-27,432.114
-131,-122,-302,-329,33,432.229
-459,-353,-344,-349,332,432.24
-401,-307,-401,-466,387,432.251
-460,-82,190,-464,60,432.274
-393,-353,-217,-516,214,432.285
-380,-220,-105,-404,72,432.287
-424,-235,-115,-449,74,432.288
-425,-351,-296,-567,393,432.321
-591,-373,-217,-556,320,432.325
-484,-364,-279,-585,349,432.329
-478,-236,-304,-360,261,432.336
-453,-253,-406,-330,272,432.369
-334,-335,-227,-288,86,432.381
-470,-375,-224,-423,200,432.485
-296,-321,-145,-204,-81,432.488
-367,-349,-145,-288,-30,432.49
-401,-286,-357,-324,190,432.841
-342,-314,-443,-298,159,432.85
-290,-357,-435,-197,30,432.896
-219,-329,-435,-113,-21,432.896
-114,-215,-332,-64,-195,433.007
-394,-300,-299,-228,3,433.112
-66,-242,-412,-265,53,433.156
-137,-270,-412,-349,104,433.157
-69,-199,-321,-309,50,433.157
-233,-216,-305,-330,134,433.173
125,-232,-389,-242,-84,433.545
25,-231,-350,-196,-82,433.546
-46,-259,-350,-280,-31,433.546
-176,-208,-259,-280,21,433.76
-327,-238,-312,-287,37,433.774
-408,-296,-334,-341,159,433.781
-234,-302,-332,-321,121,433.918
-41,-232,-445,-266,119,434.159
-210,-288,-520,-195,99,434.305
-158,-208,-477,-144,83,434.323
-179,-301,-544,-104,95,434.326
-283,-278,-220,-141,-120,434.342
-34,-244,-333,-214,-126,434.346
-382,-269,-367,-237,34,434.358
269,-122,-444,-18,-198,434.369
101,-192,-496,-12,-142,434.373
228,-200,-496,-56,-197,434.376
69,-212,-440,-28,-239,434.379
5,-230,-463,-95,-157,434.379
-504,-290,-340,-433,331,434.467
-242,-252,-317,-326,143,434.473
-13,-186,-487,-302,171,434.636
-431,-189,-394,-328,270,434.764
-227,-159,-322,-342,172,434.905
-390,-244,-285,-324,98,434.934
-375,-250,-209,-472,147,435.004
-526,-316,-329,-419,323,435.011
-362,-299,-345,-398,239,435.013
-426,-317,-368,-465,321,435.015
-434,-365,-242,-315,122,435.018
-196,-199,-140,-124,-175,435.036
-363,-231,-295,-285,49,435.042
-434,-259,-295,-369,100,435.053
-194,-111,-116,-210,-119,435.056
-435,-319,-128,-319,4,435.081
-364,-291,-128,-235,-47,435.081
-142,-240,-148,-372,12,435.09
-226,-249,-237,-420,86,435.092
-415,-326,-387,-263,242,435.145
-303,-256,-137,-490,168,435.173
-265,-223,-171,-477,116,435.181
-342,-188,-26,-346,7,435.226
-67,-186,-288,-338,98,435.233
-367,-275,-245,-302,59,435.239
-399,-273,-324,-353,238,435.246
-309,-302,-234,-168,-58,435.266
-380,-330,-234,-252,-7,435.267
-310,-291,-210,-180,-71,435.3
-261,-255,-245,-161,-73,435.301
-298,-185,-80,-188,-100,435.332
-195,-294,-276,-253,-27,435.412
-142,-266,-367,-113,-57,435.424
-173,-247,-365,-132,-65,435.455
-180,-257,-342,-149,-96,435.461
-244,-275,-365,-216,-14,435.461
-249,-260,-454,-228,116,435.489
-298,-299,-433,-253,157,435.505
-173,-187,-246,-90,-164,435.535
-244,-215,-246,-174,-113,435.536
-129,-218,-312,-247,-69,435.562
-58,-190,-312,-163,-120,435.563
-323,-272,-299,-144,-48,435.631
-402,-242,-297,-284,130,435.663
-93,-255,-402,-304,102,435.754
10,-229,-323,-169,-128,435.772
-161,-256,-284,-207,-75,435.773
-61,-257,-323,-253,-77,435.773
58,-165,-434,-199,-73,435.778
93,-230,-468,-293,95,436.037
-78,-257,-429,-331,148,436.037
113,-242,-399,-98,-161,436.155
-174,-244,-391,-304,103,436.213
-119,-330,-474,-159,-23,436.219
-81,-214,-338,-375,145,436.249
-249,-284,-390,-369,201,436.25
-457,-332,-299,-360,161,436.285
22,-78,-224,-62,-237,436.366
122,-79,-263,-108,-239,436.367
-93,-210,-433,-189,22,436.389
27,-144,-355,-67,-248,436.412
26,-194,-482,-148,-136,436.422
-74,-193,-443,-102,-134,436.423
-411,-292,-401,-310,320,436.48
-482,-320,-401,-394,371,436.48
-182,-309,-458,-258,122,436.489
-26,-280,-470,-193,23,436.529
-169,-268,-491,-400,283,436.566
-98,-240,-491,-316,232,436.567
-368,-334,-392,-269,129,436.597
-310,-287,-481,-149,101,436.603
-139,-267,-538,-244,203,436.615
-243,-319,-567,-171,177,436.621
-295,-342,-524,-209,160,436.624
-354,-306,-220,-225,-69,436.641
-239,-288,-364,-163,-71,436.648
-310,-316,-364,-247,-20,436.65
-367,-287,-309,-189,-46,436.658
-431,-305,-332,-256,36,436.658
-42,-219,-322,-453,286,436.677
-457,-125,99,-420,63,436.693
-65,-179,-361,-365,170,436.845
168,-135,-346,-344,92,436.911
-434,-146,-303,-372,267,436.936
-96,-145,-449,-269,133,436.953
-267,-172,-410,-307,186,437.002
-316,-208,-375,-326,188,437.003
-343,-121,-395,-257,179,437.012
20,-65,-199,-160,-176,437.02
-469,-231,-31,-412,92,437.075
-130,-134,-18,-380,-17,437.077
-194,-229,-293,-404,183,437.085
-462,-298,-306,-352,241,437.094
-455,-288,-329,-335,272,437.096
-81,-202,-206,-197,-131,437.115
-265,-139,-116,-294,-68,437.124
-326,-248,-198,-374,88,437.126
-212,-289,-161,-280,-36,437.151
-471,-348,-410,-378,431,437.192
133,-94,-253,-175,-167,437.222
-293,-164,-125,-214,-100,437.282
-281,-280,-398,-244,19,437.415
-126,-210,-398,-93,-96,437.457
-409,-282,-357,-276,83,437.479
-338,-254,-357,-192,32,437.479
-101,-197,-400,-360,229,437.52
-42,-164,-395,-153,-71,437.583
-122,-137,-164,-176,-153,437.615
-22,-138,-203,-222,-155,437.616
-73,-188,-285,-136,-166,437.682
-144,-216,-285,-220,-115,437.689
110,-230,-362,-215,-130,437.719
-2,-244,-340,-235,-33,437.728
-314,-268,-485,-334,211,437.747
-31,-256,-370,-97,-157,437.796
-43,-251,-436,-126,-58,437.805
-217,-286,-311,-318,22,437.895
-332,-283,-245,-245,-22,437.904
-289,-262,-247,-366,105,437.932
-298,-320,-355,-388,203,437.938
-381,-319,-210,-264,-20,437.95
54,-169,-344,-9,-210,437.983
154,-170,-383,-55,-212,437.983
-61,-212,-354,-138,-157,438.013
-377,-372,-549,-254,231,438.08
-306,-344,-549,-170,180,438.081
-373,-319,-481,-281,259,438.085
-180,-267,-432,-244,36,438.11
-209,-302,-497,-260,175,438.119
-105,-250,-468,-333,201,438.145
-380,-329,-458,-298,228,438.171
-425,-312,-355,-344,258,438.177
-489,-330,-378,-411,340,438.179
-382,-247,-502,-272,310,438.182
-374,-305,-504,-216,183,438.187
-431,-283,-467,-291,312,438.194
-365,-229,-368,-250,-6,438.224
-440,-272,-317,-366,249,438.245
207,-126,-277,-320,7,438.265
-80,-161,-419,-413,250,438.323
-236,-206,-322,-403,223,438.387
-187,-170,-357,-384,221,438.388
-148,-138,-323,-332,132,438.443
-335,-306,-306,-396,186,438.476
-151,-298,-256,-394,110,438.478
-276,-61,155,-184,-187,438.483
-347,-89,155,-268,-136,438.487
-327,-286,-95,-207,-80,438.528
-227,-287,-134,-253,-82,438.53
-411,-295,-184,-255,-6,438.531
-558,-336,-273,-435,226,438.539
-130,-168,-290,-78,-168,438.612
-217,-262,-375,-177,-63,438.629
-72,-334,-422,-135,-156,438.633
-335,-304,-466,-281,190,438.646
-327,-362,-468,-225,63,438.661
-205,-96,-126,-143,-191,438.681
-125,-123,-357,-120,-109,438.685
-113,-128,-291,-91,-208,438.69
-40,-12,-267,-93,-203,438.695
-41,-99,-308,-66,-190,438.702
-350,-249,-423,-221,131,438.705
-159,-239,-400,-198,-6,438.711
-377,-262,-413,-260,180,438.721
-298,-292,-415,-120,2,438.725
-342,-307,-425,-165,4,438.729
-274,-236,-334,-125,-50,438.729
-345,-264,-334,-209,1,438.731
-109,-139,-327,-264,8,438.829
-105,-97,-165,-189,-193,438.873
143,-54,-344,-172,-167,438.882
43,-53,-305,-126,-165,438.883
162,-113,-405,-272,-47,438.9
-102,-284,-370,-181,-106,438.971
101,-237,-465,-127,-62,438.98
84,-259,-436,-170,-113,438.984
-107,-269,-459,-193,24,438.99
-173,-271,-301,-273,20,439.063
-14,-240,-435,-49,-156,439.109
169,-172,-410,-82,-166,439.114
3,-200,-436,-62,-196,439.147
-138,-211,-466,-169,-52,439.157
-175,-299,-481,-241,153,439.188
-170,-294,-441,-192,27,439.204
-11,-282,-497,-220,69,439.217
89,-283,-536,-266,67,439.217
6,-242,-498,-233,29,439.221
-273,-320,-520,-327,257,439.235
-202,-292,-520,-243,206,439.236
-17,-182,-469,-262,110,439.243
-188,-209,-430,-300,163,439.251
59,-233,-484,-312,117,439.256
66,-223,-507,-295,148,439.26
-440,-294,-413,-392,338,439.271
-282,-248,-541,-318,308,439.279
-231,-324,-501,-142,78,439.289
-90,-253,-524,-145,25,439.293
-301,-211,-345,-183,-88,439.306
-504,-275,-335,-351,281,439.391
-59,-106,-18,-296,-68,439.451
-342,-200,-90,-233,-98,439.495
-271,-172,-90,-149,-149,439.495
13,-246,-367,-262,13,439.513
-80,-276,-420,-191,-29,439.52
-40,-314,-478,-119,-59,439.522
-406,-332,-466,-365,241,439.527
-313,-278,-477,-295,198,439.535
-208,-275,-365,-217,-4,439.58
-198,-260,-304,-279,21,439.641
102,-172,-360,-271,-3,439.678
-250,-250,-462,-267,129,439.706
-82,-180,-410,-273,73,439.727
-42,-218,-468,-201,43,439.735
-106,-236,-491,-268,125,439.736
-114,-178,-489,-324,252,439.747
284,-169,-440,-160,-72,439.757
-134,-282,-449,-232,73,439.76
-73,-248,-404,-178,-67,439.763
37,-255,-488,-194,20,439.77
-17,-197,-344,-93,-159,439.846
-106,-191,-522,-153,45,439.854
-98,-249,-524,-97,-82,439.863
-366,-309,-504,-264,290,439.88
-292,-261,-459,-227,137,439.881
-285,-251,-482,-210,168,439.884
-181,-199,-453,-283,194,439.92
-218,-230,-518,-251,226,439.934
40,-95,-341,-291,-20,440.021
-210,-30,5,-138,-180,440.026
-48,-256,-476,-175,68,440.042
-379,-294,-322,-259,141,440.046
-399,-285,-388,-240,133,440.066
-158,-175,-292,-283,10,440.098
78,-228,-441,-266,49,440.12
257,-213,-484,-272,11,440.137
-171,-287,-482,-260,106,440.183
-66,-232,-280,-327,65,440.197
-413,-317,-289,-315,159,440.202
-262,-257,-475,-337,316,440.244
-347,-296,-243,-208,-38,440.262
-426,-298,-378,-279,182,440.311
-74,-238,-412,-217,-54,440.346
26,-239,-451,-263,-56,440.414
2,-241,-530,-362,230,440.423
18,-181,-449,-319,71,440.434
