obj0,obj1,obj2,cpu
-13909,-15340,-13241,0.078367
-14378,-14453,-14292,297.997
-14498,-14100,-14352,348
-14452,-14697,-13488,653.081
-13221,-15124,-14009,700.47
-14944,-13627,-14451,786.951
-15477,-13969,-13103,835.961
-14544,-14041,-14241,855.988
-12833,-14319,-14546,857.839
-12800,-14139,-14993,869.124
-14992,-14347,-13528,874.36
-13071,-15153,-13899,874.871
-15138,-14205,-14223,914.277
-15098,-14452,-13029,983.719
-15928,-13142,-13545,985.696
-14395,-14207,-14132,985.96
-13244,-14468,-14525,995.026
-13479,-14822,-13870,1005.64
-14362,-14175,-14642,1007.49
-14310,-14832,-13050,1009.49
-14013,-13730,-14994,1011.69
-14367,-14248,-14362,1025.64
-14628,-14677,-13362,1066.96
-14870,-13889,-14516,1073.22
-15263,-13327,-14286,1073.45
-15346,-12434,-14416,1075.11
-13508,-15092,-13501,1076.74
-14143,-15055,-13787,1078.95
-13993,-15084,-13677,1079.27
-13925,-14614,-14222,1079.44
-15347,-13392,-14093,1083.74
-14686,-12692,-14877,1092.77
-15476,-13014,-13975,1111.06
-15525,-13377,-13903,1111.15
-15793,-13490,-13506,1111.72
-15308,-13868,-13931,1112.01
-14898,-14224,-13587,1112.24
-14686,-14412,-14034,1116.87
-15347,-13963,-13407,1117.31
-14240,-14620,-13682,1117.83
-15808,-13198,-13468,1117.88
-14886,-14375,-13223,1118.11
-15605,-13661,-13268,1118.13
-14166,-14399,-14303,1120.65
-14455,-14200,-14457,1120.69
-15050,-13334,-14417,1120.71
-15734,-12977,-14089,1120.73
-15577,-12986,-13891,1121.18
-15531,-13440,-13889,1121.59
-14482,-13346,-14843,1121.71
-14391,-13917,-14611,1123.12
-14847,-14545,-14000,1123.91
-13256,-14767,-14382,1124.01
-14401,-14753,-13648,1124.25
-14251,-14782,-13538,1124.26
-13380,-15418,-12940,1124.94
-15046,-13818,-14314,1125.48
-13362,-12944,-15334,1127.75
-14978,-12677,-14833,1128.69
-15254,-12680,-14451,1131.41
-14390,-13592,-14878,1131.43
-14168,-13597,-14870,1134.68
-14653,-13967,-14228,1134.85
-13366,-12837,-15293,1135.19
-15748,-12318,-13911,1138.62
-15428,-13039,-14132,1141.41
-15566,-13542,-13815,1141.88
-14901,-13727,-14556,1142.01
-14589,-14582,-13886,1142.23
-15332,-14167,-13575,1144.53
-15378,-13713,-13577,1145
-13911,-13144,-15114,1146.39
-14201,-14042,-14676,1146.66
-15304,-13492,-14198,1146.69
-13533,-14269,-14679,1146.85
-14459,-13740,-14537,1146.92
-14713,-13898,-14318,1146.97
-12765,-14496,-14620,1148.27
-12615,-14525,-14510,1148.35
-13514,-15106,-13399,1148.52
-14178,-14698,-14160,1148.64
-12625,-15361,-13547,1148.88
-12623,-15650,-12560,1149.46
-14327,-14532,-14269,1149.78
-15546,-12665,-14407,1150.57
-14682,-13577,-14834,1150.58
-14955,-13071,-14527,1150.95
-14031,-12791,-15174,1151.51
-14856,-12756,-14645,1154.31
-14288,-12768,-15071,1155.04
-14196,-13014,-15106,1156.9
-15331,-13212,-14447,1158.17
-14612,-13926,-14402,1158.58
-15147,-13735,-13965,1159.71
-14717,-14250,-14074,1159.74
-14086,-14468,-14336,1160.32
-15360,-13154,-13971,1160.49
-15628,-13267,-13574,1160.52
-14502,-12738,-14994,1160.64
-13653,-13446,-15253,1160.65
-14012,-14247,-14957,1161.08
-14270,-13945,-14818,1161.24
-12586,-15161,-13723,1161.49
-13607,-14496,-14431,1161.5
-12354,-14347,-14641,1161.61
-13054,-14297,-14774,1161.73
-13687,-14427,-14398,1161.74
-13225,-15305,-13245,1161.8
-15711,-13633,-13573,1161.88
-14862,-14341,-13832,1161.94
-13547,-15292,-13325,1162.08
-13405,-14601,-14491,1162.56
-12648,-14833,-14111,1162.71
-14651,-14556,-12041,1162.84
-14128,-13129,-14945,1163.03
-13242,-13773,-15133,1163.92
-13721,-13745,-15038,1164.13
-14894,-14331,-13628,1164.91
-13818,-13669,-15185,1165.05
-14667,-12961,-14926,1165.07
-14076,-13367,-15046,1165.25
-14422,-13755,-14651,1165.38
-13808,-12471,-15433,1165.97
-13527,-13167,-15266,1166.77
-15996,-13027,-13706,1167.11
-14439,-14611,-13776,1167.44
-15040,-12710,-14528,1167.68
-14851,-12915,-14809,1167.77
-15535,-13704,-13775,1167.95
-15888,-13228,-13334,1167.96
-16196,-13255,-13148,1168.01
-15831,-12804,-13774,1168.25
-13699,-14720,-13882,1169.04
-12657,-15566,-12067,1169.2
-12214,-15613,-12567,1169.34
-15143,-13645,-13999,1169.39
-13570,-14764,-13889,1169.5
-16078,-12385,-13220,1170.43
-16002,-12677,-13376,1170.81
-16272,-11864,-13128,1171.47
-14946,-13095,-14540,1171.49
-15113,-14248,-12861,1172.37
-15166,-12989,-14515,1172.83
-13414,-14974,-13927,1172.97
-13759,-15369,-13131,1173
-14613,-14830,-13454,1173.02
-14167,-15038,-13102,1173.11
-14017,-15067,-12992,1173.12
-13136,-15544,-12345,1173.31
-15349,-12860,-14182,1173.52
-15743,-13623,-13369,1173.94
-15810,-11586,-14069,1174.73
-16266,-12214,-13458,1175.08
-14602,-14078,-14228,1175.22
-15363,-13854,-13431,1175.23
-14995,-12742,-14580,1175.39
-12924,-13365,-15393,1175.39
-13846,-13296,-15171,1175.42
-14786,-13555,-14710,1175.54
-15650,-12643,-14283,1175.55
-12276,-15478,-12769,1175.92
-13346,-13751,-15009,1176.02
-13666,-13153,-15201,1176.08
-14588,-13084,-14979,1176.1
-15437,-12376,-14720,1176.1
-15452,-12172,-14552,1176.11
-14846,-12782,-14840,1176.15
-15710,-11870,-14413,1176.17
-13947,-12457,-15368,1176.25
-14869,-12388,-15146,1176.26
-15142,-11882,-14839,1176.31
-15844,-12511,-13722,1176.45
-15302,-13410,-14229,1176.48
-16101,-11991,-13526,1176.52
-15179,-12696,-14463,1176.62
-16004,-12164,-13841,1176.65
-15044,-13712,-14368,1176.68
-14592,-12977,-14938,1176.73
-15456,-12065,-14511,1176.74
-13923,-13130,-15098,1176.75
-15699,-12426,-14337,1177.07
-14112,-12680,-15300,1177.1
-15034,-12611,-15078,1177.11
-12798,-13086,-15406,1177.24
-14850,-13134,-14596,1177.29
-16226,-12461,-12264,1177.4
-15048,-13605,-14327,1177.41
-15451,-13370,-13969,1178.9
-14427,-12754,-15006,1179.01
-15082,-12655,-14709,1179.13
-12987,-12950,-15305,1179.17
-14015,-13598,-14849,1179.37
-16246,-12392,-12668,1179.62
-13272,-12344,-15438,1179.77
-15852,-12296,-13787,1179.93
-16376,-11842,-13004,1179.95
-14300,-12992,-14982,1179.97
-13437,-14318,-14443,1180.17
-12958,-14346,-14538,1180.27
-12633,-12863,-15474,1180.52
-14224,-12641,-15092,1180.55
-14389,-12864,-15024,1180.85
-15625,-13691,-12216,1181.04
-13088,-12570,-15399,1181.13
-13264,-15003,-13817,1181.26
-14104,-13470,-14891,1181.51
-15914,-11564,-13945,1181.78
-16011,-11391,-13630,1181.79
-15020,-14273,-13070,1181.86
-14535,-14651,-13495,1182.03
-12258,-12869,-15445,1182.6
-12824,-15650,-11840,1182.67
-13208,-12217,-15459,1182.74
-13859,-13003,-15119,1183.86
-12797,-12068,-15480,1183.86
-16308,-12257,-12870,1183.87
-12543,-12263,-15578,1183.87
-14134,-12041,-15196,1183.88
-13654,-11744,-15558,1183.89
-12890,-11430,-15563,1183.94
-15512,-10730,-14577,1183.95
-12599,-10928,-15644,1183.95
