obj0,obj1,obj2,obj3,obj4,cpu
-238,-166,-123,-145,-259,4.21352
-241,-445,-264,11,-550,4.21353
-257,-218,-126,-106,-317,5.37003
-210,-229,-152,-139,-266,5.94655
-214,-601,-340,69,-654,5.94658
-223,-439,-352,57,-485,5.94659
-224,-532,-399,109,-582,5.9466
-135,-159,-56,-243,-315,6.37447
-259,-404,-220,-2,-511,6.58574
-205,-605,-344,112,-621,6.63709
-215,-536,-403,152,-549,6.63712
-280,-501,-380,148,-607,6.99653
-289,-622,-324,147,-737,7.02605
-219,-179,-147,-153,-272,7.03324
-222,-458,-288,3,-563,7.03328
-229,-281,-155,-100,-324,7.20368
-271,-663,-368,160,-776,7.52676
-272,-756,-415,212,-873,7.52852
-294,-371,-80,-62,-479,7.56893
-333,-568,-133,68,-692,7.60377
-251,-376,-323,51,-478,7.67148
-276,-270,-129,-67,-375,7.68845
-270,-570,-321,108,-679,8.13293
-267,-291,-180,-48,-388,8.133
-238,-231,-150,-114,-330,8.15745
-232,-560,-296,56,-615,8.31761
-128,-325,-38,-177,-278,8.64029
-275,-319,-77,-101,-421,8.65097
-256,-267,-74,-140,-363,8.65105
-229,-232,-43,-126,-456,8.65997
-257,-360,-121,-88,-460,8.67662
-204,-512,-297,60,-524,8.82186
-214,-443,-356,100,-452,8.8219
-222,-471,-253,47,-485,8.8286
-223,-564,-300,99,-582,8.83495
-184,-225,-252,-49,-226,8.90142
-268,-384,-227,4,-485,9.18073
-307,-581,-280,134,-698,9.1895
-305,-395,-186,30,-504,9.18955
-231,-296,-300,-9,-394,9.19372
-221,-365,-241,-49,-466,9.19378
-249,-255,-256,-22,-355,9.20166
-239,-324,-197,-62,-427,9.20173
-240,-417,-244,-10,-524,9.20624
-164,-145,-229,-109,-142,9.22033
-146,-357,-222,-83,-305,9.36538
-147,-450,-269,-31,-402,9.3724
-157,-381,-328,9,-330,9.37247
-165,-235,-165,-112,-398,9.41805
-163,-210,-166,-192,-247,9.48264
-173,-141,-225,-152,-175,9.48278
-89,-121,-134,-242,-218,9.62072
-154,-293,49,-160,-362,9.6491
-313,-423,-83,-23,-537,9.65564
-238,-402,-99,-101,-454,9.6589
-200,-298,-93,-179,-338,9.659
-191,-128,-37,-204,-340,9.66089
-276,-412,-124,-49,-518,9.67616
-295,-464,-127,-10,-576,9.67786
-129,-418,-85,-125,-375,9.6796
-220,-443,-143,-88,-493,9.68399
-193,-314,-131,-100,-534,9.69249
-296,-557,-174,42,-673,9.70998
-315,-609,-177,81,-731,9.72501
-239,-259,-170,-93,-356,9.73505
-240,-352,-217,-41,-453,9.73683
-295,-322,-132,-28,-433,9.74934
-216,-481,-181,-12,-438,9.79997
-203,-277,-255,-10,-284,9.90155
-201,-59,-96,-164,-268,10.0811
-269,-477,-274,56,-582,10.1444
-288,-529,-277,95,-640,10.1461
-286,-343,-183,-9,-446,10.1462
-257,-283,-153,-75,-388,10.1666
-258,-376,-200,-23,-485,10.1667
-165,-238,-276,-57,-239,10.1878
-136,-113,-219,-154,-110,10.2154
-211,-322,-199,-87,-363,10.2836
-212,-415,-246,-35,-460,10.2853
-248,-333,-158,-61,-382,10.2897
-158,-474,-375,61,-427,10.3133
-182,-197,-142,-184,-234,10.3428
-146,-183,-162,-151,-340,10.3493
-145,-90,-115,-203,-243,10.3494
-164,-142,-118,-164,-301,10.3495
-210,-180,-40,-165,-398,10.4967
-314,-516,-130,29,-634,10.5109
-258,-453,-168,-36,-557,10.537
-260,-639,-262,68,-751,10.5447
-277,-363,-176,-15,-472,10.5555
-149,-478,-379,104,-394,10.6483
-185,-318,-299,3,-323,10.6731
-224,-408,-246,-26,-572,10.7764
-222,-222,-152,-130,-378,10.7766
-242,-367,-202,-39,-533,10.787
-223,-390,-240,31,-617,10.8036
-287,-436,-230,43,-543,10.8068
-324,-447,-189,69,-562,10.8123
-230,-203,-253,-61,-297,10.8204
-220,-272,-194,-101,-369,10.8205
-183,-197,-232,-70,-200,10.8454
-166,-331,-323,-5,-336,10.8562
-213,-508,-293,17,-557,10.9118
-250,-519,-252,43,-576,10.9186
-194,-314,-295,-40,-356,10.9621
-183,-290,-189,-132,-331,10.9662
-108,-176,-248,-148,-117,10.993
-167,-470,-371,18,-460,11.0207
-154,-260,-171,-178,-241,11.0272
-155,-353,-218,-126,-338,11.0331
-219,-350,-96,-140,-396,11.0492
-201,-391,-140,-127,-435,11.0617
-239,-495,-146,-49,-551,11.0636
-277,-505,-171,3,-615,11.0788
-278,-598,-218,55,-712,11.0813
-258,-311,-173,-54,-414,11.0873
-185,-144,-239,-65,-358,11.2018
-306,-488,-233,82,-601,11.2602
-99,-180,-252,-105,-84,11.2964
-182,-91,-220,-166,-181,11.3013
-155,-133,-157,-165,-346,11.3191
-154,-40,-110,-217,-249,11.3192
-164,29,-169,-177,-177,11.3193
-231,-467,-249,4,-518,11.3305
-267,-385,-161,-22,-440,11.3358
-201,-249,-145,-145,-292,11.3704
-108,-2,-188,-216,-152,11.385
-145,-109,-215,-197,-143,11.3904
-192,-193,-228,-113,-233,11.3924
-182,-262,-169,-153,-305,11.3944
-201,-314,-172,-114,-363,11.3974
-192,-364,-177,-100,-357,11.418
-156,-446,-265,-74,-435,11.4241
-192,-221,-84,-152,-437,11.4387
-155,-386,2,-108,-459,11.4405
-202,-484,-187,-75,-532,11.4463
-259,-546,-215,16,-654,11.4535
-136,80,-59,-228,-245,11.5095
-173,-27,-86,-209,-236,11.5131
-223,-315,-199,-78,-475,11.5336
-230,-149,-217,-144,-512,11.5362
-249,-201,-220,-105,-570,11.5436
-100,-273,-299,-53,-181,11.572
-202,-171,-243,-106,-265,11.5764
-201,-78,-196,-158,-168,11.5765
-173,-92,-113,-178,-307,11.5908
-230,-374,-202,-48,-421,11.5927
-165,-409,-225,-44,-363,11.6075
-91,-323,-304,-39,-175,11.6151
-109,-269,-295,-96,-214,11.6363
-183,-355,-216,-101,-402,11.6401
-164,-303,-213,-140,-344,11.6402
-174,-405,-221,-87,-396,11.6534
-98,-291,-190,-217,-216,11.6585
-211,-273,-87,-113,-495,11.6603
-205,-532,-116,5,-555,11.6672
-241,-274,-155,-91,-436,11.7101
-99,168,-132,-241,-154,11.7322
-249,-426,-205,-9,-479,11.7409
-92,-416,-351,13,-272,11.7519
-174,-234,-272,-100,-272,11.7624
-101,-412,-347,-30,-305,11.7658
-173,-312,-174,-139,-299,11.7677
-89,-295,-194,-174,-183,11.7692
-101,-339,-119,-137,-239,11.7752
-117,-172,-244,-191,-150,11.7762
-157,-83,-115,-194,-355,11.7941
