obj0,obj1,obj2,obj3,obj4,cpu
-450,-249,-115,-155,-109,74.6894
-631,-371,-67,-145,-368,103.674
-193,-353,7,-313,-401,106.956
-444,-382,-78,-121,-274,253.81
-176,-295,-81,-297,-232,265.647
-137,-172,-109,-197,-231,311.748
-16,-340,-184,-196,-153,388.323
-161,-145,-108,-198,-255,389.787
27,11,-195,2,-156,393.762
-39,-81,-262,-129,-87,393.984
-389,-214,-91,-105,-214,423.305
-461,-125,-91,-113,-217,457.72
-131,-244,-176,-84,-75,460.002
-200,-196,-92,-160,-273,470.157
-237,-368,-22,-202,-289,477.284
-258,-399,19,-262,-221,477.284
-226,-337,-81,-226,-263,478.198
-65,-352,-128,-288,-217,485.757
-17,-301,-97,-246,-262,485.757
-71,-256,-34,-383,-214,485.757
-131,-369,-82,-239,-334,486.71
-137,-285,-139,-232,-207,486.78
0,-182,-166,-196,-196,486.781
-128,-209,-169,-225,-93,487.505
-188,-326,-93,-245,-118,487.863
-270,-110,-130,-114,-180,497.586
-240,-301,-116,-166,-179,502.419
-341,-410,-110,-59,12,506.978
-544,-423,107,12,-142,507.512
-301,-83,74,-381,-246,507.61
-289,-275,-114,-191,-252,507.61
-23,-205,-3,-341,-259,507.741
-64,-380,-113,-313,-76,507.928
-70,-284,-19,-408,-73,507.928
-160,-308,24,-377,-270,508.363
-72,-93,-166,-204,-199,509.258
-162,-109,-181,-252,49,510.252
-110,-8,130,-405,-128,511.845
-136,-313,-124,-257,-66,512.864
-186,-259,-127,-235,-208,514.437
-237,-300,-91,-270,-191,516.436
-386,-213,-66,-209,-226,518.103
-215,-244,176,-252,-296,518.63
-220,-296,-118,-78,-131,518.874
-287,-274,-135,-30,-200,519.338
-281,-110,-9,-219,-270,519.436
-358,-425,-35,-225,-237,521.223
-364,-329,59,-320,-234,521.223
-287,-206,67,-213,-277,522.924
-442,-408,-29,-46,-302,523.144
63,115,97,-530,-83,523.492
-29,-109,91,-436,-256,523.619
-186,-477,-72,-243,-263,523.702
-178,-407,-99,-174,-284,523.759
-39,-157,-227,-231,-37,524.109
9,-106,-196,-189,-82,524.109
-144,-102,-142,-250,-139,524.446
-118,-262,-126,-246,17,525.169
81,-97,-220,-143,-142,525.217
-170,-171,-143,-178,-146,525.885
-179,-247,-113,-185,-260,525.89
-131,-124,227,-378,-96,526.203
-19,-14,-186,-121,-117,526.872
-237,-202,-105,-210,-182,527.006
148,-104,-281,-204,-44,528.787
-190,-137,-168,-180,18,529.434
-198,-383,1,-245,-341,529.975
-166,-357,-116,-297,-209,529.992
-266,-372,-68,-335,-193,530.01
-241,-227,-133,29,-252,530.097
-265,-347,-23,-291,-288,530.284
-278,-301,-2,-222,-292,530.507
-284,-205,92,-317,-289,530.507
-278,-312,-104,-147,-324,533.002
-350,-321,-80,-193,-264,533.044
-441,-436,-14,-71,-161,533.128
-459,-154,104,-195,-251,533.241
181,-110,-162,-333,-41,533.317
-76,-188,75,-503,-70,533.505
-28,-137,106,-461,-115,533.506
-101,-129,13,-407,-228,533.532
-95,-225,-81,-312,-231,533.532
-192,-381,22,-338,-260,533.57
-112,-257,55,-335,-315,533.613
-140,-212,-125,-176,-260,533.878
-179,-250,-123,-238,-4,533.901
-63,-39,-207,-133,-72,534.417
9,-30,-231,-87,-132,534.435
-134,-148,44,-350,-274,534.689
-178,-275,-98,-210,-119,534.98
-267,-327,-40,-204,-175,534.98
-299,-437,-34,-181,97,535.235
-105,-174,-181,-182,-154,535.483
-177,-183,-157,-228,-94,535.497
-185,-287,-112,-260,-67,535.56
-300,-192,-13,-237,-251,535.889
-139,-96,-214,-167,-71,536.073
-139,-172,-179,-269,-21,536.223
-40,186,187,-437,-73,536.288
-195,-153,34,-323,-233,536.315
-88,-20,-192,-100,-105,536.432
-118,-204,-157,-236,8,536.662
-379,-204,-62,-212,-22,536.675
-261,-193,-173,-97,-258,537.676
-326,-70,-138,-97,-254,537.914
-368,-325,-109,-142,-332,538.844
-431,-308,-50,-208,-381,538.954
-359,-397,-50,-200,-378,538.954
-448,-449,8,-194,-434,538.964
-369,-130,61,-226,-54,539.007
-458,-182,119,-220,-110,539.007
-86,-320,-150,-321,-246,539.095
-92,-224,-56,-416,-243,539.095
175,-14,-68,-428,-38,539.19
-67,-381,-138,-209,-64,539.266
-184,-448,-62,-322,-416,539.313
-152,-212,-198,-117,-104,539.451
-195,-45,-120,-225,-113,539.571
-213,-52,-159,-227,75,539.601
-141,-141,-159,-219,78,539.601
-167,-219,-111,-290,-118,539.761
-9,-110,-225,-138,-150,539.849
-144,-184,-123,-247,-179,540.184
-291,-116,-43,-230,-137,540.389
-172,-108,-118,-242,-183,540.567
84,-72,-229,-118,-131,540.579
-168,-218,-101,-168,-304,540.582
-109,-125,-177,-176,-134,540.61
-178,-12,-24,-337,-180,540.694
-263,-69,-111,-209,-40,540.802
-361,-197,-23,-210,-210,540.817
-272,-145,-81,-216,-154,540.817
-194,-181,49,-348,-92,540.903
-316,-132,-86,-229,-153,541.071
38,-119,-231,-177,-79,541.103
-219,-197,6,-347,-108,541.135
-217,-296,8,-249,-333,541.231
-319,-51,-130,-128,-101,541.551
-179,-162,-178,-158,-208,541.702
-239,-329,-101,-191,-38,541.741
-260,-297,-123,-224,-67,541.921
-160,-282,-171,-186,-83,541.938
-232,-291,-147,-232,-23,541.962
-515,-387,67,-11,34,542.168
-359,-117,67,-221,-280,542.203
-452,-383,-46,-3,-198,542.245
-504,-545,28,43,-14,542.255
-433,-463,73,2,-189,542.261
81,-173,-185,-245,-92,542.356
69,19,3,-435,-86,542.387
12,172,119,-505,-57,542.407
-94,-253,-66,-337,-90,542.47
-180,-436,-109,-95,-131,542.479
-154,-404,-70,-282,-273,542.487
-63,-115,-172,-235,-22,542.535
-60,-125,-249,-264,-66,542.538
-131,-136,-155,-169,-146,542.549
-135,-26,-172,-243,-25,542.571
-7,127,252,-466,-149,542.676
73,-101,-241,-135,-87,542.708
-81,-119,-201,-184,-90,542.716
-91,53,-197,-65,-107,542.84
66,-113,-255,-185,-35,542.867
-214,-323,-72,-237,-243,542.888
-252,-227,-150,-155,-88,543.064
-145,-76,-85,-364,-18,543.101
-344,-56,-81,-224,-157,543.195
-207,-256,-99,-230,-48,543.233
-370,-27,-96,-92,-155,543.296
-285,-226,-99,-196,-101,543.34
-197,-411,16,-270,-200,543.349
-257,-427,34,-287,-80,543.351
-283,-415,-24,-261,-237,543.352
-326,-352,-33,-264,-247,543.38
-267,-173,-44,-294,-205,543.481
-189,-260,-162,-153,-268,543.497
-195,-164,-68,-248,-265,543.498
-318,-116,-22,-269,-179,543.597
-107,-251,-178,-150,-205,543.61
-332,-230,-134,-168,-57,543.748
-454,-399,64,-19,55,543.912
-353,-356,-87,-52,-246,543.934
-362,-398,-75,-96,-366,543.977
-295,-179,-20,-286,-249,543.982
-461,-223,-77,-173,-226,543.99
153,-164,-209,-199,-152,544.005
-33,-241,-170,-238,-164,544.024
-39,-145,-76,-333,-161,544.025
104,70,205,-457,-134,544.047
60,223,150,-463,-102,544.055
217,133,57,-481,-80,544.064
38,150,317,-569,-11,544.076
-34,-41,200,-556,-112,544.079
-88,-349,-160,-242,-93,544.099
-347,-583,-74,-171,-285,544.112
-196,-377,-146,-160,-358,544.114
-90,-198,-181,-244,52,544.143
-188,-175,-172,-127,-214,544.224
-191,-140,245,-395,24,544.24
-154,128,62,-392,-34,544.393
-360,-225,-8,-235,-69,544.453
-290,-152,-120,-218,34,544.457
-214,-265,-103,-227,-252,544.5
-212,-295,-140,-174,-135,544.58
-308,-66,-109,-148,-186,544.618
-323,-406,-81,-110,80,544.795
-425,-267,-87,-60,-249,544.834
-416,-465,-45,62,-99,544.847
-361,-208,-125,-135,-242,544.861
-412,-249,-79,-148,-153,544.864
-484,-160,-79,-156,-156,544.866
-467,-127,17,-268,-223,544.867
-432,-245,-86,-206,-41,544.869
-411,-277,-64,-173,-12,544.87
63,-177,-214,-194,-160,544.877
62,-206,-96,-367,-240,544.88
-115,-66,48,-332,-293,544.916
-117,-327,-151,-209,-278,544.917
-179,-464,-94,-120,10,544.93
-173,-379,-150,-133,-157,544.931
21,191,197,-464,-114,544.962
-125,-72,14,-343,-160,544.967
-81,-43,-236,-82,-140,544.974
-120,79,347,-383,-16,544.977
-26,-200,-204,-38,-73,544.987
-25,-228,-189,-63,68,544.998
-202,-64,-101,-236,-81,545.001
-163,-54,-159,-171,-56,545.009
-91,-45,-183,-125,-116,545.019
-128,106,260,-456,12,545.075
-277,-122,-144,-164,-128,545.088
-366,-426,-3,-107,-161,545.104
-312,-212,-116,-174,-182,545.15
-352,-442,-41,-87,-96,545.201
-421,-534,7,-111,-90,545.227
-517,-508,106,95,202,545.239
-353,-280,-112,72,-224,545.254
-380,-431,-4,-98,-202,545.261
-268,-276,73,-228,-347,545.268
160,-78,-184,-366,-70,545.27
-80,-279,-187,-173,-114,545.272
-181,-58,-188,-120,-124,545.318
-191,38,-149,-103,-91,545.332
-261,-269,-138,-199,-208,545.347
-317,-142,-79,-155,-300,545.359
-252,-369,-120,-39,-121,545.373
-324,-378,-96,-85,-61,545.374
-251,-397,-105,-64,20,545.383
-20,-33,61,-429,-142,545.41
-167,-136,-81,-320,-234,545.411
-284,-206,-140,-182,-138,545.426
-415,-493,-30,37,42,545.436
-414,-521,-15,12,183,545.452
