obj0,obj1,obj2,obj3,cpu
-7792,-8715,-10988,-9625,17.3889
-8032,-9099,-9722,-9852,24.276
-8529,-9019,-8867,-9015,25.6275
-8426,-8236,-10079,-9844,37.3781
-7384,-8921,-9795,-10221,37.8362
-8115,-7727,-10020,-10298,39.7911
-8130,-8434,-9514,-10090,44.9301
-8166,-8916,-10164,-9301,48.1882
-8846,-8403,-9394,-8972,48.4353
-7651,-7678,-10070,-10362,58.9384
-8286,-7935,-10208,-9749,58.99
-7778,-8058,-10152,-10213,59.528
-7551,-7391,-8273,-10932,59.8276
-8751,-7498,-9559,-9706,64.7367
-7914,-7955,-10374,-10052,67.1678
-8249,-7544,-10462,-9747,78.0374
-7573,-8896,-11067,-9311,80.2066
-7530,-9145,-10625,-9893,84.2804
-8922,-7706,-9747,-9157,91.8396
-7659,-8442,-10252,-9989,94.3212
-8550,-7726,-9913,-9460,107.37
-8428,-8486,-10527,-9033,107.407
-8420,-7752,-10650,-9198,117.601
-7967,-8033,-11424,-9303,123.853
-8404,-8035,-10172,-9500,136.326
-8226,-8988,-9798,-9906,139.916
-8560,-8053,-10521,-9293,179.063
-7872,-8196,-11103,-9097,179.367
-7924,-8282,-10982,-9885,195.483
-7525,-7286,-8337,-10949,224.648
-8574,-8387,-10077,-8482,241.5
-8942,-7538,-8844,-9416,266.082
-6820,-8408,-11501,-8516,269.251
-8949,-8266,-10068,-8410,272.358
-7250,-9382,-10193,-9537,277.287
-6872,-8494,-11380,-9304,279.1
-8313,-8495,-10529,-9002,282.108
-7798,-7890,-9249,-10472,283.704
-8306,-7767,-9305,-10008,284.331
-8617,-8276,-9364,-9554,289.251
-8446,-8068,-9176,-10103,291.207
-8694,-8029,-9194,-9589,298.545
-8534,-8353,-9393,-9732,298.609
-8557,-7597,-9321,-9959,299.211
-6833,-7349,-9463,-10572,299.325
-8107,-8215,-8729,-10394,301.008
-7017,-8457,-8772,-10579,301.414
-7251,-7918,-9328,-10714,301.462
-8493,-8852,-9399,-9503,309.134
-7748,-7263,-8997,-10656,310.379
-7354,-8126,-8640,-10664,310.385
-7481,-8506,-8722,-10515,311.249
-7715,-7967,-9278,-10650,311.688
-8523,-7821,-9006,-10138,321.271
-8129,-8684,-8649,-10146,321.275
-8444,-7884,-8597,-10479,321.302
-8363,-8145,-9205,-10281,321.708
-8322,-8644,-9211,-10052,324.17
-8808,-7721,-8402,-9967,325.074
-7964,-7577,-10224,-9969,328.196
-7387,-7815,-9550,-10553,328.276
-7265,-8575,-10164,-10126,328.724
-7842,-8337,-10838,-9542,328.827
-6933,-8326,-10480,-10202,329.804
-8478,-8108,-10377,-8950,330.925
-8865,-8071,-9476,-8878,337.331
-7851,-7864,-9500,-10489,344.803
-8694,-7863,-9288,-9427,347.863
-8644,-8241,-9438,-9510,348.327
-8668,-8170,-9835,-9181,350.308
-8854,-8429,-9747,-8204,351.099
-8657,-7638,-9448,-9587,355.956
-8075,-8150,-10738,-9191,361.219
-8098,-7394,-10666,-9418,361.346
-7027,-8464,-11431,-9086,361.654
-7092,-8185,-11508,-8476,361.658
-7976,-8154,-11280,-8991,361.663
-8261,-8409,-10650,-8214,361.88
-8064,-7618,-10351,-9597,367.401
-7106,-7953,-10375,-10095,370.493
-6984,-8713,-10989,-9668,370.679
-7163,-8681,-9602,-10251,370.856
-7397,-8142,-10158,-10386,370.955
-7184,-8068,-10281,-10090,371.204
-7605,-8261,-9632,-10435,371.224
-7524,-8522,-10240,-10237,371.56
-7239,-8226,-11111,-9731,372.224
-7660,-8419,-10462,-10076,372.248
-7079,-8550,-11310,-9874,372.354
-7805,-8618,-10473,-9466,372.937
-6831,-8993,-11386,-9075,373.541
-8192,-8075,-10097,-9630,374.65
-8032,-8399,-10296,-9773,374.704
-8021,-7867,-9909,-10179,376.824
-7627,-8730,-9552,-10187,376.828
-7861,-8191,-10108,-10322,376.872
-7992,-7552,-9350,-10437,377.187
-8253,-8439,-9559,-10066,380.168
-9116,-7813,-9277,-8766,383.401
-8945,-7605,-9089,-9315,386.223
-8503,-8418,-10250,-9014,390.142
-8453,-8796,-10400,-9097,391.018
-9033,-7890,-9306,-8944,394.884
-8825,-7390,-8436,-9704,396.114
-8615,-8092,-8785,-9930,396.218
-7985,-8975,-9343,-9967,401.401
-8543,-8474,-9249,-9420,403.63
-8720,-8612,-9305,-8755,404.388
-7588,-7587,-9196,-10799,405.962
-8006,-7004,-8321,-10622,406.483
-7796,-7706,-8670,-10848,406.595
-7846,-7328,-8520,-10765,407.005
-8223,-7844,-9334,-10186,407.822
-8358,-8811,-8679,-9564,409.137
-9150,-6652,-7916,-9566,410.587
-9069,-6913,-8524,-9368,411.011
-9358,-7152,-8786,-8806,411.175
-8654,-7182,-8248,-10253,414.234
-8862,-7682,-9118,-9493,414.758
-8494,-7506,-8447,-10396,415.049
-8931,-7411,-7265,-10244,417.722
-7900,-8832,-10302,-9513,421.446
-8536,-8603,-9841,-8921,423.582
-8539,-8670,-10086,-8820,425.688
-8632,-9060,-8397,-8593,428.945
-7729,-8624,-10114,-10062,433.461
-9167,-7707,-9748,-8393,436.767
-8959,-7207,-8878,-9153,438.088
-8788,-6999,-8690,-9702,440.649
-8996,-7499,-9560,-8942,440.839
-9039,-8267,-8021,-8798,442.646
-6698,-9048,-11151,-8484,445.024
-8034,-8649,-10744,-8962,445.157
-8795,-7727,-9914,-8696,445.935
-8442,-8211,-10515,-8538,446.014
-8714,-7988,-10522,-8498,446.018
-8174,-8950,-10615,-9057,446.832
-8224,-8572,-10465,-8974,447.403
-8723,-8109,-10378,-8186,447.425
-8999,-7888,-9918,-8327,448.335
-6655,-9297,-10709,-9066,452.6
-7483,-9021,-10246,-10008,453.398
-7806,-8440,-10976,-9130,453.849
-8078,-8217,-10983,-9090,453.853
-7710,-8041,-10312,-9993,453.989
-7788,-8156,-10218,-9988,454.156
-7354,-9340,-10370,-9431,454.646
-7538,-9179,-11076,-9649,454.896
-7588,-8801,-10926,-9566,455.471
-8087,-8338,-10839,-8778,455.479
-8152,-7228,-9151,-10294,458.088
-7947,-9360,-9467,-9421,460.187
-8131,-9199,-10173,-9639,460.226
-8398,-8638,-9570,-9456,460.771
-8303,-8061,-9409,-9983,461.351
-8172,-8700,-10167,-9868,461.55
-8181,-8821,-10023,-9556,461.915
-8436,-8334,-10145,-9619,468.121
-8784,-8204,-8488,-10033,473.389
-8026,-8476,-9337,-10196,473.936
-8467,-8365,-9047,-10259,473.947
-8712,-8586,-8952,-9523,478.147
-8761,-8741,-8273,-9170,478.524
-6898,-6995,-8345,-10921,480.426
-7525,-7238,-7641,-11010,480.43
-8015,-7440,-8223,-10868,480.576
-8156,-6853,-7256,-10762,481.098
-9319,-6764,-7619,-9669,482.107
-9527,-7264,-8489,-8909,482.566
-8613,-7996,-8300,-10582,484.983
-8173,-7416,-7568,-10641,485.366
-8712,-7773,-7471,-10146,486.299
-8541,-8378,-8764,-10072,486.812
-8590,-8533,-8085,-9719,486.995
-9430,-6948,-7178,-9456,487.525
-9308,-7708,-7792,-9029,489.36
-7556,-7927,-9253,-10656,490.142
-7434,-8687,-9867,-10229,490.229
-8575,-8837,-9554,-8332,491.441
-8288,-9062,-9321,-9765,493.246
-8830,-8022,-9175,-9350,493.289
-8708,-8782,-9789,-8923,493.498
-8815,-8449,-9626,-8961,495.807
-9313,-7023,-7819,-9017,498.002
-8904,-8008,-8200,-10023,500.439
-9102,-8358,-8895,-8361,501.819
-8797,-7435,-8592,-9948,504.794
-9433,-7404,-8378,-8790,506.004
-8675,-8195,-9206,-9521,506.797
-8574,-7687,-10651,-8403,507.645
-8203,-8761,-10447,-9065,507.944
-8375,-8127,-10410,-9143,508.502
-8215,-8451,-10609,-9286,508.551
-9014,-7461,-9467,-8716,508.68
-8892,-8221,-10081,-8289,509.537
-9160,-8014,-9196,-8034,510.911
-8950,-8716,-9545,-8260,511.282
-8154,-7793,-9645,-10041,511.695
-8032,-8553,-10259,-9614,511.771
-8778,-8058,-9880,-8959,512.525
-8779,-8508,-9357,-8809,512.955
-6657,-7928,-9457,-10591,513.514
-7284,-8171,-8753,-10680,513.544
-7468,-9294,-9243,-9893,513.761
-7739,-8356,-10871,-9735,513.974
-7579,-8680,-11070,-9878,514.047
-8020,-8569,-10780,-9941,514.057
-7430,-8128,-9097,-10592,514.259
-8256,-8450,-10542,-8881,515.162
-8142,-8287,-10341,-9551,517.475
-8332,-8376,-9968,-9725,517.674
-8116,-9472,-9170,-9524,517.904
-8671,-8237,-10080,-9080,519.001
-8658,-8405,-8332,-9969,520.334
-9079,-7827,-8339,-9186,520.46
-8957,-8587,-8953,-8759,521.627
-8487,-8197,-8144,-10518,522.54
-9053,-7722,-8403,-9203,522.635
-8908,-7619,-8151,-9735,523.021
-8786,-8379,-8765,-9308,524.44
-8605,-8446,-9848,-9722,524.737
-8573,-7443,-8856,-10055,536.152
-9032,-7385,-8028,-9761,538.315
-8876,-7994,-9044,-9147,542.345
-8705,-7786,-8856,-9696,545.15
-8895,-7930,-9741,-8433,545.848
-9216,-6824,-8320,-9127,548.149
-8302,-7910,-10644,-8443,549.117
-8447,-7786,-10614,-8918,549.616
-8401,-8710,-10521,-8309,549.866
-7811,-8015,-11075,-9510,552.952
-6712,-8086,-10287,-10232,553.077
-7765,-8939,-10982,-8901,553.337
-7815,-8561,-10832,-8818,553.735
-6204,-8702,-11394,-9047,554.025
-7121,-7977,-9407,-10527,554.849
-8358,-8959,-10079,-8891,555.539
-8399,-8460,-10073,-9120,556.166
-7834,-8747,-8402,-10313,561.259
-8469,-9004,-8540,-9700,561.302
-8968,-8541,-8453,-8912,561.313
-9202,-8002,-9009,-9047,561.364
-9018,-8163,-8303,-8829,561.411
-8155,-8789,-8585,-10129,561.533
-9045,-7396,-8610,-9434,561.672
-8994,-7502,-8139,-9807,561.717
-8834,-7826,-8338,-9950,561.814
-7507,-8611,-8658,-10498,561.986
-8276,-8327,-8432,-10497,562.027
-7186,-8569,-8475,-10682,562.109
-6559,-8278,-8483,-10654,562.152
-8568,-8781,-7711,-9264,562.518
-8294,-8630,-10055,-9176,562.705
-8463,-8742,-9758,-9279,562.712
-8033,-9549,-9199,-9702,562.74
-7385,-9371,-9272,-10071,563.035
-7970,-9248,-8340,-9852,563.163
-8154,-9087,-9046,-10070,563.197
-8204,-8709,-8896,-9987,563.348
-8923,-8156,-9224,-9007,563.474
-8872,-8262,-8753,-9380,563.646
-8811,-8363,-8123,-9087,563.754
-8337,-9398,-8516,-9032,563.925
-8238,-7417,-8883,-10575,564.205
-8116,-8177,-9497,-10148,564.278
-7917,-7375,-8700,-10759,564.326
-7523,-8238,-8343,-10767,564.335
-7829,-6954,-7693,-10915,564.366
-7757,-7699,-8899,-10902,564.415
-7650,-8618,-8425,-10618,564.545
-8175,-7116,-8024,-10725,564.684
-7648,-6976,-7200,-11226,564.699
-7562,-8197,-7418,-10774,564.757
-7526,-7736,-7814,-10799,564.946
-8552,-7632,-8838,-10146,565.022
-8392,-7956,-9037,-10289,565.061
-8283,-7233,-7338,-10613,565.103
-8874,-7188,-8422,-9983,565.142
-8752,-7948,-9036,-9556,565.181
-8794,-8266,-8020,-9562,565.358
-9028,-7727,-8576,-9697,565.461
-8298,-8796,-8352,-10249,566.006
-8797,-8333,-8265,-9461,566.016
-8823,-7294,-7951,-10356,566.049
-8296,-7154,-7127,-10857,566.138
-9031,-7794,-8821,-9596,566.215
-8663,-7618,-8150,-10499,566.327
-8397,-8573,-7523,-9813,566.563
-8701,-8054,-8565,-9929,566.647
-9076,-7610,-7276,-9634,567.064
-8955,-8072,-7429,-9266,567.156
-9082,-7007,-7878,-9678,567.313
-8905,-8450,-7579,-9349,567.369
-9139,-7911,-8135,-9484,567.428
-9335,-7643,-8138,-8926,567.501
-8809,-8171,-7879,-9817,567.843
-7874,-8345,-9950,-10269,568.303
-8827,-7955,-8930,-9451,568.711
-8851,-8616,-9094,-8473,568.751
-8705,-8715,-9544,-9024,568.946
-7932,-8082,-8194,-10551,569.58
-8522,-8523,-9877,-9900,569.791
-8880,-7644,-9025,-9267,569.976
-8758,-8404,-9639,-8840,570.028
-8938,-8139,-8489,-9238,570.374
-8816,-8899,-9103,-8811,570.781
-8656,-7747,-8742,-10000,570.947
-8534,-8507,-9356,-9573,570.995
-9351,-7459,-8234,-8447,571.596
-8020,-7976,-9203,-10592,571.693
-7898,-8736,-9817,-10165,571.779
-8070,-7598,-9053,-10509,571.913
-7948,-8358,-9667,-10082,572.052
-8645,-8691,-8915,-9360,572.618
-8603,-8821,-8982,-9149,572.643
-8864,-7902,-9838,-8623,572.652
-8704,-8226,-10037,-8766,572.671
-9336,-7819,-9451,-8496,572.673
-8561,-8503,-9998,-9143,572.813
-8167,-9366,-9641,-9151,572.849
-8261,-9070,-10046,-7885,572.863
-9006,-8079,-9195,-8829,572.932
-9128,-7319,-8581,-9256,573.243
-8372,-7234,-9325,-10024,573.589
-8432,-8613,-8794,-9698,573.693
-8957,-7111,-8393,-9805,573.714
-9165,-7611,-9263,-9045,573.744
-9065,-7228,-7707,-9693,573.959
-9273,-7728,-8577,-8933,574.164
-8835,-7871,-9007,-9378,574.388
-8943,-7988,-8321,-9266,574.509
-8271,-7882,-10741,-8633,574.702
-8111,-8206,-10940,-8776,574.705
-8743,-7799,-10354,-8506,574.709
-7734,-9022,-10345,-9018,574.749
-7835,-8427,-11400,-8635,574.775
-8004,-8539,-11103,-8738,574.782
-7574,-9346,-10544,-9161,574.812
-7668,-9050,-10949,-7895,574.834
-8750,-8044,-10724,-8083,575.092
-8656,-8340,-10319,-9349,575.095
-8489,-8963,-9868,-8609,575.145
-8343,-9062,-10318,-9160,575.306
-8793,-8812,-9185,-7939,575.778
-9000,-8338,-9395,-8177,576.247
-8047,-7972,-9845,-10162,576.864
-7653,-8835,-9488,-10170,576.885
-7925,-8732,-10459,-9735,576.955
-7531,-9595,-10102,-9743,576.984
-7625,-9299,-10507,-8477,577.016
-7332,-8793,-9305,-10354,577.082
-7566,-8254,-9861,-10489,577.11
-7774,-8373,-9335,-10538,577.191
-6826,-8040,-9160,-10694,577.249
-7824,-7995,-9185,-10455,577.348
-7652,-9133,-9949,-10111,577.419
-7702,-8755,-9799,-10028,577.486
-7829,-8531,-10165,-10179,577.578
-8114,-8273,-11185,-8675,577.62
-7853,-9192,-10329,-9201,577.665
-7879,-8153,-10015,-10096,577.711
-7707,-9291,-10779,-9752,577.967
-6506,-9427,-10800,-8501,577.995
-7757,-8913,-10629,-9669,578.281
-8068,-8455,-10498,-9358,578.614
-8700,-8048,-9912,-9088,578.616
-7796,-8842,-9255,-10290,578.862
-7846,-8464,-9105,-10207,578.933
-8321,-7340,-8854,-10397,578.983
-7794,-7200,-8030,-10898,578.992
-7894,-8177,-9047,-10528,579.464
-7917,-8036,-9904,-10050,579.532
-8606,-8888,-9227,-9048,579.59
-8422,-8551,-9262,-10169,579.615
-8632,-7849,-8913,-9943,579.657
-8510,-8609,-9527,-9516,579.708
-8300,-9311,-9876,-9742,579.75
-8399,-9088,-9047,-9306,580.085
-8472,-8173,-9112,-10086,580.163
-8208,-8756,-10369,-9453,580.226
-8840,-8349,-9783,-9183,580.279
-8446,-9212,-9426,-9191,580.39
-8350,-8933,-9726,-9659,580.473
-9239,-7503,-8140,-9043,580.85
-8885,-8165,-8238,-9221,580.874
-8714,-9005,-8541,-8936,581.026
-8984,-8522,-9299,-8656,581.157
-8681,-8264,-9189,-9491,581.256
-8841,-7940,-8990,-9348,581.29
-9117,-8263,-8754,-8616,581.382
-8654,-8782,-9043,-8989,581.468
-9068,-7295,-7952,-9592,581.673
-9222,-7834,-8106,-9306,581.7
-8720,-7354,-8652,-9814,581.877
-8543,-8797,-8353,-9485,581.955
-8813,-8314,-9111,-9205,582.037
-8510,-8056,-9001,-10040,582.118
-8670,-7732,-8802,-9897,582.152
-8946,-8055,-8566,-9165,582.257
-8205,-8686,-9106,-10074,582.418
-8713,-8563,-9162,-9610,582.505
-8542,-8355,-8974,-10159,582.732
-8576,-8486,-9263,-9374,582.77
-8095,-8489,-10462,-9078,583.024
-8727,-8082,-9876,-8808,583.177
-8270,-9407,-9171,-8729,583.29
-8504,-8868,-9727,-8864,583.312
-8454,-9246,-9877,-8947,583.537
-8068,-8208,-8958,-10448,583.881
-8863,-8141,-8897,-9692,583.903
-8703,-8465,-9096,-9835,583.933
-8519,-8626,-8390,-9617,583.986
-8549,-7926,-8942,-10121,584.029
-8381,-8583,-7533,-9856,584.141
-7961,-9127,-8484,-10164,584.2
-7420,-8030,-9031,-10817,584.363
-7959,-7485,-7259,-10772,584.439
-7917,-7486,-7092,-10754,584.446
-7786,-8125,-7850,-10639,584.472
-8055,-8287,-9169,-10204,584.496
-8962,-7918,-8068,-9256,584.584
-8802,-8242,-8267,-9399,584.591
-7788,-9392,-9492,-9081,584.674
-8427,-8686,-9556,-9694,584.693
-8385,-8687,-9389,-9676,584.704
-7210,-8369,-8638,-10546,584.924
-9150,-7916,-9130,-8259,585.091
-8731,-8535,-8873,-9024,585.187
-8259,-9343,-8147,-9429,585.22
-8486,-9103,-8053,-8681,585.248
-8571,-8859,-9072,-9167,585.3
-7967,-6997,-8550,-10676,585.403
-8044,-7755,-8782,-10610,585.438
-7333,-7776,-7252,-10893,585.46
-7517,-7615,-7958,-11111,585.468
-7884,-8079,-8981,-10753,585.524
-8025,-7492,-8014,-10647,585.656
-9188,-7403,-8377,-9554,585.777
-9238,-7025,-8227,-9471,585.817
-8692,-7933,-8709,-10241,586.088
-8210,-8375,-7345,-10405,586.121
-8165,-7793,-7885,-10742,586.143
-8532,-8257,-8908,-10384,586.177
-8423,-7534,-7209,-10708,586.276
-8250,-8174,-7800,-10575,586.296
-8301,-8294,-7823,-10281,586.318
-8088,-9135,-7959,-9978,586.336
-8400,-8651,-8884,-9716,586.371
-8968,-7349,-7507,-9885,586.422
-9349,-7209,-7786,-9258,586.445
-9385,-7265,-7988,-8843,586.48
-8808,-7673,-7706,-10028,586.503
-9299,-7587,-7936,-9341,586.559
-9257,-7588,-7769,-9323,586.627
-8836,-8106,-8225,-9714,586.687
-9036,-7931,-7785,-9069,586.73
-7870,-8722,-10661,-9289,586.886
-8506,-8493,-10200,-8697,587.169
-8080,-8764,-8968,-10234,587.777
-8659,-8995,-8743,-8490,588.002
-9378,-7394,-8580,-8344,588.411
-8997,-7958,-9339,-9141,588.878
-8837,-8282,-9538,-9284,588.889
-9047,-7580,-9189,-9058,588.904
-7922,-9209,-9934,-8530,588.952
-8655,-8207,-10403,-7877,588.968
-8698,-8975,-8864,-7733,589.07
-8865,-8352,-9315,-8473,589.141
-8683,-7743,-9384,-9570,589.188
-8826,-7750,-9151,-9690,589.296
-8666,-8074,-9350,-9833,589.317
-8876,-7372,-9001,-9607,589.332
-8970,-7923,-8667,-9163,589.488
-8934,-7867,-8465,-9578,589.502
-8244,-8262,-10441,-9294,589.595
-8090,-7723,-10287,-9580,589.618
-7329,-9189,-10837,-8540,589.626
-7828,-8726,-10750,-7752,589.629
-7563,-8650,-11393,-8675,589.652
-7968,-8483,-10901,-9153,589.654
-8062,-8187,-11306,-7887,589.661
-7801,-9106,-10450,-8413,589.723
-8411,-8183,-10612,-8728,589.817
-8251,-8507,-10811,-8871,589.845
-8883,-8100,-10225,-8601,589.849
-7940,-9441,-9363,-8983,589.956
-8751,-8494,-10201,-7933,590.088
-9018,-7837,-9839,-7828,590.21
-9187,-7949,-9542,-7931,590.213
-9027,-8273,-9741,-8074,590.267
-8991,-8217,-9539,-8489,590.28
-8610,-8357,-9260,-9116,590.352
-8073,-8054,-10253,-9843,590.448
-8856,-8065,-9553,-8623,590.528
-7286,-9438,-10395,-9122,590.615
-8019,-8436,-10864,-8469,590.636
-7758,-9355,-10008,-8995,590.677
-7459,-9173,-9387,-10205,590.752
-7693,-8634,-9943,-10340,590.793
-7514,-9331,-10217,-9846,590.886
-7775,-8412,-11073,-9320,590.892
-7615,-8736,-11272,-9463,590.92
-8247,-8329,-10686,-9193,590.922
-6839,-8466,-10369,-10083,591.075
-6639,-9483,-10301,-9019,591.119
-6675,-9539,-10503,-8604,591.127
-7440,-9373,-10396,-8327,591.156
-7382,-9725,-10193,-9178,591.195
-8115,-8723,-10662,-8525,591.301
-8201,-8511,-9999,-9876,591.457
-8190,-7979,-9612,-10282,591.531
-8030,-8303,-9811,-10425,591.541
-8240,-7601,-9462,-10199,591.547
-7663,-7839,-8788,-10783,591.57
-7921,-7580,-8112,-10749,591.614
-7748,-8220,-8703,-10616,591.631
-7803,-8378,-9533,-10257,591.723
-8107,-9351,-9314,-9836,591.749
-7932,-8349,-8680,-10311,591.776
-8033,-9393,-9493,-8317,591.83
-8124,-9450,-8827,-8817,591.831
-7975,-9745,-9290,-9168,591.846
-8341,-8812,-9870,-9971,592.03
-8440,-8589,-9041,-9535,592.074
-8764,-8627,-8391,-8853,592.258
-9108,-8142,-8898,-8928,592.312
-8948,-8466,-9097,-9071,592.331
-9144,-8198,-9100,-8513,592.374
-8906,-8467,-8930,-9053,592.409
-8567,-8606,-8818,-9698,592.437
-8618,-8726,-8841,-9404,592.499
-8937,-7934,-8710,-9477,592.615
-8777,-8258,-8909,-9620,592.626
-8973,-7990,-8912,-9062,592.641
-8735,-8259,-8742,-9602,592.668
-8396,-8398,-8630,-10247,592.696
-9081,-8107,-8226,-8950,592.737
-8447,-8518,-8653,-9953,592.771
-8297,-9342,-9517,-8626,592.879
-8721,-8541,-8819,-8903,592.92
-8453,-8748,-9704,-9158,592.941
-8023,-8830,-10258,-9303,592.998
-8228,-8545,-9963,-9596,593.006
-8522,-8367,-10171,-8515,593.06
-8464,-8719,-9968,-9366,593.092
-8913,-7763,-8747,-9609,593.367
-7980,-7787,-7951,-10604,593.434
-8195,-8588,-9040,-10299,593.524
-7873,-8706,-7477,-10320,593.552
-7209,-7919,-9161,-10696,593.574
-7332,-7609,-8024,-10973,593.599
-7828,-8124,-8017,-10657,593.626
-8463,-8381,-8155,-10044,593.67
-7751,-9466,-8091,-9893,593.828
-8651,-8379,-9217,-9047,593.883
-8528,-9102,-8220,-8699,593.927
-8564,-9158,-8422,-8284,593.938
-8762,-8563,-8776,-8834,593.95
-8493,-8804,-8703,-9564,593.974
-7966,-7640,-8876,-10615,593.995
-7844,-8400,-9490,-10188,594.01
-7599,-7176,-7853,-10973,594.027
-7291,-7777,-7085,-10875,594.073
-7306,-7504,-8088,-10990,594.087
-7475,-7616,-7791,-11093,594.096
-7673,-7968,-9111,-10632,594.136
-7567,-7237,-7808,-11028,594.146
-7796,-7658,-7974,-10909,594.167
-7674,-8418,-8588,-10482,594.192
-9369,-6741,-7443,-8980,594.265
-9570,-6552,-7472,-8473,594.269
-9100,-6982,-7370,-9710,594.28
-9262,-7053,-8174,-9023,594.318
-9620,-6174,-7322,-8390,594.333
-9448,-7312,-8086,-8046,594.375
-7954,-7682,-8015,-10621,594.404
-8123,-7794,-7718,-10724,594.413
-8321,-8146,-9038,-10263,594.425
-8215,-7415,-7735,-10659,594.435
-8742,-7555,-8559,-10158,594.449
-8381,-7535,-7042,-10690,594.507
-8292,-8173,-7967,-10593,594.524
-8322,-8596,-8515,-10113,594.57
-9010,-7348,-7674,-9903,594.584
-9211,-7159,-7703,-9396,594.599
-9307,-7210,-7619,-9240,594.619
-8850,-7672,-7873,-10046,594.634
-8800,-8050,-8023,-10129,594.693
-8758,-8051,-7856,-10111,594.714
-8289,-8726,-9991,-9183,595.923
-8662,-8919,-8662,-8148,595.999
-9257,-7867,-9048,-7633,596.022
-9097,-8191,-9247,-7776,596.038
-8892,-7868,-8298,-9560,596.267
-8384,-8563,-10312,-9389,596.543
-8672,-7989,-10355,-8480,596.548
-8018,-9496,-9732,-8586,596.675
-8577,-8388,-9916,-8486,596.713
-8479,-8717,-10194,-7973,596.747
-9151,-7893,-9340,-8346,596.813
-9109,-7894,-9173,-8328,596.819
-8949,-8218,-9372,-8471,596.867
-8652,-8356,-9427,-9134,596.907
-8853,-8167,-9456,-8627,596.911
-7653,-8955,-10452,-9775,597.106
-6824,-9409,-10412,-9169,597.174
-7371,-8752,-8380,-10361,597.252
-7326,-8170,-8920,-10698,597.266
-7482,-8523,-10073,-10219,597.273
-7249,-9512,-8994,-9934,597.307
-7748,-8792,-10773,-9981,597.356
-8036,-8218,-10816,-9072,597.361
-7008,-8578,-10072,-10186,597.486
-7508,-8708,-9832,-10190,597.491
-6428,-9372,-10431,-8898,597.553
-7573,-9429,-9897,-8845,597.584
-7774,-9240,-9926,-8338,597.587
-7304,-9670,-9824,-9575,597.631
-7843,-8946,-10655,-8565,597.708
-7819,-8192,-9941,-10304,597.886
-7621,-7840,-8621,-10765,597.925
-8102,-7558,-8605,-10438,597.951
-7790,-8219,-8870,-10634,597.99
-7845,-8377,-9700,-10275,598.061
-7974,-8348,-8847,-10329,598.108
-8166,-9449,-8994,-8835,598.133
-8367,-9260,-9023,-8328,598.137
-7897,-9690,-8921,-9565,598.176
-8369,-8882,-9647,-9160,598.219
-8101,-8728,-8929,-10180,598.246
-8551,-8110,-9521,-9745,598.264
-8130,-8701,-10000,-9850,598.287
-8400,-8910,-9550,-8970,598.363
-9066,-8143,-8731,-8910,598.526
-8609,-8605,-8985,-9716,598.553
-8810,-8416,-9014,-9209,598.56
-8895,-7935,-8543,-9459,598.682
-8438,-8397,-8797,-10265,598.696
-9003,-8052,-7857,-9347,598.721
-8906,-7856,-9551,-8443,598.782
-8495,-8747,-9871,-9176,598.863
-8531,-8803,-10073,-8761,598.873
-8655,-8423,-9672,-9033,598.964
-8856,-8234,-9701,-8526,598.974
-8386,-8664,-9599,-9763,599.003
-7984,-8477,-9170,-10178,599.266
-8523,-9274,-8324,-8372,599.472
-7099,-7046,-8093,-10969,599.54
-8766,-7583,-8506,-9710,599.75
-6934,-8776,-9957,-10052,600.037
-8173,-8452,-10442,-9268,601.083
-8211,-9073,-10190,-8809,601.26
-7537,-8681,-10903,-9860,601.585
-6881,-8198,-9990,-10335,601.647
-7297,-8597,-9962,-10069,601.674
-7466,-8709,-9665,-10172,601.678
-7575,-9302,-10651,-9401,601.871
-7785,-8391,-8974,-10307,601.954
-8328,-8998,-9549,-9248,602.106
-8490,-8919,-9975,-8849,602.516
-7945,-8775,-9889,-9700,602.53
-7941,-9397,-9470,-9223,602.661
-8019,-9452,-9839,-8826,602.669
-8337,-9015,-8412,-9349,602.704
-8458,-8553,-8259,-9717,602.764
-9056,-7414,-8249,-9203,602.966
-8287,-8345,-8071,-10266,603.022
-8566,-9025,-8766,-7790,603.232
-8949,-8157,-8128,-9007,603.566
-9051,-8228,-9123,-7813,603.663
-8210,-8623,-10713,-8959,603.905
-8204,-9372,-9540,-7926,603.954
-8465,-8453,-10396,-7400,603.99
-8305,-8777,-10595,-7543,604.012
-7568,-9601,-10001,-8518,604.333
-7829,-8682,-10857,-7992,604.366
-7735,-8978,-10452,-9258,604.374
-8327,-8548,-10072,-9398,604.536
-8161,-9621,-9098,-8508,604.563
-8604,-8777,-9089,-9389,604.757
-8823,-8879,-8757,-7443,604.786
-8433,-8569,-8901,-9938,604.827
-8018,-9002,-10362,-8976,604.904
-9046,-7404,-7876,-9488,605.305
-7646,-8714,-11081,-8233,605.953
-8145,-8251,-10994,-7445,605.963
-8598,-8509,-9897,-7918,606.067
-8562,-8781,-9882,-7531,606.103
-7609,-9485,-10099,-8430,606.365
-7776,-8862,-10550,-9170,606.406
-7926,-9010,-10343,-8123,606.434
-8202,-9505,-9196,-8420,606.547
-8645,-8661,-9187,-9301,606.708
-8799,-8596,-9188,-8506,606.804
-8192,-8942,-9961,-9406,606.832
-8691,-8479,-9874,-8618,606.847
-8329,-9276,-9433,-7636,606.876
-8004,-9710,-8847,-7062,606.881
-7067,-7107,-8048,-11024,607.003
-6700,-9315,-9401,-9917,607.098
-7080,-9000,-10787,-9724,607.673
-7290,-8089,-9110,-10630,607.69
-9041,-8359,-8467,-7834,607.999
-9366,-7621,-7947,-7696,608.05
-9175,-8176,-8909,-7283,608.303
-9015,-8500,-9108,-7426,608.306
-8227,-7942,-11133,-7795,608.363
-6389,-7849,-11512,-7930,608.364
-8576,-7938,-10439,-8636,608.375
-8328,-9320,-9326,-7396,608.399
-8475,-8360,-10318,-7778,608.422
-7940,-8167,-10900,-9228,608.495
-6835,-8843,-11080,-9103,608.523
-7692,-9549,-9787,-7988,608.53
-7839,-8589,-10779,-8370,608.557
-8285,-9569,-8884,-7978,608.603
-8519,-9030,-9440,-8113,608.645
-8728,-8725,-8875,-8859,608.666
-9374,-7469,-7565,-8282,608.681
-8774,-8543,-9562,-8176,608.732
-7747,-9508,-9394,-9169,608.764
-8076,-8806,-10271,-9510,608.859
-9564,-6695,-7709,-7216,608.928
-7288,-9305,-10739,-8628,608.941
-7522,-8766,-11295,-8763,608.947
-8021,-8303,-11208,-7975,608.949
-8438,-8833,-10096,-8061,608.992
-9055,-7960,-9414,-7580,608.996
-7245,-9554,-10297,-9210,609.008
-7399,-9489,-10298,-8415,609.04
-6397,-9771,-9664,-8426,609.047
-7633,-8950,-10854,-8550,609.066
-7802,-9062,-10557,-8653,609.07
-7992,-9509,-9395,-8405,609.097
-8699,-8931,-8971,-7973,609.139
