obj0,obj1,obj2,cpu
-19105,-19567,-18743,38.0909
-19367,-19284,-18743,63.4971
-18700,-19925,-19303,79.5561
-19865,-18994,-17924,97.6406
-19603,-19277,-17924,97.6493
-19565,-19533,-17974,98.066
-19827,-19250,-17974,98.0743
-19139,-19537,-18640,109.06
-19401,-19254,-18640,109.077
-19277,-19082,-18786,119.505
-19539,-18799,-18786,119.51
-19674,-18679,-19023,119.733
-18613,-19931,-18747,128.984
-19204,-19186,-18746,135.243
-19088,-19463,-18772,135.777
-18953,-19879,-18600,136.863
-19024,-20133,-17402,136.981
-18962,-19642,-19303,146.126
-18132,-19324,-19409,146.133
-19160,-19891,-18534,146.224
-19114,-18984,-18789,146.378
-17893,-17656,-19797,148.477
-19720,-18248,-18477,161.984
-18934,-19921,-18335,162.017
-20009,-17994,-18228,162.485
-19942,-18547,-18058,162.744
-19923,-18465,-18308,162.938
-18937,-20139,-16846,164.541
-19122,-19433,-18669,166.203
-17833,-19660,-19901,175.716
-18875,-19648,-18747,180.098
-19451,-19589,-17781,187.092
-18376,-18847,-19487,192.182
-19376,-18701,-18789,192.47
-19451,-18929,-18665,200.02
-19198,-19635,-18484,200.024
-19460,-19352,-18484,200.05
-19432,-19631,-17516,202.76
-19690,-19476,-17569,202.792
-18819,-20019,-17980,207.363
-19286,-18853,-18889,208.895
-19260,-18978,-18815,209.411
-19125,-19394,-18643,210.392
-17319,-20210,-18966,211.064
-19105,-19904,-18140,217.741
-19428,-19759,-17569,217.808
-19740,-19256,-17418,217.929
-19603,-19614,-17321,217.939
-19664,-19152,-17977,218.099
-19548,-19429,-18003,218.217
-19413,-19845,-17831,218.537
-19286,-19850,-17402,218.542
-19326,-19851,-17275,218.848
-18634,-18692,-19540,223.342
-18573,-19930,-18874,223.352
-18700,-20262,-18700,223.429
-19422,-19608,-18534,223.452
-19007,-19032,-18918,223.848
-18355,-18871,-19569,223.855
-18711,-19673,-18711,224.496
-19171,-19639,-17942,224.618
-18220,-19287,-19397,224.64
-17352,-18846,-19948,225.742
-17444,-19948,-19472,225.785
-18186,-18624,-19635,225.955
-18217,-20462,-18139,226.746
-17834,-18884,-19750,227.494
-18613,-20268,-18144,228
-19335,-19614,-17978,228.021
-18187,-20272,-18810,228.263
-19700,-19003,-18615,229.069
-19198,-19972,-17881,229.09
-18968,-20130,-17735,231.14
-18918,-20164,-17699,231.142
-18509,-20687,-17380,231.156
-20015,-18182,-17633,231.367
-19195,-18763,-18927,231.374
-18863,-19996,-17952,231.69
-19622,-19572,-17586,232.11
-17738,-20546,-18043,232.643
-17885,-20712,-17699,232.993
-19002,-20100,-17632,234.674
-18563,-20422,-17167,234.676
-18952,-20134,-17596,234.71
-18953,-19219,-19484,235.867
-18385,-18618,-19590,235.885
-18471,-18594,-19543,236.065
-19269,-18749,-18918,236.225
-19311,-18838,-18856,236.229
-18106,-18797,-19619,236.231
-19431,-18961,-18620,236.307
-19108,-18621,-19025,236.448
-17652,-20523,-18292,237.074
-18146,-20208,-19337,237.613
-17757,-20496,-18908,237.619
-17667,-20613,-18260,237.973
-17670,-20502,-18352,239.167
-18738,-20006,-18650,240.123
-18772,-19976,-18547,240.519
-18529,-20452,-17270,241.131
-18771,-20404,-17380,241.188
-19716,-18480,-18296,241.334
-18934,-20156,-16720,241.595
-17975,-20735,-17304,242.826
-18427,-18707,-19528,243.133
-19413,-19185,-18715,243.235
-18148,-18886,-19557,243.356
-18094,-20494,-17765,243.716
-18019,-20213,-18908,244.075
-17668,-20498,-18431,244.17
-17929,-20330,-18260,244.218
-19241,-19897,-17657,244.897
-19523,-19042,-18150,244.923
-18781,-19931,-18426,245.154
-18761,-20145,-17723,245.423
-19156,-20017,-16837,245.65
-18255,-20316,-18501,245.767
-17374,-20700,-17821,245.785
-18470,-20416,-17436,245.939
-18123,-18901,-19590,246.629
-18183,-20492,-18242,246.687
-18152,-18654,-19738,246.871
-18096,-20498,-17686,247.651
-17993,-20493,-17899,247.879
-17567,-20497,-18565,248.027
-19788,-18881,-18136,248.276
-18436,-20446,-17539,248.293
-18372,-18975,-19540,249.184
-18102,-18687,-19701,249.355
-17891,-20470,-18279,250.575
-17804,-20876,-17738,250.605
-17717,-20882,-17182,250.835
-17739,-19785,-19623,251.433
-17032,-20748,-18047,251.546
-17549,-20518,-18505,251.586
-19650,-19036,-18578,251.877
-17500,-20668,-17914,251.988
-18620,-20310,-17704,252.046
-18269,-20507,-17498,252.36
-18255,-18186,-19712,252.49
-19302,-18415,-19037,252.552
-19099,-18198,-19206,252.596
-17842,-19790,-19410,252.716
-18253,-19989,-19359,252.752
-18137,-19173,-19529,252.87
-18066,-20593,-17738,253.366
-16387,-20912,-16560,253.51
-17903,-18580,-19788,253.667
-18938,-20115,-17838,253.76
-18443,-20434,-17706,254.125
-17780,-20635,-17981,254.386
-17945,-18669,-19726,254.673
-17904,-19649,-19425,254.796
-17030,-18146,-20007,254.967
-19493,-19018,-18603,255.024
-19640,-19509,-17532,255.135
-19959,-18027,-18191,255.156
-19837,-17473,-18412,255.166
-19892,-18580,-18021,255.187
-19873,-18498,-18271,255.189
-18584,-18725,-19503,255.449
-18222,-18520,-19593,255.491
-18462,-18171,-19724,255.501
-18170,-19320,-19360,255.63
-18136,-18657,-19598,255.698
-18344,-19158,-19541,255.752
-18877,-20122,-17802,255.915
-19787,-17506,-18375,255.939
-19738,-18914,-18099,255.967
-19004,-19055,-18962,256.18
-18412,-18204,-19687,256.222
-18087,-19393,-19680,256.346
-18111,-19634,-19437,256.351
-18995,-19192,-18973,256.424
-18037,-19426,-19643,256.963
-18785,-20049,-18083,257.133
-18785,-20386,-17480,257.151
-19245,-20015,-17314,257.155
-19507,-19732,-17314,257.158
-19118,-20020,-16885,257.16
-19029,-20022,-16408,257.248
-18819,-20356,-17377,257.324
-18359,-20390,-18146,257.356
-17908,-20457,-18502,257.504
-17391,-20687,-18044,257.506
-17288,-20682,-18257,257.587
-19517,-19259,-18360,257.642
-18365,-20342,-17713,257.66
-19094,-18999,-19294,258.224
-18966,-18912,-19374,258.367
-19730,-17667,-18485,259.197
-19054,-19021,-18998,259.26
-19488,-18123,-19042,259.275
-19235,-17939,-19174,259.281
-19285,-17906,-19211,259.283
-18282,-19337,-19316,259.284
-18332,-19304,-19353,259.286
-19107,-18692,-19184,259.313
-16226,-20928,-15572,259.52
-16491,-20893,-17339,259.58
-16404,-20899,-16783,259.589
-16313,-20922,-16128,259.798
