depth,nbNodes,nbInfeas,avgFacet,avgVertex,minFacet,minVertex,maxFacet,maxVertex,cpuUpdatePoly,cpuDepth,avgFeasVtx,avgNewFacets,avgVtxNoRay
0,1,0,44,54,44,54,44,54,0.0028375,0.0170703,0,44,11
1,2,1,22,54,44,54,44,54,0.0024253,0.0128462,0,44,11
2,2,0,42,103,40,44,44,49,0.0036713,0.0220849,0,42,10
3,4,0,34.5,164,27,27,42,42,0.0066832,0.0393824,0,34,8
4,8,0,29.5,280,23,23,41,41,0.0085838,0.0603698,0,29,6
5,16,0,22.875,430,13,13,38,38,0.0113393,0.0954748,0,22,5
6,32,0,17.6875,654,9,9,36,36,0.0144699,0.140318,0,17,3
7,60,0,14.5667,1032,5,5,40,40,0.0153051,0.198343,0,14,3
8,100,0,11.7,1400,5,5,40,40,0.0169454,0.273116,0,11,2
9,70,0,13.0857,1090,9,9,26,26,0.0119655,0.21542,0,13,2
10,116,30,9.44828,1320,9,9,26,26,0.014542,0.265431,0,12,2
11,164,8,12.2683,2428,9,9,26,26,0.0271198,0.485372,0,12,2
12,284,51,10.1655,3496,5,5,26,26,0.0368826,0.712617,0,12,2
13,412,55,10.2913,5139,5,5,26,26,0.0520926,1.03535,0,11,2
14,610,79,9.97213,7367,5,5,26,26,0.0707083,1.47435,0,11,2
15,862,108,9.71694,10147,5,5,26,26,0.0949567,2.04031,0,11,2
16,1132,135,9.35424,12834,5,5,21,21,0.113359,2.55863,0,10,2
17,1422,150,9.22785,15921,5,5,21,21,0.133075,3.15462,0,10,2
18,1700,179,9.01471,18605,5,5,21,21,0.156766,3.69139,0,10,2
19,1914,169,8.79572,20447,5,5,21,21,0.162967,3.84654,0,9,2
20,2000,140,8.583,20844,5,5,21,21,0.15491,3.87856,0,9,2
21,2038,106,8.44357,20880,5,5,21,21,0.16913,4.12016,0,8,1
22,2052,80,8.30799,20670,5,5,21,21,0.139485,3.81156,0,8,1
23,2022,65,8.13699,19933,5,5,21,21,0.130309,3.65871,0,8,1
24,1994,50,8.03009,19385,5,5,21,21,0.119591,3.54395,0,8,1
25,1926,37,7.93198,18480,5,5,21,21,0.116638,3.46076,0,8,1
26,1830,31,7.85956,17385,5,5,21,21,0.107402,3.24992,0,7,1
27,1762,28,7.77185,16540,5,5,21,21,0.096517,3.04268,0,7,1
28,1676,27,7.67124,15515,5,5,21,21,0.088623,3.02762,0,7,1
29,1634,25,7.66279,15105,5,5,21,21,0.0863915,2.95292,0,7,1
30,1568,24,7.58673,14340,5,5,21,21,0.0784059,2.8043,0,7,1
31,1508,21,7.55371,13723,5,5,21,21,0.0762403,2.69662,0,7,1
32,1456,21,7.48558,13121,5,5,21,21,0.0719166,2.60474,0,7,1
33,1410,19,7.47447,12682,5,5,21,21,0.067076,2.51617,0,7,1
34,1350,17,7.43481,12075,5,5,21,21,0.0633809,2.42348,0,7,1
35,1290,16,7.35039,11411,5,5,21,21,0.0579649,2.28384,0,7,1
36,1244,13,7.3127,10951,5,5,21,21,0.0535117,2.18228,0,7,1
37,1186,11,7.28078,10404,5,5,21,21,0.049946,2.08184,0,7,1
38,1120,9,7.23304,9769,5,5,17,17,0.0456811,1.95761,0,7,1
39,1074,7,7.22067,9358,5,5,17,17,0.0434794,1.8924,0,7,1
40,1028,5,7.20525,8940,5,5,17,17,0.0429539,1.83711,0,7,1
41,974,1,7.23306,8506,5,5,17,17,0.0393161,1.73443,0,7,1
42,928,0,7.25647,8130,5,5,17,17,0.0387584,1.64131,0,7,1
43,888,0,7.26802,7790,5,5,17,17,0.0364956,1.57896,0,7,1
44,846,0,7.27187,7423,5,5,17,17,0.0360285,1.51066,0,7,1
45,802,0,7.26683,7029,5,5,17,17,0.0344883,1.44852,0,7,1
46,754,0,7.29443,6631,5,5,17,17,0.034224,1.3711,0,7,1
47,706,0,7.31445,6223,5,5,17,17,0.0313601,1.27802,0,7,1
48,658,0,7.28875,5775,5,5,17,17,0.0284823,1.20101,0,7,1
49,612,0,7.27124,5354,5,5,17,17,0.0257693,1.1087,0,7,1
50,562,0,7.27402,4914,5,5,17,17,0.0234846,1.01507,0,7,1
51,502,0,7.30677,4404,5,5,17,17,0.0228168,0.918903,0,7,1
52,462,0,7.34199,4069,5,5,17,17,0.0213613,0.839897,0,7,1
53,436,0,7.37156,3853,5,5,17,17,0.0201759,0.801523,0,7,1
54,406,0,7.39901,3598,5,5,17,17,0.0186064,0.760332,0,7,1
55,376,0,7.43085,3343,5,5,17,17,0.0184501,0.703736,0,7,1
56,356,0,7.44382,3168,5,5,17,17,0.0174243,0.675781,0,7,1
57,326,0,7.43558,2899,5,5,17,17,0.0149664,0.608686,0,7,1
58,298,0,7.48993,2669,5,5,17,17,0.0135155,0.557559,0,7,1
59,270,0,7.4963,2425,5,5,17,17,0.012744,0.512977,0,7,1
60,238,0,7.44538,2130,5,5,17,17,0.0105018,0.437711,0,7,1
61,218,0,7.46789,1961,5,5,17,17,0.0099864,0.399159,0,7,1
62,202,0,7.53465,1834,5,5,17,17,0.0102981,0.374614,0,7,1
63,188,0,7.59574,1720,5,5,17,17,0.0101999,0.361255,0,7,1
64,180,0,7.55556,1637,5,5,17,17,0.0095928,0.349482,0,7,1
65,166,0,7.60241,1518,5,5,17,17,0.008657,0.315083,0,7,1
66,156,0,7.66667,1438,5,5,17,17,0.0086989,0.300343,0,7,1
67,148,0,7.75676,1380,5,5,17,17,0.0085056,0.290796,0,7,1
68,144,0,7.77778,1346,5,5,17,17,0.0082204,0.282414,0,7,1
69,140,0,7.8,1312,5,5,17,17,0.008212,0.277867,0,7,1
70,136,0,7.82353,1278,5,5,17,17,0.0076835,0.26562,0,7,1
71,132,0,7.84848,1244,5,5,17,17,0.0079673,0.260342,0,7,1
72,128,0,7.875,1210,5,5,17,17,0.0077612,0.258449,0,7,1
73,124,0,7.90323,1176,5,5,17,17,0.007364,0.252184,0,7,1
74,120,0,7.93333,1142,5,5,17,17,0.0078256,0.242639,0,7,1
75,116,0,7.96552,1108,5,5,17,17,0.0075372,0.235265,0,7,1
76,110,0,8.01818,1057,5,5,17,17,0.0077059,0.226043,0,8,1
77,104,0,8.07692,1006,5,5,17,17,0.0077574,0.221593,0,8,1
78,96,0,8.22917,947,5,5,17,17,0.0073333,0.228754,0,8,1
79,90,1,7.98889,860,5,5,17,17,0.0053987,0.201676,0,8,1
80,82,2,7.78049,767,5,5,17,17,0.0046442,0.182094,0,7,1
81,74,4,7,630,5,5,17,17,0.003077,0.146555,0,7,1
82,64,9,6.67188,520,5,5,17,17,0.0025354,0.126032,0,7,1
83,62,9,6.53226,493,5,5,9,11,0.0022395,0.118776,0,7,1
84,56,11,6.01786,410,5,5,9,11,0.0016862,0.096448,0,7,1
85,54,8,6.25926,411,5,5,9,11,0.0017308,0.0963767,0,7,1
86,50,6,6.32,384,5,5,9,11,0.0014731,0.088675,0,7,1
87,48,2,6.70833,391,5,5,9,11,0.0014311,0.0904335,0,7,1
88,44,1,6.70455,358,5,5,9,9,0.0012897,0.0827319,0,6,1
89,38,0,6.68421,308,5,5,9,9,0.0009788,0.0702053,0,6,1
90,32,0,7,272,5,5,9,11,0.000994,0.063669,0,7,1
91,32,0,7,272,5,5,9,11,0.0010245,0.0664754,0,7,1
92,32,0,7,272,5,5,9,11,0.0009723,0.0671798,0,7,1
93,30,0,7,255,5,5,9,11,0.0009457,0.0639528,0,7,1
94,28,0,7,238,5,5,9,11,0.0008456,0.0599486,0,7,1
95,24,0,7,204,5,5,9,11,0.0007909,0.0504743,0,7,1
96,24,0,7,204,5,5,9,11,0.0007321,0.0507526,0,7,1
97,24,0,7,204,5,5,9,11,0.0007145,0.0520312,0,7,1
98,24,0,7,204,5,5,9,11,0.0007612,0.0522157,0,7,1
99,24,0,7,204,5,5,9,11,0.0008778,0.0575678,0,7,1
100,22,0,7,187,5,5,9,11,0.0007014,0.0492944,0,7,1
101,20,0,7,170,5,5,9,11,0.0007489,0.0447657,0,7,1
102,20,0,7,170,5,5,9,11,0.0006218,0.0453122,0,7,1
103,20,0,6.8,165,5,5,9,11,0.0005776,0.041924,0,6,1
104,18,0,6.77778,148,5,5,9,11,0.0004849,0.037525,0,6,1
105,14,0,6.71429,114,5,5,9,11,0.0003709,0.0281716,0,6,1
106,10,0,6.6,80,5,5,9,11,0.0002461,0.0203874,0,6,1
107,6,0,6.33333,46,5,5,9,11,0.0001276,0.0105654,0,6,1
108,2,0,5,12,5,5,5,6,0,0.0019275,0,5,1
