depth,nbNodes,nbInfeas,avgFacet,avgVertex,minFacet,minVertex,maxFacet,maxVertex,cpuUpdatePoly,cpuDepth,avgFeasVtx,avgNewFacets,avgVtxNoRay,avgFacetsNoRay,avgNewFacetsNoRay,avgIntegerVtx
0,1,0,75,104,75,104,75,104,0.002821,0.0248459,0,75,31,2,2,0
1,2,1,73,101,73,101,73,101,0.0041327,0.024789,0,73,30,2,2,0
2,2,0,68.5,94.5,64,73,73,88,0.0096449,0.0503016,0,68,28,2,2,0
3,4,0,65.25,90,61,61,72,88,0.0155293,0.0917438,0,65,26,1,1,0
4,8,0,60.25,83,52,52,72,72,0.0273399,0.166668,0,60,23,1,1,0
5,16,0,57.1875,78.625,43,43,72,72,0.0480499,0.303576,0,57,22,1,1,0
6,32,0,53.8438,73.9375,36,36,73,73,0.082897,0.543621,0,53,21,0,0,0
7,64,0,49.9531,68.4688,34,34,73,73,0.149471,0.997989,1,49,19,0,0,0
8,128,0,46.2656,63.3281,29,29,73,73,0.277958,1.85347,1,46,17,0,0,0
9,256,0,42.6055,58.2539,27,27,73,73,0.504245,3.3343,2,42,16,0,0,0
10,512,0,38.6992,52.832,19,19,73,73,0.895446,6.69202,1,37,14,0,0,0
11,932,0,35.6288,48.5837,16,16,73,73,1.45086,10.9491,1,34,13,0,0,0
12,1230,0,33.2154,45.2878,17,17,74,74,1.67218,11.7757,1,31,12,0,0,0
13,938,0,29.6546,40.3507,12,12,69,69,1.08461,7.91142,1,27,10,0,0,1
14,736,0,24.9701,33.8111,10,10,59,59,0.648472,5.04866,1,22,8,0,0,2
15,484,0,19.3926,26.0124,7,7,49,49,0.265836,2.36295,1,16,6,0,0,3
16,362,0,14.0884,18.6464,4,4,40,40,0.110396,1.16905,1,10,4,0,0,4
17,194,0,12.2423,16.1082,7,7,33,33,0.0297261,0.363674,2,5,3,0,0,3
18,280,76,11.6569,15.2941,7,7,25,25,0.0186219,0.276768,2,3,3,0,0,3
19,356,119,11.6329,15.2532,7,7,25,25,0.016585,0.275978,2,2,3,0,0,3
20,410,29,11.1654,14.6115,4,4,24,24,0.0439274,0.576188,2,4,3,0,0,3
21,544,110,10.9839,14.3618,4,4,24,24,0.0395784,0.567287,2,3,3,0,0,3
22,648,180,10.7308,14.015,4,4,24,24,0.0344958,0.542562,2,3,3,0,0,3
23,718,183,10.443,13.6056,4,4,24,24,0.0407416,0.629023,2,3,3,0,0,3
24,822,214,10.0954,13.1431,4,4,24,24,0.0427212,0.713682,2,3,3,0,0,3
25,886,195,9.89436,12.8741,4,4,24,24,0.0532278,0.809737,2,3,2,0,0,2
26,980,234,9.67962,12.5979,4,4,24,24,0.0543137,0.837898,2,3,2,0,0,2
27,1142,232,9.44396,12.2802,4,4,24,24,0.0632792,1.00599,2,3,2,0,0,2
28,1368,218,9.19478,11.9443,4,4,23,23,0.0803321,1.30494,1,3,2,0,0,2
29,1416,268,9.06185,11.7718,4,4,23,23,0.0725031,1.24025,2,2,2,0,0,2
30,1654,284,8.73358,11.3263,4,4,21,21,0.0895888,1.48643,2,2,2,0,0,2
31,1868,336,8.40339,10.8877,4,4,21,21,0.0934726,1.58761,1,2,2,0,0,2
32,2170,413,8.2749,10.7257,4,4,21,21,0.0995679,1.79552,1,2,2,0,0,2
33,2616,478,8.15669,10.5659,4,4,21,21,0.122248,2.20248,1,2,2,0,0,2
34,3220,627,8.01118,10.3779,4,4,21,21,0.13827,2.66431,1,2,2,0,0,2
35,4040,838,7.87508,10.1993,4,4,21,21,0.161201,3.31832,1,2,2,0,0,2
36,5008,1095,7.77306,10.0585,4,4,21,21,0.183548,4.19805,1,2,2,0,0,2
37,2068,402,7.53721,9.70168,4,4,15,15,0.0665338,1.62116,1,2,2,0,0,2
38,1220,177,7.38639,9.46788,4,4,15,15,0.0391547,1.00106,1,2,2,0,0,2
39,892,137,7.42914,9.50464,4,4,15,15,0.0295995,0.726323,1,2,2,0,0,2
40,688,100,7.5051,9.60034,4,4,15,15,0.0228756,0.562206,1,2,2,0,0,2
41,570,76,7.53036,9.61134,4,4,15,15,0.0196573,0.48301,2,2,2,0,0,2
42,540,66,7.38186,9.40717,4,4,15,15,0.0185162,0.439951,2,2,2,0,0,2
43,512,61,7.40798,9.42794,4,4,15,15,0.0172222,0.4312,1,2,2,0,0,2
44,470,52,7.17225,9.11005,4,4,15,15,0.0152359,0.396688,2,2,1,0,0,1
45,418,42,7.18351,9.11968,4,4,15,15,0.0138996,0.353393,2,2,1,0,0,1
46,386,31,7.05352,8.95211,4,4,15,15,0.0130332,0.334243,2,2,1,0,0,1
47,356,35,7.00312,8.86604,4,4,15,15,0.0107384,0.302592,2,2,1,0,0,1
48,316,24,7.07877,8.95548,4,4,15,15,0.00924442,0.26816,2,2,1,0,0,1
49,286,19,6.62547,8.38577,4,4,15,15,0.00821671,0.233966,2,2,1,0,0,1
50,252,14,6.51261,8.2521,4,4,12,12,0.00726521,0.209559,2,2,1,0,0,1
51,222,12,6.41905,8.12857,4,4,12,12,0.00588762,0.182229,2,1,1,0,0,1
52,170,11,6.3522,8.05031,4,4,12,12,0.00421427,0.132493,2,1,1,0,0,1
53,132,6,6.25397,7.92857,4,4,12,12,0.003312,0.105291,2,1,1,0,0,1
54,104,4,5.95,7.54,4,4,12,12,0.0026576,0.0827534,2,2,1,0,0,1
55,70,4,6.10606,7.75758,4,4,12,12,0.00169178,0.0526784,2,1,1,0,0,1
56,46,3,6.32558,8.02326,4,4,8,10,0.0011513,0.0365824,2,2,1,0,0,1
57,36,3,6,7.60606,4,4,8,10,0.000770205,0.0265558,2,1,1,0,0,1
58,28,1,6.14815,7.81481,4,4,8,8,0.000714706,0.0223721,2,2,1,0,0,1
59,22,1,6.14286,7.80952,4,4,8,10,0.000493602,0.0184681,2,1,1,0,0,1
60,18,1,5.47059,6.94118,4,4,8,8,0.000371205,0.0128348,2,1,1,0,0,1
61,12,0,5.33333,6.75,4,4,8,9,0.000331397,0.0099167,2,2,1,0,0,1
62,6,1,5.2,6.6,4,4,7,7,9.6001e-05,0.0035788,2,1,1,0,0,1
63,4,1,6,7.66667,4,5,7,7,4.6802e-05,0.0021149,1,1,1,0,0,1
64,4,0,7,9,7,7,7,9,9.9601e-05,0.003109,1,2,2,0,0,2
65,4,0,7,9,7,7,7,9,9.7402e-05,0.0031013,2,2,2,0,0,2
66,4,0,7,9,7,7,7,9,0.000100202,0.0045486,2,2,2,0,0,2
67,4,0,5.5,7,4,4,7,9,9.3201e-05,0.0034063,2,2,1,0,0,1
68,2,0,7,9,7,7,7,9,4.56e-05,0.0016436,2,2,2,0,0,2
69,2,0,4,5,4,4,4,5,3.7501e-05,0.0010743,2,2,1,0,0,1
