depth,nbNodes,nbInfeas,avgFacet,avgVertex,minFacet,minVertex,maxFacet,maxVertex,cpuUpdatePoly,cpuDepth,avgFeasVtx,avgNewFacets,avgVtxNoRay
0,1,0,16,22,16,22,16,22,0.0001868,0.0067562,0,16,9
1,2,1,8,22,16,22,16,22,0.000302,0.0052737,0,16,9
2,2,0,16,44,16,16,16,22,0.0004071,0.0083436,0,16,9
3,4,0,13.5,74,11,11,16,16,0.0009248,0.0161301,0,13,7
4,8,0,13.5,148,11,11,16,16,0.0018729,0.0349128,0,13,7
5,16,0,13.5,296,11,11,16,16,0.0036698,0.0629254,0,13,7
6,32,0,12.25,544,11,11,16,16,0.006695,0.113711,0,12,6
7,64,0,12,1064,11,11,16,16,0.0110508,0.205337,0,11,6
8,128,0,10.375,1856,7,7,16,16,0.0188205,0.32901,0,10,5
9,256,0,9.375,3360,7,7,16,16,0.0310371,0.559126,0,8,4
10,320,0,8.40938,3793,5,5,15,15,0.0299061,0.650938,1,7,4
11,198,0,6.87879,1941,3,3,13,13,0.0121127,0.303345,1,5,3
12,98,0,5.57143,765,3,3,11,11,0.0025922,0.0754202,1,2,2
13,146,33,4.10274,840,3,3,8,8,0.0019128,0.0645468,2,1,2
14,166,7,5.01807,1167,3,3,8,8,0.0039522,0.10881,1,2,2
15,210,47,4.00476,1178,3,3,8,8,0.0027532,0.0939993,1,1,2
16,238,63,3.7437,1247,3,3,8,8,0.0027164,0.0953911,1,1,2
17,262,57,3.92366,1437,3,3,8,8,0.0038443,0.1202,1,1,2
18,332,65,3.85843,1786,3,3,8,8,0.0046306,0.146266,1,1,1
19,412,47,4.03641,2310,3,3,8,8,0.0063537,0.194234,1,1,1
20,516,41,4.10659,2939,3,3,8,8,0.008349,0.254269,1,1,1
21,652,36,4.15031,3749,3,3,8,8,0.0107041,0.325919,1,1,1
22,800,32,4.145,4588,3,3,8,8,0.0130039,0.397288,1,1,1
23,944,27,4.13453,5394,3,3,8,8,0.0152927,0.470444,1,1,1
24,1068,25,4.10581,6054,3,3,8,8,0.0165568,0.52489,1,1,1
25,1164,23,4.07818,6548,3,3,8,8,0.0173104,0.559397,1,1,1
26,1248,19,4.06651,6996,3,3,8,8,0.0182741,0.598609,1,1,1
27,1302,15,4.04685,7258,3,3,8,8,0.0188404,0.616636,1,1,1
28,1332,12,4.03453,7399,3,3,8,8,0.018669,0.626526,1,1,1
29,1342,11,4.01863,7422,3,3,8,8,0.0190903,0.639223,1,1,1
30,1344,7,4.02009,7434,3,3,8,8,0.0186598,0.634464,1,1,1
31,1340,5,4.01567,7402,3,3,8,8,0.0188487,0.635949,1,1,1
32,1336,4,4.01497,7378,3,3,8,8,0.01934,0.637464,1,1,1
33,1328,3,4.01732,7338,3,3,8,8,0.018718,0.62626,1,1,1
34,1326,3,4.01735,7327,3,3,8,8,0.0186541,0.626892,1,1,1
35,1318,3,4.01745,7283,3,3,8,8,0.0189311,0.631551,1,1,1
36,1314,3,4.0175,7261,3,3,8,8,0.0185851,0.625602,1,1,1
37,1308,3,4.01758,7228,3,3,8,8,0.0189768,0.628753,1,1,1
38,1308,3,4.01758,7228,3,3,8,8,0.018492,0.626826,1,1,1
39,1302,3,4.01767,7195,3,3,8,8,0.0186255,0.620784,1,1,1
40,1302,3,4.01767,7195,3,3,8,8,0.0187114,0.617824,1,1,1
41,1298,3,4.01772,7173,3,3,8,8,0.0183804,0.616328,1,1,1
42,1300,3,4.01615,7181,3,3,8,8,0.0189319,0.677892,1,1,1
43,1300,3,4.01615,7181,3,3,8,8,0.0185807,0.616905,1,1,1
44,1296,3,4.01157,7150,3,3,8,8,0.0184219,0.608251,1,1,1
45,1296,3,4.01003,7147,3,3,8,8,0.0189352,0.616604,1,1,1
46,1296,2,4.01235,7151,3,3,8,8,0.0190897,0.621032,1,1,1
47,1296,1,4.01466,7155,3,3,8,8,0.0189018,0.614818,1,1,1
48,1294,1,4.01314,7141,3,3,8,8,0.0193188,0.618612,1,1,1
49,1294,0,4.01546,7145,3,3,8,8,0.0192571,0.61285,1,1,1
50,1294,0,4.01546,7145,3,3,8,8,0.0191207,0.615146,1,1,1
51,1292,0,4.01548,7134,3,3,8,8,0.0208436,0.66792,1,1,1
52,1292,0,4.01548,7134,3,3,8,8,0.0193634,0.619931,1,1,1
53,1288,0,4.01553,7112,3,3,8,8,0.019167,0.613262,1,1,1
54,1288,0,4.01553,7112,3,3,8,8,0.019532,0.612529,1,1,1
55,1288,0,4.01553,7112,3,3,8,8,0.0195176,0.61921,1,1,1
56,1288,0,4.00466,7091,3,3,8,8,0.0193869,0.610116,1,1,1
57,1274,0,4.00785,7020,3,3,8,8,0.0192244,0.602398,1,1,1
58,1264,0,4.01582,6980,3,3,8,8,0.0190736,0.601313,1,1,1
59,1264,0,3.99921,6949,3,3,8,8,0.0192118,0.60324,1,1,1
60,1246,1,4.00963,6870,3,3,8,8,0.0184133,0.590882,1,1,1
61,1246,0,4.01364,6877,3,3,8,8,0.018612,0.588729,1,1,1
62,1246,1,4.00963,6870,3,3,8,8,0.0186454,0.595254,1,1,1
63,1246,1,4.00963,6870,3,3,8,8,0.0191348,0.604522,1,1,1
64,1246,0,4.01364,6877,3,3,8,8,0.0186139,0.589162,1,1,1
65,1246,1,4.00963,6870,3,3,8,8,0.0188565,0.597058,1,1,1
66,1244,0,4.01367,6866,3,3,8,8,0.0186847,0.602801,1,1,1
67,1208,1,4.00993,6661,3,3,8,8,0.0180911,0.584809,1,1,1
68,1102,1,4.01089,6078,3,3,8,8,0.0160658,0.523137,1,1,1
69,984,1,4.0122,5429,3,3,8,8,0.0141049,0.46483,1,1,1
70,882,0,4.01927,4875,3,3,8,8,0.0129123,0.419398,1,1,1
71,784,1,4.01531,4329,3,3,8,8,0.0109279,0.365506,1,1,1
72,702,1,4.01709,3878,3,3,8,8,0.0101678,0.333395,1,1,1
73,622,0,4.02412,3442,3,3,8,8,0.0087951,0.298402,1,1,1
74,558,0,4.02688,3090,3,3,8,8,0.0076556,0.259797,1,1,1
75,502,0,4.02988,2782,3,3,8,8,0.0072126,0.240867,1,1,1
76,454,0,4.03304,2518,3,3,8,8,0.0062036,0.211613,1,1,1
77,414,0,4.03623,2298,3,3,8,8,0.0057305,0.197649,1,1,1
78,378,0,4.03968,2100,3,3,8,8,0.0050319,0.176962,1,1,1
79,356,0,4.04213,1979,3,3,8,8,0.0048752,0.16688,1,1,1
80,342,0,4.04386,1902,3,3,8,8,0.0052296,0.171324,1,1,1
81,320,0,4.04688,1781,3,3,8,8,0.0044711,0.150567,1,1,1
82,312,0,4.04808,1737,3,3,8,8,0.004267,0.146005,1,1,1
83,304,0,4.04934,1693,3,3,8,8,0.0043864,0.148292,1,1,1
84,292,0,4.05137,1627,3,3,8,8,0.0039054,0.138351,1,1,1
85,288,0,4.05208,1605,3,3,8,8,0.0039192,0.137883,1,1,1
86,280,0,4.05357,1561,3,3,8,8,0.0040794,0.137993,1,1,1
87,270,0,4.05556,1506,3,3,8,8,0.0038291,0.128519,1,1,1
88,260,0,4.05769,1451,3,3,8,8,0.0035885,0.122424,1,1,1
89,250,0,4.036,1387,3,3,8,8,0.0033179,0.116302,1,1,1
90,234,0,4.03846,1299,3,3,8,8,0.0033722,0.114685,1,1,1
91,214,0,4.07009,1198,3,3,8,8,0.0029644,0.101391,1,1,1
92,190,0,4.07895,1066,3,3,8,8,0.0024868,0.0900018,1,1,1
93,180,0,4.08333,1011,3,3,8,8,0.002436,0.0848683,1,1,1
94,164,0,4.09146,923,3,3,8,8,0.0022278,0.0780557,1,1,1
95,158,0,4.09494,890,3,3,8,8,0.0022813,0.0787993,1,1,1
96,152,0,3.94737,823,3,3,8,8,0.0021316,0.072311,1,1,1
97,128,2,3.82031,670,3,3,8,8,0.0017245,0.0580539,1,1,1
98,104,3,3.75962,536,3,3,5,5,0.0013548,0.0457203,1,1,1
99,82,4,3.78049,426,3,3,5,7,0.0010346,0.0357455,1,1,1
100,72,4,3.80556,377,3,3,5,7,0.0008427,0.031358,1,1,1
101,66,4,3.84848,350,3,3,5,7,0.0007886,0.0288194,1,1,1
102,64,4,3.8125,336,3,3,5,7,0.0007489,0.0275671,1,1,1
103,62,4,3.77419,322,3,3,5,7,0.0007017,0.0256872,1,1,1
104,60,1,3.95,326,3,3,5,7,0.0008007,0.0270663,1,1,1
105,58,1,3.91379,312,3,3,5,7,0.0007237,0.0257495,1,1,1
106,56,1,3.91071,301,3,3,5,7,0.0006909,0.0244497,2,1,1
107,54,1,3.90741,290,3,3,5,7,0.0006847,0.0236822,2,1,1
108,52,0,4,286,3,3,5,7,0.000703,0.0309982,1,1,1
109,50,1,3.9,268,3,3,5,7,0.0006791,0.0234995,2,1,1
110,48,1,3.89583,257,3,3,5,7,0.0006233,0.0209492,2,1,1
111,46,0,3.95652,250,3,3,5,7,0.0007443,0.0236317,1,1,1
112,44,0,3.95455,239,3,3,5,7,0.000589,0.0200053,2,1,1
113,42,0,3.95238,228,3,3,5,7,0.0005658,0.0188719,2,1,1
114,40,0,3.95,217,3,3,5,7,0.0005352,0.0179781,2,1,1
115,38,0,3.94737,206,3,3,5,7,0.0004986,0.0170734,2,1,1
116,36,0,3.94444,195,3,3,5,7,0.0004549,0.0159749,2,1,1
117,34,0,3.94118,184,3,3,5,7,0.0004297,0.015245,2,1,1
118,32,0,3.875,170,3,3,5,7,0.0004163,0.0141357,2,1,1
119,28,0,3.85714,148,3,3,5,7,0.0003723,0.0124099,2,1,1
120,24,0,3.75,123,3,3,5,7,0.0002866,0.0101975,2,1,1
121,18,0,3.77778,93,3,3,5,7,0.0002159,0.0077813,2,1,1
122,14,0,3.85714,74,3,3,5,7,0.000159,0.0060575,2,1,1
123,12,0,3.83333,63,3,3,5,7,0.0001389,0.0054064,2,1,1
124,10,0,3.8,52,3,3,5,7,0.0001236,0.0044577,2,1,1
125,8,0,3.75,41,3,3,5,7,0.0001013,0.0034743,2,1,1
126,6,0,3.66667,30,3,3,5,7,6.63e-05,0.0025453,2,1,1
127,4,0,3,16,3,3,3,4,3.93e-05,0.0014682,2,1,1
