depth,nbNodes,nbInfeas,avgFacet,avgVertex,minFacet,minVertex,maxFacet,maxVertex,cpuUpdatePoly,cpuDepth,avgFeasVtx,avgNewFacets,avgVtxNoRay
0,1,0,26,35,26,35,26,35,0.0004999,0.0092336,0,26,9
1,2,1,13,35,26,35,26,35,0.0004669,0.0081233,0,26,9
2,2,0,23.5,63,21,26,26,28,0.0009407,0.0124634,0,23,8
3,4,0,22.25,119,16,21,26,26,0.0013907,0.021922,0,22,7
4,8,0,21.125,226,13,16,26,26,0.0027027,0.044497,0,21,7
5,16,0,17.375,368,7,9,24,24,0.0039766,0.0695929,0,17,5
6,32,0,15.1875,640,7,7,24,24,0.0067361,0.125494,0,15,4
7,64,0,13.5938,1144,7,7,24,24,0.0095878,0.201939,0,13,4
8,128,0,12.0312,2016,7,7,24,24,0.015864,0.354927,0,12,3
9,168,0,10.2321,2236,4,4,22,22,0.0142169,0.373913,0,10,3
10,92,0,9.18478,1096,4,4,19,19,0.0063329,0.186323,0,9,2
11,148,35,7.14865,1373,4,4,19,19,0.0081571,0.26001,0,9,2
12,186,13,8.80108,2125,4,4,19,19,0.0128604,0.408716,0,9,2
13,298,50,7.97987,3088,4,4,19,19,0.019727,0.54443,0,9,2
14,452,62,8.17035,4794,4,4,19,19,0.0330348,0.904003,0,9,2
15,706,102,7.8881,7224,4,4,19,19,0.0443718,1.28611,0,9,2
16,1052,146,7.64544,10422,4,4,19,19,0.0620105,1.83608,0,8,2
17,1540,232,7.31883,14592,4,4,19,19,0.0819031,2.48526,0,8,2
18,2166,318,7.08726,19852,4,4,19,19,0.111066,3.43372,0,8,2
19,2978,394,6.95534,26756,4,4,19,19,0.141507,4.54872,0,8,2
20,3978,455,6.87129,35271,4,4,19,19,0.18186,6.01581,0,7,2
21,5178,522,6.80243,45412,4,4,19,19,0.229018,7.73941,0,7,2
22,6600,602,6.72879,57214,4,4,16,16,0.285295,9.76233,0,7,2
23,8300,696,6.64867,71044,4,4,16,16,0.346488,12.0877,0,7,2
24,10212,788,6.55915,86168,4,4,16,16,0.406832,14.6444,0,7,2
25,12234,872,6.46036,101594,4,4,16,16,0.46441,17.3067,0,6,1
26,14112,966,6.32547,114638,4,4,16,16,0.505288,19.6177,0,6,1
27,15460,944,6.17613,122472,4,4,16,16,0.512324,20.8045,0,6,1
28,16018,812,6.01923,123486,4,4,16,16,0.478885,20.7604,0,6,1
29,15512,601,5.86159,116263,4,4,16,16,0.421868,19.5797,0,6,1
30,14280,410,5.72486,104378,4,4,16,16,0.345057,17.4891,0,5,1
31,12630,271,5.65598,91127,4,4,13,13,0.287875,15.3599,0,5,1
32,10644,217,5.62477,76351,4,4,13,13,0.233694,12.9672,0,5,1
33,8808,181,5.6191,63115,4,4,13,13,0.196206,10.7719,0,5,1
34,7454,158,5.61926,53416,4,4,13,13,0.162895,9.09595,0,5,1
35,6464,133,5.62237,46347,4,4,13,13,0.139489,7.90014,0,5,1
36,5672,111,5.62429,40681,4,4,13,13,0.123106,6.93957,0,5,1
37,5078,95,5.6089,36315,4,4,13,13,0.110075,6.22361,0,5,1
38,4542,75,5.60568,32459,4,4,13,13,0.0974547,5.56903,0,5,1
39,4050,60,5.5963,28890,4,4,13,13,0.084355,4.93521,0,5,1
40,3564,45,5.58754,25379,4,4,13,13,0.0749796,4.34901,0,5,1
41,3216,34,5.56592,22806,4,4,13,13,0.0683876,3.98052,0,5,1
42,2898,23,5.56142,20531,4,4,13,13,0.0590107,3.54776,0,5,1
43,2684,17,5.54844,18967,4,4,13,13,0.0550581,3.31264,0,5,1
44,2496,11,5.54247,17617,4,4,13,13,0.0517829,3.17273,0,5,1
45,2316,7,5.52677,16297,4,4,13,13,0.0459949,2.83736,0,5,1
46,2166,2,5.52401,15232,4,4,13,13,0.0429822,2.65548,0,5,1
47,2024,1,5.5247,14235,4,4,13,13,0.0408187,2.50885,0,5,1
48,1852,1,5.52376,13023,4,4,13,13,0.0371311,2.28276,0,5,1
49,1634,1,5.52693,11497,4,4,13,13,0.0329598,2.02215,0,5,1
50,1398,1,5.52289,9829,4,4,13,13,0.0272984,1.7536,0,5,1
51,1194,0,5.53015,8406,4,4,13,13,0.0228341,1.48283,0,5,1
52,1032,0,5.53488,7272,4,4,13,13,0.0195162,1.25116,0,5,1
53,914,0,5.53939,6446,4,4,13,13,0.0170388,1.11145,0,5,1
54,820,0,5.53659,5780,4,4,13,13,0.0153484,0.998102,0,5,1
55,770,0,5.53896,5430,4,4,13,13,0.0142498,0.937675,0,5,1
56,730,0,5.5411,5150,4,4,13,13,0.0139759,0.89337,0,5,1
57,688,0,5.5436,4856,4,4,13,13,0.0132439,0.842006,0,5,1
58,646,0,5.53715,4554,4,4,13,13,0.0122083,0.789976,0,5,1
59,612,0,5.53922,4316,4,4,13,13,0.0118997,0.744863,0,5,1
60,586,0,5.53072,4126,4,4,13,13,0.0114825,0.717485,0,5,1
61,566,0,5.4947,3958,4,4,13,13,0.0112276,0.683613,0,5,1
62,532,0,5.48872,3716,4,4,13,13,0.0105732,0.643074,0,5,1
63,494,0,5.5,3458,4,4,13,13,0.0098018,0.60351,0,5,1
64,464,0,5.50647,3252,4,4,13,13,0.008772,0.559022,0,5,1
65,438,0,5.52055,3078,4,4,13,13,0.0085852,0.539584,0,5,1
66,420,0,5.50714,2944,4,4,13,13,0.0083504,0.520141,0,5,1
67,406,0,5.51478,2850,4,4,13,13,0.0082165,0.492773,0,5,1
68,400,0,5.515,2808,4,4,13,13,0.0074767,0.485621,0,5,1
69,396,0,5.5,2772,4,4,13,13,0.0073972,0.480443,0,5,1
70,388,0,5.5,2716,4,4,13,13,0.0072671,0.472322,0,5,1
71,378,0,5.48413,2638,4,4,7,9,0.0072676,0.454517,0,5,1
72,374,0,5.48396,2610,4,4,7,9,0.0066386,0.450289,0,5,1
73,370,0,5.48378,2582,4,4,7,9,0.0068924,0.451348,0,5,1
74,366,0,5.48361,2554,4,4,7,9,0.0067958,0.441944,0,5,1
75,362,0,5.48343,2526,4,4,7,9,0.0067077,0.442042,0,5,1
76,358,0,5.48324,2498,4,4,7,9,0.0069519,0.446001,0,5,1
77,354,0,5.45763,2458,4,4,7,9,0.0068212,0.428725,0,5,1
78,344,0,5.48256,2400,4,4,7,9,0.0070152,0.419657,0,5,1
79,340,0,5.48235,2372,4,4,7,9,0.0068184,0.420927,0,5,1
80,336,0,5.48214,2344,4,4,7,9,0.0068582,0.408555,0,5,1
81,332,0,5.48193,2316,4,4,7,9,0.0065166,0.39885,0,5,1
82,328,0,5.48171,2288,4,4,7,9,0.0064491,0.398815,0,5,1
83,324,0,5.48148,2260,4,4,7,9,0.0063497,0.39047,0,5,1
84,320,0,5.48125,2232,4,4,7,9,0.0060952,0.388323,0,5,1
85,304,0,5.48026,2120,4,4,7,9,0.005973,0.375993,0,5,1
86,278,0,5.47842,1938,4,4,7,9,0.005303,0.337329,0,5,1
87,258,0,5.47674,1798,4,4,7,9,0.0047738,0.314063,0,5,1
88,244,0,5.47541,1700,4,4,7,9,0.0044849,0.294725,0,5,1
89,234,0,5.48718,1634,4,4,7,9,0.0046484,0.296367,0,5,1
90,226,0,5.48673,1578,4,4,7,9,0.0045017,0.286212,0,5,1
91,200,0,5.485,1396,4,4,7,9,0.0038727,0.254984,0,5,1
92,180,0,5.48333,1256,4,4,7,9,0.003554,0.220671,0,5,1
93,172,0,5.48256,1200,4,4,7,9,0.0035454,0.216523,0,5,1
94,154,0,5.44156,1066,4,4,7,9,0.0030635,0.198792,0,5,1
95,144,0,5.5,1008,4,4,7,9,0.002879,0.185049,0,5,1
96,130,0,5.5,910,4,4,7,9,0.0023489,0.165424,0,5,1
97,116,0,5.5,812,4,4,7,9,0.002103,0.146479,0,5,1
98,112,0,5.5,784,4,4,7,9,0.0020521,0.145308,0,5,1
99,98,0,5.5,686,4,4,7,9,0.0018427,0.130145,0,5,1
100,92,0,5.5,644,4,4,7,9,0.0017844,0.124349,0,5,1
101,78,0,5.42308,538,4,4,7,9,0.001423,0.104075,0,5,1
102,58,0,5.5,406,4,4,7,9,0.0010108,0.0791633,0,5,1
103,50,0,5.5,350,4,4,7,9,0.0009262,0.0759681,0,5,1
104,38,0,5.5,266,4,4,7,9,0.0006919,0.0539881,0,5,1
105,34,0,5.5,238,4,4,7,9,0.0006506,0.04917,0,5,1
106,26,0,5.26923,174,4,4,7,9,0.0004172,0.0355267,0,5,1
107,20,0,5.2,132,4,4,7,9,0.0003084,0.0262814,0,5,1
108,16,0,5.3125,108,4,4,7,9,0.0002691,0.0205221,0,5,1
109,14,0,5.5,98,4,4,7,9,0.000278,0.0190411,0,5,1
110,14,0,5.5,98,4,4,7,9,0.0002646,0.019146,0,5,1
111,12,0,5.5,84,4,4,7,9,0.0002518,0.0169308,0,5,1
112,12,0,5.5,84,4,4,7,9,0.0002348,0.0163798,0,5,1
113,12,0,5.5,84,4,4,7,9,0.0002568,0.017165,0,5,1
114,10,0,5.5,70,4,4,7,9,0.0001677,0.0141436,0,5,1
115,10,0,5.5,70,4,4,7,9,0.000199,0.0143899,0,5,1
116,10,0,5.2,66,4,4,7,9,0.0001356,0.0132358,0,5,1
117,8,0,5.125,52,4,4,7,9,0.0001014,0.0092026,0,5,1
118,6,0,5.5,42,4,4,7,9,0.0001011,0.0083228,0,5,1
119,6,0,5.5,42,4,4,7,9,9.54e-05,0.0071858,0,5,1
120,6,0,5.5,42,4,4,7,9,9.89e-05,0.007248,0,5,1
121,6,0,5.5,42,4,4,7,9,9.94e-05,0.0071485,0,5,1
122,6,0,5.5,42,4,4,7,9,0.0001069,0.00793,0,5,1
123,6,0,5.5,42,4,4,7,9,9.81e-05,0.0072929,0,5,1
124,6,0,5.5,42,4,4,7,9,0.0001008,0.007318,0,5,1
125,6,0,5.5,42,4,4,7,9,9.57e-05,0.0072804,0,5,1
126,6,0,5.5,42,4,4,7,9,0.000112,0.0078117,0,5,1
127,6,0,5.5,42,4,4,7,9,0.0002016,0.0097993,0,5,1
128,6,0,5.5,42,4,4,7,9,9.32e-05,0.0080633,0,5,1
129,6,0,5.5,42,4,4,7,9,0.0001155,0.0086708,0,5,1
130,6,0,5.5,42,4,4,7,9,0.000109,0.0089834,0,5,1
131,6,0,5.5,42,4,4,7,9,0.000104,0.0086319,0,5,1
132,6,0,5,38,4,4,7,9,6.84e-05,0.0070389,0,5,1
133,4,0,4.75,24,4,4,7,7,4.07e-05,0.0039515,0,4,1
134,2,0,5.5,14,4,4,7,9,3.24e-05,0.0022667,0,5,1
135,2,0,5.5,14,4,4,7,9,3.33e-05,0.0022521,0,5,1
136,2,0,5.5,14,4,4,7,9,3.8e-05,0.0022494,0,5,1
137,2,0,4,10,4,4,4,5,0,0.0015738,0,4,1
