depth,nbNodes,nbInfeas,avgFacet,avgVertex,minFacet,minVertex,maxFacet,maxVertex,cpuUpdatePoly,cpuDepth,avgFeasVtx,avgNewFacets,avgVtxNoRay,avgFacetsNoRay,avgNewFacetsNoRay,avgIntegerVtx
0,1,0,16,23,16,23,16,23,0.0003708,0.011381,0,16,8,1,1,0
1,2,1,16,23,16,23,16,23,0.0001904,0.0053387,0,16,8,1,1,0
2,2,0,16,23,16,16,16,23,0.0005394,0.0112671,0,16,8,1,1,0
3,4,0,16,23,16,16,16,23,0.0011824,0.0199012,0,16,8,1,1,0
4,8,0,15.5,22.25,14,14,16,20,0.0018418,0.0398991,0,15,7,1,1,0
5,16,0,15.75,22.625,12,12,18,18,0.0042513,0.0840352,0,15,7,1,1,0
6,32,0,14.3125,20.6875,10,10,18,18,0.0085445,0.154598,0,14,6,0,0,0
7,64,0,14.375,20.7812,10,10,18,18,0.0127843,0.279829,0,14,6,0,0,0
8,128,0,14.2344,20.5938,9,9,18,18,0.0247682,0.533529,0,14,6,0,0,0
9,256,0,14.1875,20.5312,7,7,18,18,0.0496487,1.08594,0,14,6,0,0,0
10,512,0,13.75,19.875,7,7,18,18,0.0958525,2.14639,0,13,6,0,0,0
11,1024,0,13.0469,18.8438,7,7,18,18,0.181071,4.01667,0,13,6,0,0,0
12,2048,0,12.5781,18.1328,7,7,18,18,0.350559,7.87888,0,12,6,0,0,0
13,4096,0,12.1992,17.5391,7,7,17,17,0.691563,15.0761,0,12,5,0,0,0
14,8192,0,11.4883,16.4805,5,5,17,17,1.25752,27.6173,0,11,5,0,0,0
15,15798,0,10.4059,14.8566,5,5,17,17,2.12413,47.1733,1,9,4,0,0,0
16,27018,0,9.34466,13.2708,5,5,17,17,3.11518,76.6348,1,8,4,0,0,0
17,6336,0,7.99953,11.4072,5,5,17,17,0.572918,15.8014,1,7,3,0,0,1
18,802,0,6.68953,9.50748,3,3,14,14,0.0550054,1.68609,0,5,2,0,0,2
19,166,0,6.3253,8.98795,5,5,13,13,0.0058873,0.209245,1,3,2,0,0,2
20,178,75,6.51456,9.27184,5,5,13,13,0.0012045,0.075842,2,0,2,0,0,2
21,188,89,6.39394,9.09091,5,5,13,13,0.0003561,0.0535093,2,0,2,0,0,2
22,192,5,6.35829,9.03743,5,5,13,13,0.0055109,0.209257,1,2,2,0,0,2
23,202,42,6.2875,8.93125,3,3,11,11,0.0031669,0.141838,1,1,2,0,0,2
24,214,27,6.05882,8.58824,3,3,11,11,0.0044867,0.176781,1,2,2,0,0,2
25,218,58,5.7625,8.14375,3,3,11,11,0.0024527,0.124317,2,1,2,0,0,2
26,230,47,5.57923,7.86885,3,3,11,11,0.0032573,0.148354,2,1,2,0,0,2
27,220,32,5.44681,7.67021,3,3,9,9,0.0036427,0.162493,1,1,2,0,0,2
28,218,40,5.25843,7.38764,3,3,9,9,0.0030514,0.14105,1,1,2,0,0,2
29,222,55,5.17964,7.26946,3,3,9,9,0.0024781,0.124933,1,1,2,0,0,2
30,236,51,5,7,3,3,7,7,0.0029544,0.139972,1,1,2,0,0,2
31,236,56,5.01111,7.01667,3,3,7,7,0.0030355,0.141807,1,1,2,0,0,2
32,228,74,4.94805,6.92208,3,3,7,7,0.0017836,0.104631,1,1,1,0,0,1
33,222,62,5.1,7.15,3,3,7,7,0.0025303,0.118702,1,1,2,0,0,2
34,228,58,5.05882,7.08824,3,3,7,7,0.0029217,0.128142,1,1,2,0,0,2
35,232,78,5.03896,7.05844,3,3,7,7,0.0018971,0.104218,1,1,2,0,0,2
36,240,72,5.05952,7.08929,3,3,7,7,0.0028514,0.127619,1,1,2,0,0,2
37,244,69,5.05714,7.08571,3,3,7,7,0.002882,0.128853,1,1,2,0,0,2
38,246,83,5.03681,7.05521,3,3,7,7,0.0019595,0.10689,1,1,2,0,0,2
39,244,73,5.0117,7.01754,3,3,7,7,0.0024263,0.117809,1,1,2,0,0,2
40,242,69,4.96532,6.94798,3,3,7,7,0.0026679,0.129236,1,1,1,0,0,1
41,238,67,4.90643,6.85965,3,3,7,7,0.0023317,0.113574,1,1,1,0,0,1
42,232,62,4.94118,6.91176,3,3,7,7,0.0022826,0.113446,1,1,1,0,0,1
43,236,58,4.80899,6.71348,3,3,7,7,0.0025326,0.126992,1,1,1,0,0,1
44,244,46,4.78788,6.68182,3,3,7,7,0.0029323,0.139131,1,1,1,0,0,1
45,260,46,4.58879,6.38318,3,3,7,7,0.002905,0.141602,1,1,1,0,0,1
46,258,34,4.57143,6.35714,3,3,7,7,0.0031022,0.147741,1,1,1,0,0,1
47,250,27,4.44395,6.16592,3,3,5,7,0.0029416,0.142066,1,1,1,0,0,1
48,236,21,4.47907,6.2186,3,3,5,7,0.0030133,0.146453,1,1,1,0,0,1
49,226,11,4.22791,5.84186,3,3,5,7,0.0029057,0.138698,1,1,1,0,0,1
50,194,4,4.32632,5.98947,3,3,5,5,0.0027638,0.132493,1,1,1,0,0,1
51,172,2,4.23529,5.85294,3,3,5,5,0.0023161,0.112101,1,1,1,0,0,1
52,150,0,4.10667,5.66,3,3,5,7,0.0019631,0.0926966,1,1,1,0,0,1
53,124,0,4.04839,5.57258,3,3,5,7,0.0015869,0.0799608,1,1,1,0,0,1
54,88,0,3.88636,5.32955,3,3,5,5,0.0012015,0.0572016,1,1,1,0,0,1
55,54,0,3.81481,5.22222,3,3,5,7,0.0006717,0.0320188,1,1,1,0,0,1
56,26,0,3.69231,5.03846,3,3,5,5,0.0003236,0.0151794,2,1,1,0,0,1
57,16,0,3.75,5.125,3,3,5,5,0.0001984,0.0094399,2,1,1,0,0,1
58,10,0,3.8,5.2,3,3,5,5,0.0001229,0.0060764,1,1,1,0,0,1
59,8,0,3.25,4.375,3,3,5,5,8.41e-05,0.0046003,2,1,1,0,0,1
60,2,0,4,5.5,3,3,5,7,2.23e-05,0.0012919,2,1,1,0,0,1
61,2,0,3,4,3,3,3,4,1.87e-05,0.0009723,2,1,1,0,0,1
