depth,nbNodes,nbInfeas,avgFacet,avgVertex,minFacet,minVertex,maxFacet,maxVertex,cpuUpdatePoly,cpuDepth,avgFeasVtx,avgNewFacets,avgVtxNoRay,avgFacetsNoRay,avgNewFacetsNoRay,avgIntegerVtx
0,1,0,44,60,44,60,44,60,0.0014951,0.020499,0,44,16,0,0,0
1,2,1,46,63,46,63,46,63,0.0014061,0.0140312,0,46,17,0,0,0
2,2,0,48,66,41,55,55,56,0.0031781,0.0308394,0,48,18,0,0,0
3,4,0,48,66,41,41,55,56,0.005996,0.0634171,0,48,18,0,0,0
4,8,0,48,66,41,41,55,56,0.0120386,0.126792,0,48,18,0,0,0
5,16,0,45.375,62.25,41,41,55,56,0.0182722,0.225814,0,45,17,0,0,0
6,32,0,41.5625,56.625,32,32,56,56,0.0320002,0.400902,0,41,15,0,0,0
7,64,0,37.5,50.875,28,28,51,51,0.0506467,0.686105,0,37,13,0,0,0
8,128,0,33.5781,45.3281,25,25,48,48,0.0840595,1.19016,0,33,11,0,0,0
9,256,0,30.4531,41.0312,22,22,45,45,0.14782,2.14287,0,30,10,0,0,0
10,512,0,27.8086,37.4453,19,19,43,43,0.267863,3.97447,0,27,9,0,0,0
11,1000,0,25.19,33.896,16,16,43,43,0.44894,6.79956,0,25,8,0,0,0
12,1632,0,23.7402,31.9547,13,13,46,46,0.686135,10.451,0,23,8,0,0,0
13,2762,0,21.8392,29.2647,10,10,44,44,1.00698,15.854,0,21,7,0,0,1
14,4034,0,19.5724,26.0359,7,7,40,40,1.22432,20.7241,0,19,6,0,0,2
15,5378,0,18.3282,24.2205,7,7,43,43,1.42453,25.7844,0,18,5,0,0,3
16,4014,0,17.0137,22.4626,4,4,43,43,0.91467,17.8592,0,17,5,0,0,5
17,898,0,15.0835,19.8797,7,7,33,33,0.160076,3.56353,0,15,4,0,0,4
18,1076,220,14.8306,19.5304,4,4,33,33,0.156444,3.44714,0,14,4,0,0,4
19,1336,313,14.5728,19.1857,4,4,33,33,0.182692,4.22313,0,14,4,0,0,4
20,1692,120,14.0102,18.4383,4,4,30,30,0.265044,6.19497,0,14,4,0,0,4
21,2268,296,13.8489,18.2252,4,4,30,30,0.332139,7.98866,0,13,4,0,0,4
22,3012,429,13.6489,17.964,4,4,30,30,0.424353,10.5894,0,13,4,0,0,4
23,3918,558,13.4982,17.7649,4,4,27,27,0.554091,14.1226,0,13,4,0,0,4
24,4950,659,13.3051,17.5071,4,4,27,27,0.705374,18.4202,0,13,4,0,0,4
25,6024,847,13.1825,17.3405,4,4,26,26,0.856745,23.0636,0,13,4,0,0,4
26,7170,1022,13.0449,17.1526,4,4,26,26,1.00069,28.5123,0,13,4,0,0,4
27,8260,1317,12.7209,16.7095,4,4,26,26,1.13247,34.1711,0,12,3,0,0,3
28,9440,1609,12.4131,16.2892,4,4,26,26,1.24763,39.5708,0,12,3,0,0,3
29,10830,1833,12.082,15.8337,4,4,24,24,1.34445,45.8153,0,12,3,0,0,3
30,12228,2203,11.6748,15.2753,4,4,24,24,1.44267,51.1326,0,11,3,0,0,3
31,13622,2573,11.2444,14.6871,4,4,24,24,1.49692,57.1976,0,11,3,0,0,3
32,14480,2903,10.8806,14.1926,4,4,24,24,1.45138,60.0918,0,10,3,0,0,3
33,15400,3156,10.437,13.5949,4,4,24,24,1.40388,62.667,0,10,3,0,0,3
34,16344,3233,9.9653,12.9592,4,4,21,21,1.34886,73.5245,0,9,2,0,0,2
35,14562,2533,10.065,13.0917,4,4,21,21,1.27165,68.4952,0,10,3,0,0,3
36,14628,2411,9.82549,12.7718,4,4,21,21,1.2235,70.897,0,9,2,0,0,2
37,15096,2401,9.50965,12.3479,4,4,21,21,1.1987,79.1447,0,9,2,0,0,2
38,14824,2394,9.3675,12.156,4,4,21,21,1.13958,78.4827,0,9,2,0,0,2
39,14406,2333,9.23292,11.9769,4,4,21,21,1.02584,74.6272,0,9,2,0,0,2
40,13722,2144,9.08464,11.7775,4,4,21,21,0.956005,74.6698,0,9,2,0,0,2
41,12792,1972,8.99612,11.6584,4,4,19,19,0.883747,71.1531,0,8,2,0,0,2
42,11826,1824,8.89022,11.5156,4,4,19,19,0.836931,68.3073,0,8,2,0,0,2
43,11170,1726,8.74036,11.3164,4,4,18,18,0.734813,63.1042,0,8,2,0,0,2
44,10674,1655,8.57401,11.0946,4,4,18,18,0.697244,62.0478,0,8,2,0,0,2
45,10068,1524,8.36985,10.823,4,4,18,18,0.625184,59.0913,0,8,2,0,0,2
46,9464,1455,8.1989,10.5952,4,4,16,16,0.561493,57.5386,0,8,2,0,0,2
47,8458,1300,8.01481,10.3497,4,4,16,16,0.479465,52.7722,0,8,2,0,0,2
48,7670,1157,7.86842,10.1548,4,4,16,16,0.423596,48.6995,0,7,2,0,0,2
49,6966,1047,7.68931,9.91603,4,4,16,16,0.362803,44.2655,0,7,2,0,0,2
50,6168,912,7.62671,9.83314,4,4,16,16,0.312412,41.2699,0,7,2,0,0,2
51,5336,763,7.46053,9.61229,4,4,13,13,0.256912,37.2431,0,7,2,0,0,2
52,4496,569,7.38324,9.50879,4,4,13,13,0.217711,32.89,0,7,2,0,0,2
53,3616,393,7.23829,9.31585,4,4,13,13,0.169533,26.3323,0,7,2,0,0,2
54,2948,295,7.16095,9.21297,4,4,13,13,0.135852,22.1078,0,7,2,0,0,2
55,2364,195,7.14753,9.19548,4,4,13,13,0.109788,18.4904,0,7,2,0,0,2
56,1912,128,6.98767,8.98206,4,4,13,13,0.0828986,14.872,0,6,1,0,0,1
57,1504,93,6.87668,8.83416,4,4,13,13,0.0663554,11.7723,0,6,1,0,0,1
58,1134,72,6.71375,8.6177,4,4,13,13,0.0483091,8.87994,0,6,1,0,0,1
59,808,44,6.65052,8.53272,4,4,13,13,0.0350329,6.10805,0,6,1,0,0,1
60,628,25,6.47927,8.30348,4,4,10,10,0.0233705,4.85159,0,6,1,0,0,1
61,422,17,6.40741,8.20741,4,4,10,10,0.0147441,3.08336,0,6,1,0,0,1
62,304,7,6.3266,8.09764,4,4,10,10,0.0116294,2.25203,0,6,1,0,0,1
63,212,4,6.1875,7.91346,4,4,10,10,0.006267,1.49667,0,6,1,0,0,1
64,140,1,6.16547,7.88489,4,4,10,10,0.0048748,1.14384,0,6,1,0,0,1
65,100,0,5.59,7.12,4,4,10,13,0.0028554,0.636426,0,5,1,0,0,1
66,52,0,5.67308,7.23077,4,4,7,9,0.0012435,0.332988,0,5,1,0,0,1
67,30,1,5.75862,7.34483,4,4,7,9,0.0008089,0.181867,0,5,1,0,0,1
68,22,0,5.22727,6.63636,4,4,7,9,0.0004566,0.0947119,0,5,1,0,0,1
69,14,0,4.42857,5.57143,4,4,7,9,9.53e-05,0.0450595,0,4,1,0,0,1
70,2,0,4,5,4,4,4,5,0,0.0020117,0,4,1,0,0,1
