depth,nbNodes,nbInfeas,avgFacet,avgVertex,minFacet,minVertex,maxFacet,maxVertex,cpuUpdatePoly,cpuDepth,avgFeasVtx,avgNewFacets,avgVtxNoRay
0,1,0,22,29,22,29,22,29,0.0008174,0.0121479,0,22,7
1,2,1,11,29,22,29,22,29,0.0004362,0.0063615,0,22,7
2,2,0,20,53,14,18,26,26,0.0008118,0.011296,0,20,6
3,4,0,18.75,99,14,14,26,26,0.0017966,0.0249803,0,18,6
4,8,0,17.75,187,14,14,26,26,0.0025878,0.0388101,0,17,5
5,16,0,15.5625,326,11,11,26,26,0.0041357,0.0713231,0,15,4
6,32,0,15.125,636,10,10,26,26,0.0068243,0.127388,0,15,4
7,64,0,14.0625,1184,7,7,23,23,0.0120558,0.235522,0,14,4
8,128,0,13.125,2208,4,4,23,23,0.0220033,0.45123,0,13,4
9,256,0,11.8438,3968,4,4,23,23,0.0344339,0.776298,0,11,3
10,268,0,11.0299,3845,4,4,23,23,0.0323135,0.840804,0,11,3
11,250,0,9.624,3086,4,4,24,24,0.0233181,0.640975,0,9,2
12,122,0,9.70492,1524,7,7,17,17,0.0109625,0.326098,0,9,2
13,190,61,6.8,1662,7,7,17,17,0.0121798,0.326683,0,10,2
14,230,0,10.0696,2978,7,7,17,17,0.0220159,0.560884,0,10,2
15,378,94,7.64286,3710,7,7,17,17,0.0277417,0.711482,0,10,2
16,502,175,6.6494,4282,7,7,17,17,0.0327407,0.822294,0,10,2
17,608,150,7.61513,5938,7,7,17,17,0.0452529,1.13755,0,10,2
18,770,199,7.52468,7418,4,4,17,17,0.0585561,1.41332,0,10,2
19,968,204,7.91736,9795,4,4,17,17,0.0757762,1.82105,0,10,2
20,1200,258,7.88333,12075,4,4,17,17,0.0951731,2.23371,0,10,2
21,1492,330,7.7996,14847,4,4,17,17,0.116676,2.7473,0,10,2
22,1774,332,7.89346,17868,4,4,17,17,0.141228,3.32279,0,9,2
23,1968,280,7.9563,19981,4,4,17,17,0.149686,3.73965,0,9,2
24,2136,234,7.95272,21673,4,4,17,17,0.158592,4.09231,0,8,2
25,2178,192,7.91001,21982,4,4,17,17,0.156482,4.21367,0,8,2
26,2144,150,7.87127,21535,4,4,17,17,0.148455,4.12932,0,8,2
27,2120,117,7.80472,21115,4,4,16,16,0.138414,4.0794,0,8,2
28,2048,83,7.73438,20216,4,4,16,16,0.128188,3.94306,0,8,2
29,1934,56,7.62151,18811,4,4,13,13,0.118623,3.7667,0,7,2
30,1836,28,7.55229,17695,4,4,13,13,0.105358,3.50659,0,7,2
31,1776,10,7.51464,17030,4,4,13,13,0.0990914,3.36542,0,7,2
32,1648,8,7.34587,15444,4,4,13,13,0.0884222,3.08339,0,7,2
33,1566,5,7.19987,14381,4,4,13,13,0.0779654,2.84814,0,7,1
34,1512,4,7.07738,13646,4,4,13,13,0.0737006,2.75926,0,7,1
35,1452,5,6.93802,12843,4,4,13,13,0.0650885,2.58207,0,6,1
36,1386,6,6.78066,11978,4,4,11,11,0.0597268,2.42209,0,6,1
37,1346,6,6.66048,11424,4,4,11,11,0.0544832,2.30587,0,6,1
38,1312,6,6.52744,10911,4,4,11,11,0.0518757,2.23023,0,6,1
39,1288,5,6.40683,10511,4,4,11,11,0.0470651,2.12107,0,6,1
40,1260,4,6.26984,10060,4,4,11,11,0.0434425,2.04148,0,6,1
41,1232,4,6.13393,9621,4,4,11,11,0.0389895,1.97357,0,6,1
42,1222,4,6.04173,9398,4,4,11,11,0.0361906,1.76172,0,6,1
43,1216,4,5.94655,9203,4,4,11,11,0.0347745,1.72667,0,5,1
44,1202,4,5.85441,8954,4,4,11,11,0.0336567,1.72245,0,5,1
45,1182,4,5.75381,8652,4,4,11,11,0.029032,1.58098,0,5,1
46,1186,4,5.69983,8599,4,4,11,11,0.0279189,1.56328,0,5,1
47,1186,4,5.65008,8524,4,4,11,11,0.0283973,1.59598,0,5,1
48,1172,4,5.5657,8297,4,4,11,11,0.0257386,1.50703,0,5,1
49,1162,4,5.51377,8148,4,4,8,9,0.0253903,1.52224,0,5,1
50,1162,4,5.50861,8140,4,4,8,9,0.0244141,1.49534,0,5,1
51,1160,2,5.51552,8136,4,4,8,9,0.0238841,1.46976,0,5,1
52,1156,0,5.52249,8118,4,4,8,9,0.024615,1.46549,0,5,1
53,1156,0,5.52249,8118,4,4,8,9,0.0243644,1.47092,0,5,1
54,1154,0,5.52253,8104,4,4,8,9,0.026536,1.5273,0,5,1
55,1148,0,5.51742,8054,4,4,8,9,0.0256414,1.50322,0,5,1
56,1140,0,5.52018,8002,4,4,8,9,0.0240979,1.44173,0,5,1
57,1138,0,5.52285,7992,4,4,8,9,0.0235651,1.43863,0,5,1
58,1138,0,5.52285,7992,4,4,8,9,0.0236524,1.46012,0,5,1
59,1132,0,5.52297,7950,4,4,8,9,0.0248712,1.47265,0,5,1
60,1130,0,5.51239,7920,4,4,8,9,0.0238604,1.43397,0,5,1
61,1120,0,5.48839,7814,4,4,8,9,0.0229433,1.41507,0,5,1
62,1094,0,5.48263,7624,4,4,8,9,0.0224012,1.38547,0,5,1
63,1064,0,5.48778,7422,4,4,8,9,0.0218006,1.32881,0,5,1
64,1038,0,5.48748,7240,4,4,8,9,0.0210967,1.30222,0,5,1
65,1012,0,5.48715,7058,4,4,8,9,0.0213718,1.30853,0,5,1
66,986,0,5.48986,6880,4,4,8,9,0.0205576,1.25455,0,5,1
67,958,0,5.49269,6688,4,4,8,9,0.019754,1.2139,0,5,1
68,932,0,5.49571,6510,4,4,8,9,0.0192141,1.18132,0,5,1
69,912,0,5.4989,6374,4,4,8,9,0.0185058,1.15583,0,5,1
70,892,0,5.49888,6234,4,4,8,9,0.0184298,1.14877,0,5,1
71,872,0,5.49885,6094,4,4,8,9,0.018241,1.1176,0,5,1
72,854,0,5.50234,5972,4,4,8,9,0.0174957,1.1094,0,5,1
73,838,0,5.50597,5864,4,4,8,9,0.0178307,1.10247,0,5,1
74,822,0,5.50608,5752,4,4,8,9,0.0181983,1.10887,0,5,1
75,802,0,5.50623,5612,4,4,8,9,0.0173573,1.10032,0,5,1
76,786,0,5.50636,5500,4,4,8,9,0.0160519,1.00383,0,5,1
77,770,0,5.50649,5388,4,4,8,9,0.01564,0.986558,0,5,1
78,752,0,5.50266,5258,4,4,8,9,0.0148523,0.955223,0,5,1
79,730,0,5.49863,5100,4,4,8,9,0.0149637,0.929862,0,5,1
80,712,0,5.47753,4954,4,4,8,9,0.0142281,0.910994,0,5,1
81,684,0,5.45906,4742,4,4,8,9,0.0140682,0.862581,0,5,1
82,648,0,5.4892,4518,4,4,8,9,0.0134049,0.812937,0,5,1
83,626,0,5.48882,4364,4,4,8,9,0.0135966,0.799504,0,5,1
84,604,0,5.48841,4210,4,4,8,9,0.0128992,0.775524,0,5,1
85,574,0,5.4878,4000,4,4,8,9,0.0123117,0.734421,0,5,1
86,548,0,5.48723,3818,4,4,8,9,0.0121106,0.717219,0,5,1
87,526,0,5.4924,3668,4,4,8,9,0.0102919,0.676911,0,5,1
88,504,0,5.50397,3522,4,4,8,9,0.0101088,0.659717,0,5,1
89,482,0,5.4917,3360,4,4,8,8,0.0097358,0.626338,0,5,1
90,460,0,5.4587,3186,4,4,8,8,0.0089939,0.58714,0,5,1
91,430,0,5.44186,2968,4,4,8,8,0.0082337,0.540046,0,5,1
92,396,0,5.44444,2734,4,4,8,8,0.0076458,0.499075,0,5,1
93,364,0,5.4478,2514,4,4,8,8,0.0067487,0.462168,0,5,1
94,334,0,5.4521,2308,4,4,8,8,0.0065116,0.421397,0,5,1
95,306,0,5.47712,2124,4,4,8,8,0.0063786,0.417462,0,5,1
96,276,0,5.45652,1909,4,4,8,8,0.0057957,0.382083,0,5,1
97,238,0,5.36134,1619,4,4,8,8,0.0045839,0.320422,0,5,1
98,210,0,5.37619,1433,4,4,8,8,0.0036868,0.266335,0,5,1
99,188,0,5.40957,1291,4,4,8,8,0.003299,0.240272,0,5,1
100,172,0,5.40116,1179,4,4,8,8,0.003075,0.231873,0,5,1
101,156,0,5.41026,1071,4,4,8,8,0.0027353,0.202628,0,5,1
102,142,0,5.40141,973,4,4,8,8,0.0024758,0.180722,0,5,1
103,128,0,5.39062,875,4,4,8,8,0.0022237,0.161918,0,5,1
104,114,0,5.37719,777,4,4,8,8,0.0020623,0.144554,0,5,1
105,100,0,5.36,679,4,4,8,8,0.0018145,0.126625,0,5,1
106,86,0,5.40698,589,4,4,8,8,0.0015303,0.111329,0,5,1
107,76,0,5.43421,523,4,4,8,8,0.0013174,0.0981083,0,5,1
108,68,0,5.42647,467,4,4,8,8,0.0011812,0.0876149,0,5,1
109,60,0,5.41667,411,4,4,8,8,0.0010648,0.0781135,0,5,1
110,52,0,5.46154,359,4,4,8,8,0.0009792,0.0736497,0,5,1
111,46,0,5.36957,312,4,4,8,8,0.0007429,0.0575452,0,5,1
112,38,0,5.31579,255,4,4,8,8,0.0005849,0.0468449,0,5,1
113,30,0,5.23333,198,4,4,8,8,0.000448,0.035699,0,5,1
114,22,0,4.90909,136,4,4,8,8,0.0002581,0.0243266,0,4,1
115,12,0,4.58333,69,4,4,8,8,7.94e-05,0.0114092,0,4,1
116,4,0,4,20,4,4,4,5,0,0.0031368,0,4,1
