depth,nbNodes,nbInfeas,avgFacet,avgVertex,minFacet,minVertex,maxFacet,maxVertex,cpuUpdatePoly,cpuDepth,avgFeasVtx,avgNewFacets,avgVtxNoRay
0,1,0,22,26,22,26,22,26,0.0004838,0.007533,0,22,5
1,2,1,11,26,22,26,22,26,0.0011675,0.0069636,0,22,5
2,2,0,18.5,43,13,16,24,24,0.002693,0.0115264,0,18,4
3,4,0,16.5,76,9,11,24,24,0.0041074,0.0187526,0,16,3
4,8,0,13.75,127,9,9,24,24,0.0051178,0.0258126,1,12,2
5,16,0,10.375,198,5,5,22,22,0.0061211,0.0388779,1,9,2
6,20,0,10.5,249,5,5,22,22,0.0039447,0.0243554,1,4,2
7,28,5,8.60714,284,5,5,22,22,0.00366,0.0255444,1,3,2
8,38,4,9.15789,409,5,5,22,22,0.005619,0.038995,1,4,2
9,60,8,8.4,592,5,5,22,22,0.0073169,0.0521414,1,3,2
10,82,9,8.10976,779,5,5,22,22,0.0082363,0.0628876,1,3,1
11,106,6,8.16981,1013,5,5,22,22,0.0095905,0.0772327,1,3,1
12,132,5,8.09848,1251,5,5,22,22,0.0108281,0.0938395,1,3,1
13,160,4,8.0375,1503,5,5,22,22,0.0125331,0.117447,1,3,1
14,192,4,7.97917,1789,5,5,22,22,0.0143789,0.138696,1,2,1
15,228,3,7.9693,2121,5,5,22,22,0.0169737,0.166283,1,2,1
16,266,2,7.86466,2441,5,5,15,15,0.0174973,0.186505,1,2,1
17,310,2,7.84516,2837,5,5,15,15,0.0200419,0.217129,1,2,1
18,352,2,7.77273,3196,5,5,15,15,0.0215505,0.24202,1,2,1
19,372,2,7.58065,3308,5,5,15,15,0.0191345,0.240315,2,2,1
20,374,2,7.49733,3292,5,5,15,15,0.0182576,0.238812,2,2,1
21,374,2,7.45989,3276,5,5,15,15,0.0174418,0.237357,2,2,1
22,376,2,7.45745,3293,5,5,15,15,0.0177364,0.236726,2,2,1
23,372,2,7.44624,3256,5,5,15,15,0.0174523,0.234861,2,2,1
24,372,2,7.44086,3255,5,5,15,15,0.0174125,0.236507,2,2,1
25,374,2,7.4385,3272,5,5,15,15,0.0176047,0.236057,2,2,1
26,378,2,7.43915,3307,5,5,15,15,0.0178273,0.238948,2,2,1
27,376,2,7.43085,3288,5,5,15,15,0.01776,0.239062,2,2,1
28,374,2,7.42246,3269,5,5,15,15,0.0178244,0.236894,2,2,1
29,374,2,7.41711,3268,5,5,15,15,0.017957,0.243135,2,2,1
30,370,2,7.40541,3231,5,5,15,15,0.0184755,0.24769,2,2,1
31,366,2,7.40984,3197,5,5,15,15,0.0185891,0.250201,2,2,1
32,350,2,7.35429,3036,5,5,11,11,0.0171988,0.239237,2,2,1
33,340,2,7.32941,2939,5,5,11,11,0.0157739,0.226419,2,2,1
34,322,0,7.36025,2795,5,5,11,11,0.0145288,0.20938,2,2,1
35,304,0,7.35526,2638,5,5,11,11,0.0137819,0.198492,2,2,1
36,292,0,7.35616,2531,5,5,11,11,0.0134941,0.195635,2,2,1
37,272,0,7.36765,2362,5,5,11,11,0.0122295,0.177523,2,2,1
38,256,0,7.36719,2223,5,5,11,11,0.0115537,0.170529,2,2,1
39,244,0,7.38525,2121,5,5,11,11,0.0108234,0.160155,2,2,1
40,230,0,7.3913,2000,5,5,11,11,0.0103148,0.15041,2,2,1
41,214,0,7.40187,1862,5,5,11,11,0.0094193,0.140511,2,2,1
42,202,0,7.40594,1758,5,5,11,11,0.0094713,0.139084,2,2,1
43,190,0,7.42105,1655,5,5,11,11,0.0092201,0.136543,2,2,1
44,184,0,7.42391,1603,5,5,11,11,0.0087814,0.129857,2,2,1
45,168,0,7.41667,1463,5,5,11,11,0.0073664,0.112249,2,2,1
46,164,0,7.42683,1429,5,5,11,11,0.0071466,0.11124,2,2,1
47,158,0,7.44304,1378,5,5,11,11,0.0069304,0.109289,2,2,1
48,146,0,7.43836,1273,5,5,11,11,0.0064656,0.0992453,2,2,1
49,140,0,7.45714,1222,5,5,11,11,0.006411,0.0995372,2,2,1
50,138,0,7.42029,1199,5,5,11,11,0.0063139,0.0946212,2,2,1
51,130,0,7.4,1125,5,5,11,11,0.0058029,0.0884064,2,2,1
52,124,0,7.37097,1068,5,5,11,11,0.0056556,0.0834157,2,2,1
53,116,0,7.41379,1004,5,5,11,11,0.0052494,0.0791939,2,2,1
54,112,0,7.42857,970,5,5,11,11,0.0050065,0.0748285,2,2,1
55,108,0,7.44444,936,5,5,11,11,0.0051891,0.0762766,2,2,1
56,102,0,7.39216,878,5,5,11,11,0.0045447,0.068546,2,2,1
57,96,0,7.33333,820,5,5,11,11,0.0042886,0.0641336,2,2,1
58,88,0,7.43182,761,5,5,11,11,0.0045806,0.0663535,2,2,1
59,84,0,7.42857,726,5,5,11,11,0.0042113,0.0624719,2,2,1
60,80,0,7.425,691,5,5,11,11,0.003717,0.0558367,2,2,1
61,76,0,7.42105,656,5,5,11,11,0.0034791,0.0531346,2,2,1
62,72,0,7.41667,621,5,5,11,11,0.0033496,0.0497519,2,2,1
63,68,0,7.41176,586,5,5,11,11,0.0030781,0.0468936,2,2,1
64,64,0,7.40625,551,5,5,11,11,0.0029922,0.0454818,2,2,1
65,60,0,7.4,516,5,5,11,11,0.0028252,0.0418608,2,2,1
66,56,0,7.39286,481,5,5,11,11,0.002579,0.0396306,2,2,1
67,52,0,7.38462,446,5,5,11,11,0.0023613,0.0362845,2,2,1
68,48,0,7.29167,406,5,5,11,11,0.0022523,0.0329097,2,2,1
69,42,0,7.38095,359,5,5,11,11,0.0019136,0.0297282,2,2,1
70,38,0,7.36842,324,5,5,11,11,0.0020359,0.0319695,2,2,1
71,34,0,7.35294,289,5,5,11,11,0.0016591,0.0257466,2,2,1
72,30,0,7.33333,254,5,5,11,11,0.001353,0.0208071,2,2,1
73,26,0,7.30769,219,5,5,11,11,0.0012039,0.018998,2,2,1
74,22,0,7.09091,179,5,5,11,11,0.0010295,0.0147362,2,2,1
75,16,0,7.25,132,5,5,11,11,0.0006736,0.0107574,2,2,1
76,12,0,7.5,102,5,5,11,11,0.0005461,0.0088665,2,2,1
77,10,0,7.4,84,5,5,11,11,0.0004251,0.0068206,2,2,1
78,8,0,7.25,66,5,5,11,11,0.0003464,0.005644,2,2,1
79,6,0,7,48,5,5,11,11,0.0002479,0.0041248,2,2,1
80,4,0,6.5,30,5,5,11,11,0.0001694,0.0024897,2,2,1
81,2,0,5,12,5,5,5,6,6.69e-05,0.0009956,3,2,1
