depth,nbNodes,nbInfeas,avgFacet,avgVertex,minFacet,minVertex,maxFacet,maxVertex,cpuUpdatePoly,cpuDepth,avgFeasVtx,avgNewFacets,avgVtxNoRay,avgFacetsNoRay,avgNewFacetsNoRay
0,1,0,17,23,17,23,17,23,0.0001513,0.0058502,0,17,10,4,4
1,2,0,12,16.5,11,13,13,14,0.000203,0.0028666,3,7,6,2,1
2,4,0,9.5,13.25,7,7,13,13,0.0004832,0.0075662,2,6,4,1,0
3,8,0,7.375,10.375,5,5,12,12,0.0004265,0.0074828,1,4,3,0,0
4,14,0,4.85714,6.78571,3,3,7,7,0.0006791,0.0109298,1,3,1,0,0
5,20,1,3.73684,5.10526,3,3,7,7,0.0006795,0.0125164,0,3,1,0,0
6,22,2,3.7,5.05,3,3,5,5,0.0005106,0.0116684,0,3,1,0,0
7,10,1,3.22222,4.33333,3,3,5,5,0.0003623,0.0070343,0,3,1,0,0
8,6,1,3,4,3,3,3,4,9.52e-05,0.0024773,0,2,1,0,0
