depth,nbNodes,nbInfeas,avgFacet,avgVertex,minFacet,minVertex,maxFacet,maxVertex,cpuUpdatePoly,cpuDepth,avgFeasVtx,avgNewFacets,avgVtxNoRay,avgFacetsNoRay,avgNewFacetsNoRay
0,1,0,14,20,14,20,14,20,0.0001231,0.00533,0,14,7,1,1
1,2,0,8,11.5,7,9,9,10,9.28e-05,0.003267,0,8,4,0,0
2,4,0,6.5,9.25,3,4,9,9,0.0001549,0.005141,0,6,3,0,0
3,6,0,4.33333,6,3,3,7,7,0.000135,0.0065565,0,4,1,0,0
4,12,1,3.90909,5.36364,3,3,7,7,9.88e-05,0.0075576,0,3,1,0,0
5,10,1,4.55556,6.33333,3,3,9,9,0.0001877,0.0105643,0,4,1,0,0
6,6,0,4.33333,6,3,3,7,7,6.61e-05,0.0044221,0,4,1,0,0
7,2,0,3,4,3,3,3,4,0,0.0010007,0,3,1,0,0
8,2,1,3,4,3,4,3,4,0,0.0006218,0,3,1,0,0
