depth,nbNodes,nbInfeas,avgFacet,avgVertex,minFacet,minVertex,maxFacet,maxVertex,cpuUpdatePoly,cpuDepth,avgFeasVtx,avgNewFacets,avgVtxNoRay
0,1,0,45,57,45,57,45,57,0.0024926,0.0164149,0,45,11
1,2,0,21,49,15,17,27,27,0.0027568,0.0101041,3,13,4
2,4,0,13,64,5,6,21,21,0.0013954,0.0078622,3,10,3
3,6,0,16.6667,115,5,5,33,33,0.0057658,0.024359,3,16,3
4,8,1,14.375,128,5,5,29,29,0.0045102,0.0201617,2,12,3
5,8,1,9.875,91,5,5,25,25,0.0022991,0.0167394,0,10,2
6,6,1,8.16667,57,5,5,15,15,0.0014984,0.009403,0,7,2
7,6,1,7.16667,51,5,5,15,15,0.0010951,0.0081583,2,7,1
8,2,1,2.5,6,5,6,5,6,5.89e-05,0.0009127,0,5,1
