depth,nbNodes,nbInfeas,avgFacet,avgVertex,minFacet,minVertex,maxFacet,maxVertex,cpuUpdatePoly,cpuDepth,avgFeasVtx,avgNewFacets,avgVtxNoRay,avgFacetsNoRay,avgNewFacetsNoRay
0,1,0,77,91,77,91,77,91,0.0050685,0.0228481,0,77,20,0,0
1,2,0,49.5,62.5,42,53,57,57,0.0062556,0.0193839,8,30,13,0,0
2,4,0,36,45,19,20,45,45,0.0098427,0.0306506,5,24,9,0,0
3,8,0,20.125,25.25,5,6,30,30,0.0076323,0.0282325,3,11,5,0,0
4,14,0,12.4286,15.7857,5,5,21,21,0.0057798,0.0288676,1,8,3,0,0
5,24,2,9.36364,11.4545,5,5,17,17,0.0052772,0.0372932,1,7,2,0,0
6,24,3,6.33333,7.66667,5,5,13,13,0.0024397,0.0229721,1,5,1,0,0
7,20,6,5,6,5,5,5,6,0.0021087,0.0240404,0,5,1,0,0
8,6,3,5,6,5,5,5,6,0.000216,0.0030791,0,5,1,0,0
