depth,nbNodes,nbInfeas,avgFacet,avgVertex,minFacet,minVertex,maxFacet,maxVertex,cpuUpdatePoly,cpuDepth,avgFeasVtx,avgNewFacets,avgVtxNoRay,avgFacetsNoRay,avgNewFacetsNoRay
0,1,0,11,13,11,13,11,13,0.0001359,0.0044871,0,11,3,0,0
1,2,0,10.5,13.5,8,10,13,13,0.0002137,0.0041168,0,10,3,0,0
2,4,0,9,11.5,4,5,14,14,0.0003243,0.0063621,0,9,2,0,0
3,8,0,7.75,9.875,4,4,11,11,0.000528,0.013952,0,7,2,0,0
4,8,0,7,8.875,4,4,14,14,0.0004575,0.0105036,0,7,1,0,0
5,4,1,5,6.33333,4,4,7,7,3.43e-05,0.0024906,0,5,1,0,0
6,4,1,6.33333,8,4,4,11,11,0.0001174,0.0033182,0,6,1,0,0
7,2,0,8,10,8,8,8,10,0.0001146,0.002735,0,8,2,0,0
8,2,0,4,5,4,4,4,5,0,0.0014013,0,4,1,0,0
